,ID,Type,Date,Time,Source,Latitude,Longitude
0,5D39700,Multiple_Gunshots,2014-01-01,00:00:02,WashingtonDC5D,38.917,-77.012
1,5D39701,Multiple_Gunshots,2014-01-01,00:00:06,WashingtonDC5D,38.917,-77.002
2,5D39702,Multiple_Gunshots,2014-01-01,00:00:07,WashingtonDC5D,38.917,-76.987
3,7D119445,Multiple_Gunshots,2014-01-01,00:00:10,WashingtonDC7D,38.823,-77.0
4,1D55993,Multiple_Gunshots,2014-01-01,00:00:10,WashingtonDC1D,38.893,-76.993
5,4D34326,Multiple_Gunshots,2014-01-01,00:00:11,WashingtonDC4D,38.94,-77.026
6,6D102264,Multiple_Gunshots,2014-01-01,00:00:12,WashingtonDC6D,38.89,-76.938
7,7D119446,Multiple_Gunshots,2014-01-01,00:00:13,WashingtonDC7D,38.848,-76.989
8,4D34327,Multiple_Gunshots,2014-01-01,00:00:22,WashingtonDC4D,38.958,-77.029
9,6D102265,Single_Gunshot,2014-01-01,00:00:24,WashingtonDC6D,38.892,-76.942
10,5D39703,Single_Gunshot,2014-01-01,00:00:24,WashingtonDC5D,38.92,-76.983
11,6D102266,Single_Gunshot,2014-01-01,00:00:26,WashingtonDC6D,38.893,-76.93
12,4D34328,Single_Gunshot,2014-01-01,00:00:26,WashingtonDC4D,38.949,-77.024
13,1D55994,Single_Gunshot,2014-01-01,00:00:29,WashingtonDC1D,38.898,-76.985
14,7D119448,Multiple_Gunshots,2014-01-01,00:00:33,WashingtonDC7D,38.842,-77.001
15,4D34329,Multiple_Gunshots,2014-01-01,00:00:37,WashingtonDC4D,38.942,-77.032
16,5D39704,Multiple_Gunshots,2014-01-01,00:00:39,WashingtonDC5D,38.916,-77.005
17,7D119449,Single_Gunshot,2014-01-01,00:00:41,WashingtonDC7D,38.861,-76.99
18,1D55995,Single_Gunshot,2014-01-01,00:00:43,WashingtonDC1D,38.898,-76.98
19,6D102269,Multiple_Gunshots,2014-01-01,00:00:44,WashingtonDC6D,38.889,-76.942
20,4D34331,Multiple_Gunshots,2014-01-01,00:00:44,WashingtonDC4D,38.942,-77.032
21,6D102270,Multiple_Gunshots,2014-01-01,00:00:49,WashingtonDC6D,38.893,-76.937
22,7D119450,Multiple_Gunshots,2014-01-01,00:00:55,WashingtonDC7D,38.848,-76.976
23,4D34333,Multiple_Gunshots,2014-01-01,00:00:55,WashingtonDC4D,38.942,-77.031
24,1D55996,Multiple_Gunshots,2014-01-01,00:00:55,WashingtonDC1D,38.905,-76.986
25,6D102272,Multiple_Gunshots,2014-01-01,00:00:56,WashingtonDC6D,38.892,-76.942
26,3D43267,Single_Gunshot,2014-01-01,00:00:56,WashingtonDC3D,38.923,-77.028
27,3D43268,Multiple_Gunshots,2014-01-01,00:01:00,WashingtonDC3D,38.934,-77.035
28,6D102273,Multiple_Gunshots,2014-01-01,00:01:06,WashingtonDC6D,38.891,-76.939
29,5D39706,Multiple_Gunshots,2014-01-01,00:01:06,WashingtonDC5D,38.92,-77.008
30,1D55997,Multiple_Gunshots,2014-01-01,00:01:11,WashingtonDC1D,38.897,-76.983
31,4D34336,Multiple_Gunshots,2014-01-01,00:01:14,WashingtonDC4D,38.935,-77.023
32,7D119451,Multiple_Gunshots,2014-01-01,00:01:16,WashingtonDC7D,38.839,-76.995
33,5D39707,Multiple_Gunshots,2014-01-01,00:01:16,WashingtonDC5D,38.92,-76.983
34,3D43269,Single_Gunshot,2014-01-01,00:01:18,WashingtonDC3D,38.923,-77.029
35,5D39708,Multiple_Gunshots,2014-01-01,00:01:23,WashingtonDC5D,38.925,-76.997
36,6D102274,Single_Gunshot,2014-01-01,00:01:24,WashingtonDC6D,38.891,-76.948
37,4D34337,Multiple_Gunshots,2014-01-01,00:01:26,WashingtonDC4D,38.935,-77.023
38,5D39709,Multiple_Gunshots,2014-01-01,00:01:29,WashingtonDC5D,38.922,-76.988
39,7D119452,Single_Gunshot,2014-01-01,00:01:31,WashingtonDC7D,38.861,-76.99
40,7D119453,Multiple_Gunshots,2014-01-01,00:01:36,WashingtonDC7D,38.857,-76.973
41,3D43270,Single_Gunshot,2014-01-01,00:01:37,WashingtonDC3D,38.923,-77.029
42,7D119454,Multiple_Gunshots,2014-01-01,00:01:39,WashingtonDC7D,38.846,-76.983
43,5D39710,Gunshot_or_Firecracker,2014-01-01,00:01:42,WashingtonDC5D,38.92,-76.984
44,6D102279,Multiple_Gunshots,2014-01-01,00:01:51,WashingtonDC6D,38.891,-76.944
45,5D39711,Multiple_Gunshots,2014-01-01,00:01:54,WashingtonDC5D,38.909,-76.985
46,3D43272,Gunshot_or_Firecracker,2014-01-01,00:01:58,WashingtonDC3D,38.935,-77.022
47,5D39712,Multiple_Gunshots,2014-01-01,00:01:59,WashingtonDC5D,38.913,-76.986
48,6D102280,Multiple_Gunshots,2014-01-01,00:02:00,WashingtonDC6D,38.892,-76.942
49,4D34339,Multiple_Gunshots,2014-01-01,00:02:04,WashingtonDC4D,38.942,-77.032
50,1D55998,Single_Gunshot,2014-01-01,00:02:04,WashingtonDC1D,38.897,-76.977
51,6D102282,Multiple_Gunshots,2014-01-01,00:02:05,WashingtonDC6D,38.892,-76.942
52,5D39713,Single_Gunshot,2014-01-01,00:02:07,WashingtonDC5D,38.924,-76.984
53,7D119455,Single_Gunshot,2014-01-01,00:02:08,WashingtonDC7D,38.86,-76.99
54,6D102283,Single_Gunshot,2014-01-01,00:02:09,WashingtonDC6D,38.913,-76.937
55,3D43273,Multiple_Gunshots,2014-01-01,00:02:10,WashingtonDC3D,38.934,-77.035
56,4D34340,Multiple_Gunshots,2014-01-01,00:02:12,WashingtonDC4D,38.934,-77.036
57,6D102284,Multiple_Gunshots,2014-01-01,00:02:14,WashingtonDC6D,38.909,-76.93
58,7D119456,Single_Gunshot,2014-01-01,00:02:15,WashingtonDC7D,38.844,-76.979
59,3D43274,Single_Gunshot,2014-01-01,00:02:16,WashingtonDC3D,38.919,-77.029
60,4D34341,Single_Gunshot,2014-01-01,00:02:26,WashingtonDC4D,38.948,-77.025
61,7D119457,Single_Gunshot,2014-01-01,00:02:32,WashingtonDC7D,38.844,-76.979
62,5D39714,Single_Gunshot,2014-01-01,00:02:33,WashingtonDC5D,38.92,-76.983
63,4D34342,Single_Gunshot,2014-01-01,00:02:39,WashingtonDC4D,38.951,-77.022
64,1D55999,Single_Gunshot,2014-01-01,00:02:39,WashingtonDC1D,38.897,-76.977
65,5D39715,Gunshot_or_Firecracker,2014-01-01,00:02:44,WashingtonDC5D,38.92,-76.983
66,5D39717,Multiple_Gunshots,2014-01-01,00:02:57,WashingtonDC5D,38.923,-76.988
67,7D119458,Single_Gunshot,2014-01-01,00:02:58,WashingtonDC7D,38.863,-76.987
68,6D102289,Single_Gunshot,2014-01-01,00:02:59,WashingtonDC6D,38.863,-76.987
69,7D119459,Single_Gunshot,2014-01-01,00:03:01,WashingtonDC7D,38.841,-76.993
70,4D34343,Single_Gunshot,2014-01-01,00:03:02,WashingtonDC4D,38.942,-77.032
71,5D39718,Single_Gunshot,2014-01-01,00:03:03,WashingtonDC5D,38.923,-76.988
72,3D43275,Single_Gunshot,2014-01-01,00:03:04,WashingtonDC3D,38.942,-77.032
73,5D39719,Gunshot_or_Firecracker,2014-01-01,00:03:08,WashingtonDC5D,38.923,-76.988
74,7D119460,Multiple_Gunshots,2014-01-01,00:03:12,WashingtonDC7D,38.859,-77.0
75,4D34344,Single_Gunshot,2014-01-01,00:03:14,WashingtonDC4D,38.951,-77.012
76,3D43277,Multiple_Gunshots,2014-01-01,00:03:25,WashingtonDC3D,38.915,-77.025
77,5D39721,Gunshot_or_Firecracker,2014-01-01,00:03:26,WashingtonDC5D,38.914,-77.003
78,1D56003,Multiple_Gunshots,2014-01-01,00:03:31,WashingtonDC1D,38.894,-76.972
79,1D56004,Multiple_Gunshots,2014-01-01,00:03:34,WashingtonDC1D,38.907,-76.978
80,5D39722,Multiple_Gunshots,2014-01-01,00:03:39,WashingtonDC5D,38.923,-77.003
81,4D34346,Single_Gunshot,2014-01-01,00:03:41,WashingtonDC4D,38.951,-77.005
82,3D43278,Multiple_Gunshots,2014-01-01,00:03:43,WashingtonDC3D,38.915,-77.025
83,4D34347,Single_Gunshot,2014-01-01,00:03:44,WashingtonDC4D,38.948,-77.025
84,6D102293,Multiple_Gunshots,2014-01-01,00:03:45,WashingtonDC6D,38.902,-76.935
85,4D34348,Multiple_Gunshots,2014-01-01,00:03:48,WashingtonDC4D,38.934,-77.035
86,3D43279,Multiple_Gunshots,2014-01-01,00:03:48,WashingtonDC3D,38.934,-77.035
87,1D56005,Single_Gunshot,2014-01-01,00:03:50,WashingtonDC1D,38.907,-76.978
88,4D34349,Multiple_Gunshots,2014-01-01,00:03:58,WashingtonDC4D,38.953,-77.023
89,6D102295,Gunshot_or_Firecracker,2014-01-01,00:04:00,WashingtonDC6D,38.899,-76.943
90,4D34350,Single_Gunshot,2014-01-01,00:04:00,WashingtonDC4D,38.952,-77.02
91,3D43280,Single_Gunshot,2014-01-01,00:04:00,WashingtonDC3D,38.939,-77.033
92,1D56006,Multiple_Gunshots,2014-01-01,00:04:00,WashingtonDC1D,38.904,-76.984
93,1D56007,Multiple_Gunshots,2014-01-01,00:04:05,WashingtonDC1D,38.896,-76.99
94,4D34351,Multiple_Gunshots,2014-01-01,00:04:07,WashingtonDC4D,38.948,-77.019
95,4D34352,Multiple_Gunshots,2014-01-01,00:04:13,WashingtonDC4D,38.942,-77.032
96,4D34353,Multiple_Gunshots,2014-01-01,00:04:26,WashingtonDC4D,38.962,-77.021
97,5D39726,Gunshot_or_Firecracker,2014-01-01,00:04:28,WashingtonDC5D,38.915,-77.002
98,5D39727,Multiple_Gunshots,2014-01-01,00:04:33,WashingtonDC5D,38.925,-77.006
99,4D34354,Gunshot_or_Firecracker,2014-01-01,00:04:34,WashingtonDC4D,38.94,-77.017
100,6D102298,Single_Gunshot,2014-01-01,00:04:50,WashingtonDC6D,38.882,-76.931
101,4D34355,Multiple_Gunshots,2014-01-01,00:04:50,WashingtonDC4D,38.949,-77.02
102,6D102299,Single_Gunshot,2014-01-01,00:04:54,WashingtonDC6D,38.885,-76.928
103,5D39729,Single_Gunshot,2014-01-01,00:04:55,WashingtonDC5D,38.92,-76.983
104,4D34356,Single_Gunshot,2014-01-01,00:04:56,WashingtonDC4D,38.94,-77.017
105,6D102300,Multiple_Gunshots,2014-01-01,00:04:58,WashingtonDC6D,38.889,-76.915
106,3D43281,Multiple_Gunshots,2014-01-01,00:04:58,WashingtonDC3D,38.934,-77.035
107,4D34357,Multiple_Gunshots,2014-01-01,00:05:00,WashingtonDC4D,38.934,-77.035
108,6D102301,Multiple_Gunshots,2014-01-01,00:05:04,WashingtonDC6D,38.887,-76.951
109,4D34358,Multiple_Gunshots,2014-01-01,00:05:12,WashingtonDC4D,38.935,-77.022
110,3D43283,Multiple_Gunshots,2014-01-01,00:05:14,WashingtonDC3D,38.935,-77.022
111,6D102303,Multiple_Gunshots,2014-01-01,00:05:18,WashingtonDC6D,38.885,-76.928
112,4D34359,Single_Gunshot,2014-01-01,00:05:18,WashingtonDC4D,38.942,-77.032
113,1D56009,Gunshot_or_Firecracker,2014-01-01,00:05:19,WashingtonDC1D,38.9,-76.976
114,7D119462,Single_Gunshot,2014-01-01,00:05:22,WashingtonDC7D,38.863,-76.987
115,1D56010,Single_Gunshot,2014-01-01,00:05:26,WashingtonDC1D,38.894,-76.989
116,1D56011,Single_Gunshot,2014-01-01,00:05:32,WashingtonDC1D,38.893,-76.989
117,3D43284,Multiple_Gunshots,2014-01-01,00:05:33,WashingtonDC3D,38.934,-77.035
118,4D34360,Multiple_Gunshots,2014-01-01,00:05:34,WashingtonDC4D,38.934,-77.035
119,1D56012,Single_Gunshot,2014-01-01,00:05:39,WashingtonDC1D,38.894,-76.989
120,7D119463,Single_Gunshot,2014-01-01,00:05:43,WashingtonDC7D,38.842,-76.993
121,6D102306,Multiple_Gunshots,2014-01-01,00:05:43,WashingtonDC6D,38.882,-76.925
122,1D56013,Multiple_Gunshots,2014-01-01,00:05:48,WashingtonDC1D,38.899,-76.983
123,6D102307,Multiple_Gunshots,2014-01-01,00:05:50,WashingtonDC6D,38.881,-76.929
124,1D56014,Single_Gunshot,2014-01-01,00:05:55,WashingtonDC1D,38.897,-76.991
125,4D34361,Multiple_Gunshots,2014-01-01,00:05:58,WashingtonDC4D,38.941,-77.031
126,7D119464,Multiple_Gunshots,2014-01-01,00:06:02,WashingtonDC7D,38.839,-76.997
127,6D102309,Multiple_Gunshots,2014-01-01,00:06:03,WashingtonDC6D,38.897,-76.932
128,1D56015,Multiple_Gunshots,2014-01-01,00:06:05,WashingtonDC1D,38.908,-76.978
129,5D39730,Multiple_Gunshots,2014-01-01,00:06:07,WashingtonDC5D,38.936,-76.972
130,6D102311,Multiple_Gunshots,2014-01-01,00:06:09,WashingtonDC6D,38.882,-76.926
131,6D102313,Multiple_Gunshots,2014-01-01,00:06:14,WashingtonDC6D,38.892,-76.948
132,4D34362,Multiple_Gunshots,2014-01-01,00:06:15,WashingtonDC4D,38.948,-77.035
133,5D39731,Multiple_Gunshots,2014-01-01,00:06:16,WashingtonDC5D,38.936,-76.972
134,3D43286,Multiple_Gunshots,2014-01-01,00:06:18,WashingtonDC3D,38.933,-77.034
135,1D56016,Multiple_Gunshots,2014-01-01,00:06:20,WashingtonDC1D,38.908,-76.978
136,4D34363,Multiple_Gunshots,2014-01-01,00:06:21,WashingtonDC4D,38.933,-77.035
137,5D39732,Multiple_Gunshots,2014-01-01,00:06:22,WashingtonDC5D,38.92,-76.983
138,4D34364,Multiple_Gunshots,2014-01-01,00:06:24,WashingtonDC4D,38.933,-77.035
139,7D119465,Multiple_Gunshots,2014-01-01,00:06:26,WashingtonDC7D,38.857,-76.973
140,3D43287,Multiple_Gunshots,2014-01-01,00:06:27,WashingtonDC3D,38.933,-77.034
141,5D39733,Gunshot_or_Firecracker,2014-01-01,00:06:30,WashingtonDC5D,38.914,-77.003
142,3D43288,Multiple_Gunshots,2014-01-01,00:06:31,WashingtonDC3D,38.933,-77.034
143,6D102316,Multiple_Gunshots,2014-01-01,00:06:34,WashingtonDC6D,38.885,-76.93
144,3D43289,Multiple_Gunshots,2014-01-01,00:06:41,WashingtonDC3D,38.935,-77.022
145,6D102317,Gunshot_or_Firecracker,2014-01-01,00:06:43,WashingtonDC6D,38.886,-76.957
146,5D39734,Gunshot_or_Firecracker,2014-01-01,00:06:43,WashingtonDC5D,38.92,-76.983
147,4D34365,Single_Gunshot,2014-01-01,00:06:44,WashingtonDC4D,38.946,-77.038
148,7D119466,Multiple_Gunshots,2014-01-01,00:06:47,WashingtonDC7D,38.843,-76.995
149,6D102318,Multiple_Gunshots,2014-01-01,00:06:49,WashingtonDC6D,38.885,-76.957
150,1D56017,Multiple_Gunshots,2014-01-01,00:06:49,WashingtonDC1D,38.896,-76.99
151,4D34366,Single_Gunshot,2014-01-01,00:06:50,WashingtonDC4D,38.942,-77.032
152,3D43290,Single_Gunshot,2014-01-01,00:06:50,WashingtonDC3D,38.943,-77.033
153,5D39735,Multiple_Gunshots,2014-01-01,00:06:52,WashingtonDC5D,38.925,-77.006
154,1D56018,Single_Gunshot,2014-01-01,00:06:57,WashingtonDC1D,38.896,-76.99
155,7D119467,Single_Gunshot,2014-01-01,00:06:58,WashingtonDC7D,38.863,-76.987
156,1D56019,Single_Gunshot,2014-01-01,00:06:58,WashingtonDC1D,38.896,-76.99
157,1D56020,Multiple_Gunshots,2014-01-01,00:07:01,WashingtonDC1D,38.9,-76.976
158,5D39736,Multiple_Gunshots,2014-01-01,00:07:04,WashingtonDC5D,38.917,-77.01
159,4D34367,Multiple_Gunshots,2014-01-01,00:07:04,WashingtonDC4D,38.955,-77.015
160,6D102319,Single_Gunshot,2014-01-01,00:07:06,WashingtonDC6D,38.884,-76.935
161,4D34368,Single_Gunshot,2014-01-01,00:07:11,WashingtonDC4D,38.949,-77.022
162,1D56021,Multiple_Gunshots,2014-01-01,00:07:12,WashingtonDC1D,38.91,-76.985
163,5D39737,Gunshot_or_Firecracker,2014-01-01,00:07:16,WashingtonDC5D,38.917,-77.011
164,4D34369,Multiple_Gunshots,2014-01-01,00:07:18,WashingtonDC4D,38.94,-77.017
165,3D43292,Single_Gunshot,2014-01-01,00:07:19,WashingtonDC3D,38.933,-77.034
166,7D119468,Single_Gunshot,2014-01-01,00:07:20,WashingtonDC7D,38.863,-76.987
167,4D34370,Multiple_Gunshots,2014-01-01,00:07:22,WashingtonDC4D,38.939,-77.017
168,5D39738,Single_Gunshot,2014-01-01,00:07:24,WashingtonDC5D,38.92,-76.983
169,6D102322,Multiple_Gunshots,2014-01-01,00:07:25,WashingtonDC6D,38.909,-76.935
170,6D102323,Multiple_Gunshots,2014-01-01,00:07:26,WashingtonDC6D,38.907,-76.936
171,4D34371,Multiple_Gunshots,2014-01-01,00:07:26,WashingtonDC4D,38.939,-77.017
172,6D102325,Single_Gunshot,2014-01-01,00:07:30,WashingtonDC6D,38.884,-76.935
173,5D39739,Single_Gunshot,2014-01-01,00:07:34,WashingtonDC5D,38.924,-76.995
174,4D34372,Multiple_Gunshots,2014-01-01,00:07:36,WashingtonDC4D,38.94,-77.016
175,6D102327,Single_Gunshot,2014-01-01,00:07:40,WashingtonDC6D,38.882,-76.931
176,1D56022,Single_Gunshot,2014-01-01,00:07:41,WashingtonDC1D,38.896,-76.979
177,1D56023,Single_Gunshot,2014-01-01,00:07:49,WashingtonDC1D,38.897,-76.979
178,5D39740,Gunshot_or_Firecracker,2014-01-01,00:07:55,WashingtonDC5D,38.92,-76.983
179,4D34373,Single_Gunshot,2014-01-01,00:07:57,WashingtonDC4D,38.952,-77.023
180,7D119470,Multiple_Gunshots,2014-01-01,00:07:58,WashingtonDC7D,38.86,-77.001
181,3D43293,Single_Gunshot,2014-01-01,00:07:59,WashingtonDC3D,38.906,-77.017
182,6D102328,Multiple_Gunshots,2014-01-01,00:08:01,WashingtonDC6D,38.885,-76.957
183,7D119471,Multiple_Gunshots,2014-01-01,00:08:02,WashingtonDC7D,38.86,-77.001
184,5D39741,Multiple_Gunshots,2014-01-01,00:08:06,WashingtonDC5D,38.925,-76.998
185,6D102329,Multiple_Gunshots,2014-01-01,00:08:09,WashingtonDC6D,38.86,-77.001
186,7D119472,Multiple_Gunshots,2014-01-01,00:08:12,WashingtonDC7D,38.86,-77.001
187,4D34374,Single_Gunshot,2014-01-01,00:08:14,WashingtonDC4D,38.945,-77.023
188,3D43295,Multiple_Gunshots,2014-01-01,00:08:20,WashingtonDC3D,38.933,-77.034
189,6D102330,Multiple_Gunshots,2014-01-01,00:08:21,WashingtonDC6D,38.887,-76.953
190,7D119473,Multiple_Gunshots,2014-01-01,00:08:25,WashingtonDC7D,38.86,-77.001
191,5D39742,Multiple_Gunshots,2014-01-01,00:08:30,WashingtonDC5D,38.925,-76.998
192,3D43296,Multiple_Gunshots,2014-01-01,00:08:32,WashingtonDC3D,38.933,-77.034
193,4D34375,Gunshot_or_Firecracker,2014-01-01,00:08:33,WashingtonDC4D,38.933,-77.034
194,6D102331,Multiple_Gunshots,2014-01-01,00:08:36,WashingtonDC6D,38.882,-76.925
195,5D39743,Gunshot_or_Firecracker,2014-01-01,00:08:40,WashingtonDC5D,38.92,-76.983
196,3D43297,Multiple_Gunshots,2014-01-01,00:08:44,WashingtonDC3D,38.933,-77.034
197,6D102332,Multiple_Gunshots,2014-01-01,00:08:45,WashingtonDC6D,38.882,-76.936
198,3D43298,Multiple_Gunshots,2014-01-01,00:08:53,WashingtonDC3D,38.933,-77.034
199,7D119474,Single_Gunshot,2014-01-01,00:08:54,WashingtonDC7D,38.834,-76.996
200,6D102333,Multiple_Gunshots,2014-01-01,00:08:57,WashingtonDC6D,38.882,-76.925
201,3D43299,Single_Gunshot,2014-01-01,00:09:01,WashingtonDC3D,38.905,-77.017
202,5D39744,Multiple_Gunshots,2014-01-01,00:09:03,WashingtonDC5D,38.924,-76.996
203,6D102334,Multiple_Gunshots,2014-01-01,00:09:06,WashingtonDC6D,38.886,-76.929
204,7D119475,Multiple_Gunshots,2014-01-01,00:09:07,WashingtonDC7D,38.863,-76.987
205,7D119476,Multiple_Gunshots,2014-01-01,00:09:12,WashingtonDC7D,38.833,-76.997
206,7D119477,Multiple_Gunshots,2014-01-01,00:09:25,WashingtonDC7D,38.843,-76.981
207,6D102336,Multiple_Gunshots,2014-01-01,00:09:25,WashingtonDC6D,38.919,-76.935
208,1D56026,Multiple_Gunshots,2014-01-01,00:09:32,WashingtonDC1D,38.902,-76.974
209,4D34377,Single_Gunshot,2014-01-01,00:09:36,WashingtonDC4D,38.948,-77.035
210,7D119478,Multiple_Gunshots,2014-01-01,00:09:37,WashingtonDC7D,38.843,-76.981
211,6D102337,Multiple_Gunshots,2014-01-01,00:09:41,WashingtonDC6D,38.882,-76.925
212,5D39746,Single_Gunshot,2014-01-01,00:09:43,WashingtonDC5D,38.906,-76.98
213,1D56027,Single_Gunshot,2014-01-01,00:09:44,WashingtonDC1D,38.906,-76.98
214,7D119479,Single_Gunshot,2014-01-01,00:09:45,WashingtonDC7D,38.843,-76.981
215,7D119480,Multiple_Gunshots,2014-01-01,00:09:50,WashingtonDC7D,38.843,-76.981
216,3D43302,Multiple_Gunshots,2014-01-01,00:09:50,WashingtonDC3D,38.932,-77.032
217,4D34378,Single_Gunshot,2014-01-01,00:09:52,WashingtonDC4D,38.942,-77.032
218,5D39748,Single_Gunshot,2014-01-01,00:10:00,WashingtonDC5D,38.935,-76.985
219,4D34379,Single_Gunshot,2014-01-01,00:10:01,WashingtonDC4D,38.935,-77.023
220,3D43303,Single_Gunshot,2014-01-01,00:10:01,WashingtonDC3D,38.935,-77.023
221,6D102338,Multiple_Gunshots,2014-01-01,00:10:02,WashingtonDC6D,38.886,-76.936
222,7D119481,Single_Gunshot,2014-01-01,00:10:09,WashingtonDC7D,38.842,-76.987
223,6D102339,Multiple_Gunshots,2014-01-01,00:10:09,WashingtonDC6D,38.897,-76.916
224,4D34380,Single_Gunshot,2014-01-01,00:10:10,WashingtonDC4D,38.934,-77.015
225,7D119482,Single_Gunshot,2014-01-01,00:10:18,WashingtonDC7D,38.847,-76.982
226,4D34381,Single_Gunshot,2014-01-01,00:10:20,WashingtonDC4D,38.94,-77.017
227,1D56028,Multiple_Gunshots,2014-01-01,00:10:20,WashingtonDC1D,38.894,-76.999
228,7D119483,Multiple_Gunshots,2014-01-01,00:10:21,WashingtonDC7D,38.847,-76.982
229,5D39750,Single_Gunshot,2014-01-01,00:10:24,WashingtonDC5D,38.915,-77.003
230,4D34382,Multiple_Gunshots,2014-01-01,00:10:24,WashingtonDC4D,38.948,-77.035
231,7D119484,Single_Gunshot,2014-01-01,00:10:30,WashingtonDC7D,38.847,-76.982
232,3D43304,Single_Gunshot,2014-01-01,00:10:31,WashingtonDC3D,38.938,-77.03
233,1D56029,Multiple_Gunshots,2014-01-01,00:10:33,WashingtonDC1D,38.894,-76.999
234,4D34383,Single_Gunshot,2014-01-01,00:10:37,WashingtonDC4D,38.948,-77.035
235,3D43305,Single_Gunshot,2014-01-01,00:10:38,WashingtonDC3D,38.938,-77.03
236,5D39751,Gunshot_or_Firecracker,2014-01-01,00:10:41,WashingtonDC5D,38.906,-76.98
237,1D56030,Single_Gunshot,2014-01-01,00:10:43,WashingtonDC1D,38.906,-76.98
238,7D119486,Multiple_Gunshots,2014-01-01,00:10:54,WashingtonDC7D,38.86,-76.998
239,4D34386,Multiple_Gunshots,2014-01-01,00:10:58,WashingtonDC4D,38.936,-77.023
240,1D56031,Multiple_Gunshots,2014-01-01,00:10:58,WashingtonDC1D,38.894,-76.999
241,6D102342,Single_Gunshot,2014-01-01,00:10:59,WashingtonDC6D,38.912,-76.936
242,5D39753,Multiple_Gunshots,2014-01-01,00:11:00,WashingtonDC5D,38.918,-77.003
243,4D34387,Single_Gunshot,2014-01-01,00:11:03,WashingtonDC4D,38.952,-77.018
244,3D43307,Gunshot_or_Firecracker,2014-01-01,00:11:05,WashingtonDC3D,38.914,-77.013
245,5D39754,Multiple_Gunshots,2014-01-01,00:11:06,WashingtonDC5D,38.916,-77.003
246,1D56032,Multiple_Gunshots,2014-01-01,00:11:08,WashingtonDC1D,38.899,-76.973
247,4D34388,Single_Gunshot,2014-01-01,00:11:09,WashingtonDC4D,38.938,-77.03
248,1D56033,Single_Gunshot,2014-01-01,00:11:10,WashingtonDC1D,38.893,-76.983
249,1D56034,Single_Gunshot,2014-01-01,00:11:11,WashingtonDC1D,38.894,-76.983
250,3D43308,Single_Gunshot,2014-01-01,00:11:15,WashingtonDC3D,38.938,-77.03
251,3D43309,Single_Gunshot,2014-01-01,00:11:21,WashingtonDC3D,38.929,-77.025
252,4D34389,Single_Gunshot,2014-01-01,00:11:26,WashingtonDC4D,38.952,-77.018
253,1D56035,Multiple_Gunshots,2014-01-01,00:11:27,WashingtonDC1D,38.9,-76.984
254,4D34390,Multiple_Gunshots,2014-01-01,00:11:34,WashingtonDC4D,38.948,-77.035
255,1D56036,Single_Gunshot,2014-01-01,00:11:34,WashingtonDC1D,38.9,-76.983
256,3D43310,Single_Gunshot,2014-01-01,00:11:37,WashingtonDC3D,38.934,-77.035
257,5D39756,Single_Gunshot,2014-01-01,00:11:42,WashingtonDC5D,38.935,-76.984
258,1D56037,Multiple_Gunshots,2014-01-01,00:11:43,WashingtonDC1D,38.894,-76.999
259,6D102346,Multiple_Gunshots,2014-01-01,00:11:44,WashingtonDC6D,38.906,-76.927
260,6D102347,Multiple_Gunshots,2014-01-01,00:11:51,WashingtonDC6D,38.906,-76.927
261,7D119490,Multiple_Gunshots,2014-01-01,00:12:00,WashingtonDC7D,38.853,-76.98
262,4D34393,Multiple_Gunshots,2014-01-01,00:12:09,WashingtonDC4D,38.952,-77.018
263,7D119491,Multiple_Gunshots,2014-01-01,00:12:10,WashingtonDC7D,38.843,-76.984
264,4D34394,Multiple_Gunshots,2014-01-01,00:12:13,WashingtonDC4D,38.952,-77.018
265,3D43311,Single_Gunshot,2014-01-01,00:12:16,WashingtonDC3D,38.935,-77.033
266,7D119492,Single_Gunshot,2014-01-01,00:12:18,WashingtonDC7D,38.829,-77.003
267,5D39757,Single_Gunshot,2014-01-01,00:12:21,WashingtonDC5D,38.915,-77.003
268,7D119493,Single_Gunshot,2014-01-01,00:12:25,WashingtonDC7D,38.85,-76.97
269,1D56038,Single_Gunshot,2014-01-01,00:12:27,WashingtonDC1D,38.905,-76.978
270,7D119494,Multiple_Gunshots,2014-01-01,00:12:33,WashingtonDC7D,38.86,-77.001
271,7D119495,Multiple_Gunshots,2014-01-01,00:12:39,WashingtonDC7D,38.826,-76.998
272,4D34395,Multiple_Gunshots,2014-01-01,00:12:57,WashingtonDC4D,38.94,-77.031
273,7D119497,Multiple_Gunshots,2014-01-01,00:12:58,WashingtonDC7D,38.844,-76.979
274,3D43313,Multiple_Gunshots,2014-01-01,00:13:05,WashingtonDC3D,38.913,-77.013
275,7D119498,Multiple_Gunshots,2014-01-01,00:13:09,WashingtonDC7D,38.844,-76.978
276,7D119499,Multiple_Gunshots,2014-01-01,00:13:14,WashingtonDC7D,38.85,-76.976
277,3D43314,Multiple_Gunshots,2014-01-01,00:13:14,WashingtonDC3D,38.913,-77.013
278,5D39759,Gunshot_or_Firecracker,2014-01-01,00:13:17,WashingtonDC5D,38.913,-77.013
279,7D119500,Multiple_Gunshots,2014-01-01,00:13:18,WashingtonDC7D,38.843,-76.981
280,6D102352,Single_Gunshot,2014-01-01,00:13:22,WashingtonDC6D,38.888,-76.955
281,4D34396,Multiple_Gunshots,2014-01-01,00:13:22,WashingtonDC4D,38.948,-77.035
282,3D43315,Multiple_Gunshots,2014-01-01,00:13:26,WashingtonDC3D,38.937,-77.034
283,4D34397,Single_Gunshot,2014-01-01,00:13:34,WashingtonDC4D,38.948,-77.035
284,3D43316,Gunshot_or_Firecracker,2014-01-01,00:13:34,WashingtonDC3D,38.937,-77.034
285,4D34398,Multiple_Gunshots,2014-01-01,00:13:35,WashingtonDC4D,38.948,-77.035
286,3D43317,Multiple_Gunshots,2014-01-01,00:13:38,WashingtonDC3D,38.946,-77.035
287,6D102355,Single_Gunshot,2014-01-01,00:13:47,WashingtonDC6D,38.901,-76.935
288,5D39760,Multiple_Gunshots,2014-01-01,00:13:58,WashingtonDC5D,38.912,-77.01
289,7D119501,Multiple_Gunshots,2014-01-01,00:13:59,WashingtonDC7D,38.86,-77.001
290,3D43318,Multiple_Gunshots,2014-01-01,00:13:59,WashingtonDC3D,38.912,-77.01
291,4D34399,Multiple_Gunshots,2014-01-01,00:14:01,WashingtonDC4D,38.966,-77.017
292,6D102357,Single_Gunshot,2014-01-01,00:14:07,WashingtonDC6D,38.881,-76.936
293,7D119502,Multiple_Gunshots,2014-01-01,00:14:08,WashingtonDC7D,38.858,-76.96
294,5D39761,Multiple_Gunshots,2014-01-01,00:14:10,WashingtonDC5D,38.912,-77.01
295,5D39762,Multiple_Gunshots,2014-01-01,00:14:13,WashingtonDC5D,38.912,-77.01
296,3D43319,Multiple_Gunshots,2014-01-01,00:14:14,WashingtonDC3D,38.912,-77.01
297,6D102358,Single_Gunshot,2014-01-01,00:14:17,WashingtonDC6D,38.885,-76.93
298,3D43320,Multiple_Gunshots,2014-01-01,00:14:22,WashingtonDC3D,38.912,-77.01
299,7D119504,Multiple_Gunshots,2014-01-01,00:14:28,WashingtonDC7D,38.857,-76.974
300,5D39763,Gunshot_or_Firecracker,2014-01-01,00:14:30,WashingtonDC5D,38.912,-77.01
301,5D39764,Multiple_Gunshots,2014-01-01,00:14:36,WashingtonDC5D,38.912,-77.009
302,6D102361,Multiple_Gunshots,2014-01-01,00:14:42,WashingtonDC6D,38.892,-76.928
303,5D39765,Multiple_Gunshots,2014-01-01,00:14:45,WashingtonDC5D,38.912,-77.01
304,4D34400,Single_Gunshot,2014-01-01,00:14:46,WashingtonDC4D,38.934,-77.035
305,1D56040,Multiple_Gunshots,2014-01-01,00:14:47,WashingtonDC1D,38.894,-76.989
306,7D119505,Multiple_Gunshots,2014-01-01,00:14:50,WashingtonDC7D,38.85,-76.976
307,6D102362,Single_Gunshot,2014-01-01,00:14:50,WashingtonDC6D,38.902,-76.928
308,5D39766,Multiple_Gunshots,2014-01-01,00:14:50,WashingtonDC5D,38.912,-77.01
309,6D102363,Multiple_Gunshots,2014-01-01,00:14:57,WashingtonDC6D,38.906,-76.934
310,1D56041,Single_Gunshot,2014-01-01,00:14:58,WashingtonDC1D,38.895,-76.984
311,7D119506,Single_Gunshot,2014-01-01,00:14:59,WashingtonDC7D,38.829,-77.003
312,7D119507,Multiple_Gunshots,2014-01-01,00:15:01,WashingtonDC7D,38.86,-77.001
313,6D102365,Single_Gunshot,2014-01-01,00:15:02,WashingtonDC6D,38.897,-76.947
314,1D56042,Multiple_Gunshots,2014-01-01,00:15:02,WashingtonDC1D,38.894,-76.99
315,7D119508,Multiple_Gunshots,2014-01-01,00:15:22,WashingtonDC7D,38.86,-77.001
316,6D102366,Multiple_Gunshots,2014-01-01,00:15:22,WashingtonDC6D,38.86,-77.001
317,6D102367,Multiple_Gunshots,2014-01-01,00:15:25,WashingtonDC6D,38.886,-76.949
318,1D56043,Multiple_Gunshots,2014-01-01,00:15:25,WashingtonDC1D,38.898,-76.973
319,7D119509,Single_Gunshot,2014-01-01,00:15:26,WashingtonDC7D,38.848,-76.996
320,5D39767,Multiple_Gunshots,2014-01-01,00:15:27,WashingtonDC5D,38.916,-76.98
321,7D119510,Multiple_Gunshots,2014-01-01,00:15:46,WashingtonDC7D,38.86,-77.001
322,4D34401,Multiple_Gunshots,2014-01-01,00:15:54,WashingtonDC4D,38.942,-77.02
323,7D119511,Multiple_Gunshots,2014-01-01,00:15:56,WashingtonDC7D,38.827,-77.009
324,6D102369,Multiple_Gunshots,2014-01-01,00:15:56,WashingtonDC6D,38.896,-76.918
325,5D39768,Single_Gunshot,2014-01-01,00:15:58,WashingtonDC5D,38.935,-76.984
326,7D119512,Gunshot_or_Firecracker,2014-01-01,00:16:02,WashingtonDC7D,38.852,-76.987
327,6D102370,Multiple_Gunshots,2014-01-01,00:16:05,WashingtonDC6D,38.883,-76.935
328,4D34402,Multiple_Gunshots,2014-01-01,00:16:09,WashingtonDC4D,38.942,-77.02
329,1D56046,Single_Gunshot,2014-01-01,00:16:18,WashingtonDC1D,38.905,-76.992
330,1D56047,Single_Gunshot,2014-01-01,00:16:27,WashingtonDC1D,38.904,-76.992
331,7D119513,Single_Gunshot,2014-01-01,00:16:37,WashingtonDC7D,38.845,-76.998
332,5D39772,Single_Gunshot,2014-01-01,00:16:43,WashingtonDC5D,38.903,-76.994
333,6D102373,Multiple_Gunshots,2014-01-01,00:16:50,WashingtonDC6D,38.871,-76.977
334,7D119514,Single_Gunshot,2014-01-01,00:16:51,WashingtonDC7D,38.845,-76.998
335,1D56049,Gunshot_or_Firecracker,2014-01-01,00:17:00,WashingtonDC1D,38.895,-76.985
336,4D34404,Single_Gunshot,2014-01-01,00:17:11,WashingtonDC4D,38.948,-77.035
337,5D39773,Single_Gunshot,2014-01-01,00:17:18,WashingtonDC5D,38.906,-76.98
338,1D56050,Single_Gunshot,2014-01-01,00:17:18,WashingtonDC1D,38.906,-76.98
339,7D119515,Multiple_Gunshots,2014-01-01,00:17:20,WashingtonDC7D,38.844,-76.984
340,6D102376,Multiple_Gunshots,2014-01-01,00:17:20,WashingtonDC6D,38.885,-76.95
341,5D39774,Multiple_Gunshots,2014-01-01,00:17:38,WashingtonDC5D,38.904,-76.993
342,1D56052,Single_Gunshot,2014-01-01,00:17:38,WashingtonDC1D,38.905,-76.993
343,7D119516,Multiple_Gunshots,2014-01-01,00:17:40,WashingtonDC7D,38.826,-76.998
344,1D56053,Single_Gunshot,2014-01-01,00:17:44,WashingtonDC1D,38.904,-76.978
345,7D119517,Single_Gunshot,2014-01-01,00:17:46,WashingtonDC7D,38.826,-76.998
346,1D56054,Multiple_Gunshots,2014-01-01,00:17:47,WashingtonDC1D,38.905,-76.993
347,7D119518,Single_Gunshot,2014-01-01,00:17:49,WashingtonDC7D,38.826,-76.998
348,5D39775,Multiple_Gunshots,2014-01-01,00:17:50,WashingtonDC5D,38.904,-76.992
349,7D119520,Multiple_Gunshots,2014-01-01,00:17:52,WashingtonDC7D,38.827,-77.001
350,6D102378,Multiple_Gunshots,2014-01-01,00:17:53,WashingtonDC6D,38.897,-76.919
351,1D56055,Multiple_Gunshots,2014-01-01,00:17:57,WashingtonDC1D,38.904,-76.992
352,7D119521,Single_Gunshot,2014-01-01,00:17:58,WashingtonDC7D,38.826,-76.998
353,7D119522,Multiple_Gunshots,2014-01-01,00:18:01,WashingtonDC7D,38.826,-76.998
354,4D34405,Multiple_Gunshots,2014-01-01,00:18:02,WashingtonDC4D,38.948,-77.035
355,6D102379,Single_Gunshot,2014-01-01,00:18:03,WashingtonDC6D,38.892,-76.922
356,7D119524,Gunshot_or_Firecracker,2014-01-01,00:18:10,WashingtonDC7D,38.826,-76.998
357,6D102380,Multiple_Gunshots,2014-01-01,00:18:10,WashingtonDC6D,38.896,-76.918
358,4D34406,Single_Gunshot,2014-01-01,00:18:12,WashingtonDC4D,38.948,-77.035
359,3D43325,Single_Gunshot,2014-01-01,00:18:13,WashingtonDC3D,38.935,-77.022
360,4D34407,Single_Gunshot,2014-01-01,00:18:15,WashingtonDC4D,38.948,-77.035
361,5D39776,Single_Gunshot,2014-01-01,00:18:47,WashingtonDC5D,38.921,-76.982
362,7D119525,Multiple_Gunshots,2014-01-01,00:18:50,WashingtonDC7D,38.85,-76.973
363,5D39777,Gunshot_or_Firecracker,2014-01-01,00:19:11,WashingtonDC5D,38.906,-76.98
364,1D56056,Single_Gunshot,2014-01-01,00:19:13,WashingtonDC1D,38.906,-76.98
365,6D102382,Multiple_Gunshots,2014-01-01,00:19:17,WashingtonDC6D,38.901,-76.928
366,5D39778,Single_Gunshot,2014-01-01,00:19:27,WashingtonDC5D,38.935,-76.984
367,7D119526,Multiple_Gunshots,2014-01-01,00:19:40,WashingtonDC7D,38.85,-76.973
368,4D34409,Single_Gunshot,2014-01-01,00:19:46,WashingtonDC4D,38.948,-77.035
369,5D39779,Multiple_Gunshots,2014-01-01,00:19:49,WashingtonDC5D,38.904,-76.984
370,1D56057,Multiple_Gunshots,2014-01-01,00:19:50,WashingtonDC1D,38.904,-76.983
371,6D102383,Single_Gunshot,2014-01-01,00:19:54,WashingtonDC6D,38.882,-76.931
372,7D119527,Multiple_Gunshots,2014-01-01,00:19:59,WashingtonDC7D,38.86,-76.999
373,6D102384,Single_Gunshot,2014-01-01,00:20:08,WashingtonDC6D,38.888,-76.924
374,6D102385,Multiple_Gunshots,2014-01-01,00:20:26,WashingtonDC6D,38.867,-76.979
375,7D119529,Multiple_Gunshots,2014-01-01,00:20:29,WashingtonDC7D,38.867,-76.98
376,3D43326,Multiple_Gunshots,2014-01-01,00:20:33,WashingtonDC3D,38.935,-77.023
377,3D43327,Multiple_Gunshots,2014-01-01,00:20:39,WashingtonDC3D,38.936,-77.022
378,6D102386,Single_Gunshot,2014-01-01,00:20:41,WashingtonDC6D,38.897,-76.919
379,4D34412,Multiple_Gunshots,2014-01-01,00:20:41,WashingtonDC4D,38.935,-77.022
380,6D102387,Multiple_Gunshots,2014-01-01,00:20:53,WashingtonDC6D,38.891,-76.923
381,7D119530,Multiple_Gunshots,2014-01-01,00:21:01,WashingtonDC7D,38.859,-76.971
382,7D119531,Multiple_Gunshots,2014-01-01,00:21:06,WashingtonDC7D,38.827,-77.003
383,6D102388,Multiple_Gunshots,2014-01-01,00:21:22,WashingtonDC6D,38.892,-76.941
384,3D43328,Multiple_Gunshots,2014-01-01,00:21:37,WashingtonDC3D,38.935,-77.045
385,7D119532,Multiple_Gunshots,2014-01-01,00:21:38,WashingtonDC7D,38.839,-76.997
386,4D34414,Multiple_Gunshots,2014-01-01,00:21:39,WashingtonDC4D,38.937,-77.039
387,5D39780,Single_Gunshot,2014-01-01,00:21:45,WashingtonDC5D,38.935,-76.984
388,3D43329,Multiple_Gunshots,2014-01-01,00:21:46,WashingtonDC3D,38.936,-77.047
389,4D34415,Single_Gunshot,2014-01-01,00:21:50,WashingtonDC4D,38.945,-77.021
390,4D34416,Multiple_Gunshots,2014-01-01,00:21:55,WashingtonDC4D,38.945,-77.021
391,7D119533,Single_Gunshot,2014-01-01,00:21:56,WashingtonDC7D,38.848,-76.981
392,6D102389,Single_Gunshot,2014-01-01,00:21:57,WashingtonDC6D,38.886,-76.955
393,6D102390,Multiple_Gunshots,2014-01-01,00:22:01,WashingtonDC6D,38.896,-76.918
394,4D34417,Gunshot_or_Firecracker,2014-01-01,00:22:05,WashingtonDC4D,38.946,-77.019
395,7D119535,Single_Gunshot,2014-01-01,00:22:12,WashingtonDC7D,38.859,-76.997
396,5D39781,Multiple_Gunshots,2014-01-01,00:22:13,WashingtonDC5D,38.921,-76.981
397,6D102391,Multiple_Gunshots,2014-01-01,00:22:16,WashingtonDC6D,38.887,-76.927
398,7D119536,Multiple_Gunshots,2014-01-01,00:22:18,WashingtonDC7D,38.833,-76.997
399,4D34418,Multiple_Gunshots,2014-01-01,00:22:19,WashingtonDC4D,38.945,-77.022
400,3D43330,Multiple_Gunshots,2014-01-01,00:22:21,WashingtonDC3D,38.937,-77.028
401,7D119537,Multiple_Gunshots,2014-01-01,00:22:23,WashingtonDC7D,38.834,-76.997
402,5D39782,Multiple_Gunshots,2014-01-01,00:22:24,WashingtonDC5D,38.922,-76.982
403,6D102393,Multiple_Gunshots,2014-01-01,00:22:25,WashingtonDC6D,38.887,-76.927
404,3D43331,Single_Gunshot,2014-01-01,00:22:27,WashingtonDC3D,38.935,-77.022
405,6D102395,Multiple_Gunshots,2014-01-01,00:22:31,WashingtonDC6D,38.887,-76.926
406,7D119538,Single_Gunshot,2014-01-01,00:22:38,WashingtonDC7D,38.822,-77.007
407,7D119539,Multiple_Gunshots,2014-01-01,00:22:50,WashingtonDC7D,38.833,-76.997
408,6D102396,Multiple_Gunshots,2014-01-01,00:22:50,WashingtonDC6D,38.897,-76.917
409,5D39783,Multiple_Gunshots,2014-01-01,00:22:51,WashingtonDC5D,38.919,-77.006
410,1D56061,Single_Gunshot,2014-01-01,00:22:56,WashingtonDC1D,38.906,-76.984
411,5D39784,Single_Gunshot,2014-01-01,00:23:27,WashingtonDC5D,38.935,-76.985
412,4D34419,Multiple_Gunshots,2014-01-01,00:23:42,WashingtonDC4D,38.935,-77.023
413,3D43332,Multiple_Gunshots,2014-01-01,00:23:42,WashingtonDC3D,38.936,-77.023
414,3D43333,Multiple_Gunshots,2014-01-01,00:23:54,WashingtonDC3D,38.936,-77.022
415,6D102398,Multiple_Gunshots,2014-01-01,00:23:55,WashingtonDC6D,38.885,-76.95
416,6D102399,Multiple_Gunshots,2014-01-01,00:24:03,WashingtonDC6D,38.883,-76.935
417,6D102400,Multiple_Gunshots,2014-01-01,00:24:21,WashingtonDC6D,38.872,-76.979
418,6D102401,Gunshot_or_Firecracker,2014-01-01,00:24:27,WashingtonDC6D,38.905,-76.951
419,4D34421,Single_Gunshot,2014-01-01,00:24:32,WashingtonDC4D,38.956,-77.02
420,5D39785,Gunshot_or_Firecracker,2014-01-01,00:24:49,WashingtonDC5D,38.935,-76.984
421,6D102402,Single_Gunshot,2014-01-01,00:24:54,WashingtonDC6D,38.886,-76.952
422,6D102403,Multiple_Gunshots,2014-01-01,00:25:48,WashingtonDC6D,38.898,-76.932
423,7D119543,Multiple_Gunshots,2014-01-01,00:26:21,WashingtonDC7D,38.854,-76.968
424,5D39786,Single_Gunshot,2014-01-01,00:26:25,WashingtonDC5D,38.933,-76.982
425,6D102405,Single_Gunshot,2014-01-01,00:26:51,WashingtonDC6D,38.906,-76.945
426,5D39789,Multiple_Gunshots,2014-01-01,00:27:29,WashingtonDC5D,38.932,-76.974
427,5D39790,Multiple_Gunshots,2014-01-01,00:27:42,WashingtonDC5D,38.932,-76.974
428,7D119544,Single_Gunshot,2014-01-01,00:27:49,WashingtonDC7D,38.83,-77.002
429,5D39791,Multiple_Gunshots,2014-01-01,00:27:50,WashingtonDC5D,38.932,-76.974
430,4D34422,Gunshot_or_Firecracker,2014-01-01,00:28:05,WashingtonDC4D,38.942,-77.032
431,4D34423,Single_Gunshot,2014-01-01,00:28:45,WashingtonDC4D,38.942,-77.033
432,4D34424,Single_Gunshot,2014-01-01,00:29:32,WashingtonDC4D,38.942,-77.032
433,5D39794,Multiple_Gunshots,2014-01-01,00:29:38,WashingtonDC5D,38.929,-76.989
434,4D34425,Multiple_Gunshots,2014-01-01,00:29:45,WashingtonDC4D,38.94,-77.026
435,5D39795,Single_Gunshot,2014-01-01,00:30:00,WashingtonDC5D,38.921,-76.982
436,7D119545,Multiple_Gunshots,2014-01-01,00:30:20,WashingtonDC7D,38.848,-76.97
437,6D102407,Single_Gunshot,2014-01-01,00:30:31,WashingtonDC6D,38.891,-76.954
438,1D56066,Single_Gunshot,2014-01-01,00:30:44,WashingtonDC1D,38.896,-76.99
439,7D119546,Multiple_Gunshots,2014-01-01,00:30:47,WashingtonDC7D,38.826,-76.997
440,7D119547,Multiple_Gunshots,2014-01-01,00:31:11,WashingtonDC7D,38.846,-77.003
441,4D34428,Multiple_Gunshots,2014-01-01,00:32:14,WashingtonDC4D,38.942,-77.033
442,4D34429,Multiple_Gunshots,2014-01-01,00:32:23,WashingtonDC4D,38.942,-77.033
443,3D43338,Multiple_Gunshots,2014-01-01,00:32:23,WashingtonDC3D,38.937,-77.03
444,4D34430,Multiple_Gunshots,2014-01-01,00:32:33,WashingtonDC4D,38.938,-77.031
445,3D43339,Multiple_Gunshots,2014-01-01,00:32:33,WashingtonDC3D,38.938,-77.031
446,5D39798,Multiple_Gunshots,2014-01-01,00:32:55,WashingtonDC5D,38.917,-77.011
447,3D43340,Multiple_Gunshots,2014-01-01,00:33:00,WashingtonDC3D,38.938,-77.03
448,6D102409,Multiple_Gunshots,2014-01-01,00:33:04,WashingtonDC6D,38.898,-76.932
449,3D43341,Multiple_Gunshots,2014-01-01,00:33:05,WashingtonDC3D,38.917,-77.011
450,5D39801,Multiple_Gunshots,2014-01-01,00:33:25,WashingtonDC5D,38.929,-76.989
451,7D119548,Multiple_Gunshots,2014-01-01,00:33:28,WashingtonDC7D,38.827,-77.001
452,6D102410,Multiple_Gunshots,2014-01-01,00:33:37,WashingtonDC6D,38.886,-76.951
453,6D102411,Multiple_Gunshots,2014-01-01,00:33:43,WashingtonDC6D,38.898,-76.917
454,6D102412,Multiple_Gunshots,2014-01-01,00:33:48,WashingtonDC6D,38.894,-76.919
455,7D119549,Single_Gunshot,2014-01-01,00:34:08,WashingtonDC7D,38.855,-76.972
456,3D43343,Single_Gunshot,2014-01-01,00:34:16,WashingtonDC3D,38.919,-77.03
457,1D56067,Multiple_Gunshots,2014-01-01,00:34:19,WashingtonDC1D,38.901,-76.984
458,7D119550,Multiple_Gunshots,2014-01-01,00:34:25,WashingtonDC7D,38.853,-76.971
459,7D119551,Multiple_Gunshots,2014-01-01,00:34:30,WashingtonDC7D,38.837,-77.003
460,6D102413,Single_Gunshot,2014-01-01,00:34:37,WashingtonDC6D,38.897,-76.917
461,7D119552,Multiple_Gunshots,2014-01-01,00:34:45,WashingtonDC7D,38.857,-76.97
462,6D102414,Single_Gunshot,2014-01-01,00:34:51,WashingtonDC6D,38.894,-76.919
463,6D102415,Single_Gunshot,2014-01-01,00:35:20,WashingtonDC6D,38.898,-76.916
464,7D119553,Multiple_Gunshots,2014-01-01,00:35:23,WashingtonDC7D,38.848,-77.0
465,5D39803,Multiple_Gunshots,2014-01-01,00:35:31,WashingtonDC5D,38.937,-76.97
466,7D119554,Single_Gunshot,2014-01-01,00:35:42,WashingtonDC7D,38.827,-77.0
467,6D102417,Single_Gunshot,2014-01-01,00:35:46,WashingtonDC6D,38.892,-76.927
468,6D102418,Multiple_Gunshots,2014-01-01,00:36:24,WashingtonDC6D,38.892,-76.928
469,6D102419,Multiple_Gunshots,2014-01-01,00:36:31,WashingtonDC6D,38.871,-76.971
470,7D119555,Multiple_Gunshots,2014-01-01,00:36:34,WashingtonDC7D,38.871,-76.971
471,5D39804,Multiple_Gunshots,2014-01-01,00:36:37,WashingtonDC5D,38.897,-76.988
472,7D119556,Single_Gunshot,2014-01-01,00:36:38,WashingtonDC7D,38.871,-76.971
473,1D56068,Multiple_Gunshots,2014-01-01,00:36:38,WashingtonDC1D,38.897,-76.988
474,7D119557,Multiple_Gunshots,2014-01-01,00:36:39,WashingtonDC7D,38.869,-76.972
475,1D56069,Single_Gunshot,2014-01-01,00:36:40,WashingtonDC1D,38.897,-76.98
476,5D39805,Multiple_Gunshots,2014-01-01,00:36:58,WashingtonDC5D,38.932,-76.977
477,3D43346,Multiple_Gunshots,2014-01-01,00:37:05,WashingtonDC3D,38.938,-77.032
478,6D102420,Gunshot_or_Firecracker,2014-01-01,00:37:07,WashingtonDC6D,38.892,-76.927
479,7D119558,Single_Gunshot,2014-01-01,00:37:14,WashingtonDC7D,38.871,-76.971
480,3D43347,Single_Gunshot,2014-01-01,00:37:17,WashingtonDC3D,38.938,-77.032
481,3D43348,Multiple_Gunshots,2014-01-01,00:37:32,WashingtonDC3D,38.938,-77.032
482,6D102422,Single_Gunshot,2014-01-01,00:37:34,WashingtonDC6D,38.871,-76.971
483,3D43349,Single_Gunshot,2014-01-01,00:37:42,WashingtonDC3D,38.938,-77.032
484,4D34435,Multiple_Gunshots,2014-01-01,00:37:44,WashingtonDC4D,38.937,-77.032
485,4D34436,Single_Gunshot,2014-01-01,00:38:01,WashingtonDC4D,38.937,-77.032
486,3D43350,Single_Gunshot,2014-01-01,00:38:01,WashingtonDC3D,38.938,-77.032
487,5D39806,Multiple_Gunshots,2014-01-01,00:38:24,WashingtonDC5D,38.933,-76.981
488,6D102423,Single_Gunshot,2014-01-01,00:38:29,WashingtonDC6D,38.892,-76.928
489,4D34437,Single_Gunshot,2014-01-01,00:38:38,WashingtonDC4D,38.937,-77.032
490,3D43351,Single_Gunshot,2014-01-01,00:38:38,WashingtonDC3D,38.938,-77.032
491,7D119559,Multiple_Gunshots,2014-01-01,00:39:09,WashingtonDC7D,38.837,-77.003
492,5D39807,Multiple_Gunshots,2014-01-01,00:39:13,WashingtonDC5D,38.904,-76.984
493,1D56070,Gunshot_or_Firecracker,2014-01-01,00:39:15,WashingtonDC1D,38.907,-76.985
494,6D102424,Single_Gunshot,2014-01-01,00:39:17,WashingtonDC6D,38.902,-76.929
495,4D34438,Multiple_Gunshots,2014-01-01,00:39:40,WashingtonDC4D,38.938,-77.032
496,3D43352,Multiple_Gunshots,2014-01-01,00:39:40,WashingtonDC3D,38.938,-77.032
497,6D102425,Single_Gunshot,2014-01-01,00:39:43,WashingtonDC6D,38.868,-76.985
498,5D39808,Gunshot_or_Firecracker,2014-01-01,00:40:06,WashingtonDC5D,38.928,-76.982
499,4D34439,Single_Gunshot,2014-01-01,00:40:08,WashingtonDC4D,38.938,-77.032
500,3D43353,Single_Gunshot,2014-01-01,00:40:08,WashingtonDC3D,38.938,-77.032
501,4D34440,Gunshot_or_Firecracker,2014-01-01,00:40:56,WashingtonDC4D,38.966,-77.022
502,4D34441,Gunshot_or_Firecracker,2014-01-01,00:41:01,WashingtonDC4D,38.967,-77.022
503,6D102427,Multiple_Gunshots,2014-01-01,00:41:20,WashingtonDC6D,38.867,-76.979
504,4D34442,Single_Gunshot,2014-01-01,00:41:20,WashingtonDC4D,38.959,-77.019
505,7D119561,Multiple_Gunshots,2014-01-01,00:41:21,WashingtonDC7D,38.867,-76.98
506,7D119562,Multiple_Gunshots,2014-01-01,00:41:30,WashingtonDC7D,38.857,-76.973
507,7D119563,Multiple_Gunshots,2014-01-01,00:41:38,WashingtonDC7D,38.857,-76.969
508,7D119565,Multiple_Gunshots,2014-01-01,00:41:49,WashingtonDC7D,38.857,-76.974
509,5D39811,Single_Gunshot,2014-01-01,00:42:00,WashingtonDC5D,38.905,-76.993
510,1D56072,Single_Gunshot,2014-01-01,00:42:00,WashingtonDC1D,38.905,-76.998
511,5D39812,Single_Gunshot,2014-01-01,00:42:05,WashingtonDC5D,38.907,-76.987
512,5D39813,Single_Gunshot,2014-01-01,00:42:26,WashingtonDC5D,38.905,-76.997
513,1D56073,Multiple_Gunshots,2014-01-01,00:42:26,WashingtonDC1D,38.905,-76.997
514,6D102428,Multiple_Gunshots,2014-01-01,00:42:45,WashingtonDC6D,38.886,-76.926
515,3D43355,Single_Gunshot,2014-01-01,00:42:49,WashingtonDC3D,38.935,-77.024
516,7D119567,Multiple_Gunshots,2014-01-01,00:43:39,WashingtonDC7D,38.859,-76.995
517,7D119568,Single_Gunshot,2014-01-01,00:44:24,WashingtonDC7D,38.86,-76.999
518,7D119569,Single_Gunshot,2014-01-01,00:44:32,WashingtonDC7D,38.821,-77.008
519,5D39815,Single_Gunshot,2014-01-01,00:44:34,WashingtonDC5D,38.928,-76.982
520,6D102429,Multiple_Gunshots,2014-01-01,00:45:05,WashingtonDC6D,38.886,-76.926
521,5D39816,Gunshot_or_Firecracker,2014-01-01,00:46:12,WashingtonDC5D,38.928,-76.982
522,7D119570,Single_Gunshot,2014-01-01,00:46:15,WashingtonDC7D,38.822,-77.007
523,5D39817,Multiple_Gunshots,2014-01-01,00:46:37,WashingtonDC5D,38.907,-76.989
524,7D119571,Single_Gunshot,2014-01-01,00:47:23,WashingtonDC7D,38.86,-76.999
525,6D102430,Multiple_Gunshots,2014-01-01,00:47:52,WashingtonDC6D,38.904,-76.951
526,7D119572,Multiple_Gunshots,2014-01-01,00:48:39,WashingtonDC7D,38.858,-76.962
527,7D119573,Gunshot_or_Firecracker,2014-01-01,00:50:03,WashingtonDC7D,38.837,-77.003
528,4D34443,Single_Gunshot,2014-01-01,00:50:22,WashingtonDC4D,38.938,-77.031
529,3D43356,Single_Gunshot,2014-01-01,00:50:22,WashingtonDC3D,38.939,-77.031
530,6D102431,Single_Gunshot,2014-01-01,00:51:14,WashingtonDC6D,38.894,-76.923
531,6D102432,Multiple_Gunshots,2014-01-01,00:52:07,WashingtonDC6D,38.886,-76.951
532,6D102433,Single_Gunshot,2014-01-01,00:52:34,WashingtonDC6D,38.87,-76.934
533,6D102434,Multiple_Gunshots,2014-01-01,00:53:25,WashingtonDC6D,38.881,-76.928
534,6D102435,Multiple_Gunshots,2014-01-01,00:53:44,WashingtonDC6D,38.907,-76.932
535,7D119576,Multiple_Gunshots,2014-01-01,00:56:14,WashingtonDC7D,38.863,-76.981
536,7D119577,Multiple_Gunshots,2014-01-01,00:56:34,WashingtonDC7D,38.858,-76.962
537,6D102436,Multiple_Gunshots,2014-01-01,00:57:07,WashingtonDC6D,38.909,-76.919
538,3D43357,Single_Gunshot,2014-01-01,00:59:49,WashingtonDC3D,38.915,-77.022
539,5D39818,Single_Gunshot,2014-01-01,00:59:51,WashingtonDC5D,38.915,-77.023
540,6D102438,Single_Gunshot,2014-01-01,01:00:24,WashingtonDC6D,38.869,-76.933
541,6D102439,Multiple_Gunshots,2014-01-01,01:01:07,WashingtonDC6D,38.907,-76.932
542,6D102441,Multiple_Gunshots,2014-01-01,01:02:43,WashingtonDC6D,38.892,-76.952
543,7D119579,Single_Gunshot,2014-01-01,01:03:11,WashingtonDC7D,38.857,-76.973
544,7D119580,Gunshot_or_Firecracker,2014-01-01,01:03:29,WashingtonDC7D,38.849,-76.983
545,7D119581,Single_Gunshot,2014-01-01,01:04:27,WashingtonDC7D,38.86,-76.999
546,3D43358,Single_Gunshot,2014-01-01,01:04:54,WashingtonDC3D,38.914,-77.022
547,5D39820,Single_Gunshot,2014-01-01,01:04:56,WashingtonDC5D,38.914,-77.021
548,4D34446,Multiple_Gunshots,2014-01-01,01:05:18,WashingtonDC4D,38.942,-77.031
549,4D34447,Multiple_Gunshots,2014-01-01,01:05:22,WashingtonDC4D,38.942,-77.031
550,6D102443,Multiple_Gunshots,2014-01-01,01:05:39,WashingtonDC6D,38.879,-76.919
551,4D34448,Multiple_Gunshots,2014-01-01,01:05:47,WashingtonDC4D,38.942,-77.031
552,4D34450,Multiple_Gunshots,2014-01-01,01:06:05,WashingtonDC4D,38.942,-77.031
553,6D102444,Multiple_Gunshots,2014-01-01,01:06:11,WashingtonDC6D,38.885,-76.95
554,6D102446,Single_Gunshot,2014-01-01,01:07:28,WashingtonDC6D,38.905,-76.928
555,7D119583,Multiple_Gunshots,2014-01-01,01:08:55,WashingtonDC7D,38.859,-76.971
556,6D102447,Multiple_Gunshots,2014-01-01,01:09:03,WashingtonDC6D,38.884,-76.955
557,6D102449,Multiple_Gunshots,2014-01-01,01:09:08,WashingtonDC6D,38.884,-76.955
558,6D102448,Multiple_Gunshots,2014-01-01,01:09:08,WashingtonDC6D,38.884,-76.955
559,6D102450,Multiple_Gunshots,2014-01-01,01:09:09,WashingtonDC6D,38.881,-76.958
560,7D119584,Single_Gunshot,2014-01-01,01:09:16,WashingtonDC7D,38.834,-76.995
561,7D119585,Multiple_Gunshots,2014-01-01,01:09:27,WashingtonDC7D,38.857,-76.973
562,7D119586,Multiple_Gunshots,2014-01-01,01:11:24,WashingtonDC7D,38.857,-76.972
563,4D34451,Single_Gunshot,2014-01-01,01:11:30,WashingtonDC4D,38.957,-77.03
564,7D119587,Single_Gunshot,2014-01-01,01:14:18,WashingtonDC7D,38.858,-76.989
565,7D119588,Single_Gunshot,2014-01-01,01:14:31,WashingtonDC7D,38.858,-76.989
566,7D119589,Single_Gunshot,2014-01-01,01:14:52,WashingtonDC7D,38.858,-76.989
567,7D119590,Single_Gunshot,2014-01-01,01:15:09,WashingtonDC7D,38.859,-76.99
568,4D34452,Single_Gunshot,2014-01-01,01:15:26,WashingtonDC4D,38.952,-77.023
569,7D119591,Multiple_Gunshots,2014-01-01,01:15:30,WashingtonDC7D,38.858,-76.989
570,5D39821,Single_Gunshot,2014-01-01,01:18:00,WashingtonDC5D,38.916,-77.002
571,5D39822,Gunshot_or_Firecracker,2014-01-01,01:18:16,WashingtonDC5D,38.917,-77.002
572,5D39823,Multiple_Gunshots,2014-01-01,01:18:30,WashingtonDC5D,38.916,-77.002
573,6D102451,Single_Gunshot,2014-01-01,01:18:59,WashingtonDC6D,38.881,-76.927
574,5D39824,Multiple_Gunshots,2014-01-01,01:19:00,WashingtonDC5D,38.917,-77.0
575,7D119592,Single_Gunshot,2014-01-01,01:20:45,WashingtonDC7D,38.856,-76.973
576,7D119593,Multiple_Gunshots,2014-01-01,01:22:02,WashingtonDC7D,38.829,-76.994
577,5D39825,Gunshot_or_Firecracker,2014-01-01,01:24:47,WashingtonDC5D,38.907,-77.015
578,3D43360,Single_Gunshot,2014-01-01,01:24:47,WashingtonDC3D,38.906,-77.015
579,5D39826,Single_Gunshot,2014-01-01,01:27:15,WashingtonDC5D,38.906,-77.015
580,3D43361,Single_Gunshot,2014-01-01,01:27:15,WashingtonDC3D,38.906,-77.015
581,5D39827,Multiple_Gunshots,2014-01-01,01:30:25,WashingtonDC5D,38.905,-76.976
582,1D56075,Multiple_Gunshots,2014-01-01,01:30:27,WashingtonDC1D,38.905,-76.976
583,5D39828,Multiple_Gunshots,2014-01-01,01:30:30,WashingtonDC5D,38.905,-76.976
584,5D39829,Multiple_Gunshots,2014-01-01,01:30:33,WashingtonDC5D,38.905,-76.976
585,5D39830,Multiple_Gunshots,2014-01-01,01:30:36,WashingtonDC5D,38.905,-76.976
586,6D102452,Multiple_Gunshots,2014-01-01,01:36:36,WashingtonDC6D,38.87,-76.925
587,6D102453,Single_Gunshot,2014-01-01,01:40:23,WashingtonDC6D,38.88,-76.925
588,6D102454,Single_Gunshot,2014-01-01,01:45:20,WashingtonDC6D,38.887,-76.92
589,3D43362,Single_Gunshot,2014-01-01,01:46:01,WashingtonDC3D,38.914,-77.034
590,7D119594,Single_Gunshot,2014-01-01,01:47:13,WashingtonDC7D,38.858,-76.989
591,6D102455,Single_Gunshot,2014-01-01,01:47:14,WashingtonDC6D,38.858,-76.989
592,7D119595,Single_Gunshot,2014-01-01,01:48:05,WashingtonDC7D,38.857,-76.995
593,6D102456,Multiple_Gunshots,2014-01-01,01:48:16,WashingtonDC6D,38.858,-76.993
594,7D119596,Multiple_Gunshots,2014-01-01,01:48:20,WashingtonDC7D,38.854,-76.985
595,7D119597,Single_Gunshot,2014-01-01,01:48:21,WashingtonDC7D,38.846,-76.968
596,5D39832,Single_Gunshot,2014-01-01,01:50:46,WashingtonDC5D,38.903,-76.983
597,6D102457,Single_Gunshot,2014-01-01,01:50:52,WashingtonDC6D,38.889,-76.916
598,1D56076,Multiple_Gunshots,2014-01-01,01:51:15,WashingtonDC1D,38.902,-76.975
599,6D102459,Gunshot_or_Firecracker,2014-01-01,01:52:03,WashingtonDC6D,38.889,-76.916
600,4D34454,Multiple_Gunshots,2014-01-01,01:53:07,WashingtonDC4D,38.935,-77.022
601,3D43363,Multiple_Gunshots,2014-01-01,01:53:12,WashingtonDC3D,38.935,-77.022
602,4D34456,Gunshot_or_Firecracker,2014-01-01,01:53:16,WashingtonDC4D,38.935,-77.022
603,1D56077,Multiple_Gunshots,2014-01-01,01:53:46,WashingtonDC1D,38.896,-76.981
604,1D56079,Multiple_Gunshots,2014-01-01,01:53:59,WashingtonDC1D,38.896,-76.98
605,6D102461,Gunshot_or_Firecracker,2014-01-01,01:54:00,WashingtonDC6D,38.888,-76.916
606,3D43364,Gunshot_or_Firecracker,2014-01-01,01:54:16,WashingtonDC3D,38.935,-77.022
607,3D43365,Multiple_Gunshots,2014-01-01,01:54:24,WashingtonDC3D,38.936,-77.021
608,4D34459,Multiple_Gunshots,2014-01-01,01:54:30,WashingtonDC4D,38.936,-77.023
609,3D43366,Multiple_Gunshots,2014-01-01,01:54:32,WashingtonDC3D,38.936,-77.023
610,7D119598,Single_Gunshot,2014-01-01,01:54:37,WashingtonDC7D,38.828,-77.002
611,3D43367,Single_Gunshot,2014-01-01,01:54:41,WashingtonDC3D,38.936,-77.022
612,3D43368,Single_Gunshot,2014-01-01,01:55:16,WashingtonDC3D,38.913,-77.03
613,7D119599,Single_Gunshot,2014-01-01,01:56:58,WashingtonDC7D,38.827,-77.002
614,6D102462,Multiple_Gunshots,2014-01-01,01:57:27,WashingtonDC6D,38.897,-76.919
615,6D102463,Multiple_Gunshots,2014-01-01,01:57:32,WashingtonDC6D,38.897,-76.919
616,6D102464,Single_Gunshot,2014-01-01,01:57:38,WashingtonDC6D,38.897,-76.918
617,3D43369,Single_Gunshot,2014-01-01,02:00:20,WashingtonDC3D,38.91,-77.03
618,5D39834,Single_Gunshot,2014-01-01,02:00:24,WashingtonDC5D,38.912,-77.02
619,7D119600,Single_Gunshot,2014-01-01,02:00:54,WashingtonDC7D,38.827,-77.002
620,7D119601,Single_Gunshot,2014-01-01,02:01:31,WashingtonDC7D,38.828,-77.002
621,7D119602,Single_Gunshot,2014-01-01,02:01:58,WashingtonDC7D,38.828,-77.002
622,7D119603,Single_Gunshot,2014-01-01,02:02:16,WashingtonDC7D,38.828,-77.002
623,3D43370,Single_Gunshot,2014-01-01,02:02:44,WashingtonDC3D,38.909,-77.03
624,7D119605,Single_Gunshot,2014-01-01,02:02:57,WashingtonDC7D,38.828,-77.002
625,6D102465,Single_Gunshot,2014-01-01,02:03:05,WashingtonDC6D,38.896,-76.94
626,7D119606,Single_Gunshot,2014-01-01,02:05:08,WashingtonDC7D,38.831,-77.001
627,7D119607,Multiple_Gunshots,2014-01-01,02:05:15,WashingtonDC7D,38.838,-77.006
628,3D43371,Single_Gunshot,2014-01-01,02:05:35,WashingtonDC3D,38.907,-77.031
629,7D119608,Single_Gunshot,2014-01-01,02:06:36,WashingtonDC7D,38.836,-77.003
630,7D119609,Multiple_Gunshots,2014-01-01,02:10:42,WashingtonDC7D,38.823,-77.004
631,7D119610,Single_Gunshot,2014-01-01,02:11:04,WashingtonDC7D,38.821,-76.995
632,7D119611,Single_Gunshot,2014-01-01,02:11:46,WashingtonDC7D,38.822,-77.005
633,7D119612,Multiple_Gunshots,2014-01-01,02:12:08,WashingtonDC7D,38.822,-77.005
634,7D119613,Single_Gunshot,2014-01-01,02:12:21,WashingtonDC7D,38.822,-77.005
635,6D102466,Single_Gunshot,2014-01-01,02:14:39,WashingtonDC6D,38.889,-76.93
636,6D102467,Single_Gunshot,2014-01-01,02:16:11,WashingtonDC6D,38.904,-76.928
637,6D102468,Single_Gunshot,2014-01-01,02:18:03,WashingtonDC6D,38.889,-76.908
638,6D102469,Multiple_Gunshots,2014-01-01,02:20:56,WashingtonDC6D,38.886,-76.908
639,6D102470,Multiple_Gunshots,2014-01-01,02:26:38,WashingtonDC6D,38.892,-76.952
640,6D102471,Single_Gunshot,2014-01-01,02:27:32,WashingtonDC6D,38.893,-76.931
641,6D102472,Multiple_Gunshots,2014-01-01,02:28:35,WashingtonDC6D,38.885,-76.954
642,6D102473,Single_Gunshot,2014-01-01,02:28:44,WashingtonDC6D,38.886,-76.955
643,6D102474,Single_Gunshot,2014-01-01,02:30:04,WashingtonDC6D,38.857,-76.974
644,7D119616,Multiple_Gunshots,2014-01-01,02:30:22,WashingtonDC7D,38.857,-76.973
645,7D119617,Single_Gunshot,2014-01-01,02:30:29,WashingtonDC7D,38.859,-76.999
646,7D119618,Single_Gunshot,2014-01-01,02:30:34,WashingtonDC7D,38.833,-76.999
647,7D119619,Single_Gunshot,2014-01-01,02:31:09,WashingtonDC7D,38.857,-76.973
648,6D102475,Single_Gunshot,2014-01-01,02:31:12,WashingtonDC6D,38.857,-76.974
649,7D119620,Single_Gunshot,2014-01-01,02:32:46,WashingtonDC7D,38.857,-76.973
650,6D102476,Single_Gunshot,2014-01-01,02:32:49,WashingtonDC6D,38.857,-76.974
651,7D119621,Multiple_Gunshots,2014-01-01,02:36:48,WashingtonDC7D,38.859,-76.999
652,7D119622,Multiple_Gunshots,2014-01-01,02:36:56,WashingtonDC7D,38.859,-76.999
653,6D102479,Multiple_Gunshots,2014-01-01,02:36:56,WashingtonDC6D,38.859,-76.999
654,7D119623,Single_Gunshot,2014-01-01,02:40:17,WashingtonDC7D,38.844,-76.988
655,7D119624,Multiple_Gunshots,2014-01-01,02:41:48,WashingtonDC7D,38.859,-76.999
656,7D119625,Single_Gunshot,2014-01-01,02:43:42,WashingtonDC7D,38.845,-76.988
657,7D119626,Single_Gunshot,2014-01-01,02:44:23,WashingtonDC7D,38.857,-76.974
658,6D102480,Single_Gunshot,2014-01-01,02:44:26,WashingtonDC6D,38.857,-76.974
659,6D102481,Single_Gunshot,2014-01-01,02:49:19,WashingtonDC6D,38.883,-76.936
660,7D119627,Single_Gunshot,2014-01-01,02:53:35,WashingtonDC7D,38.857,-76.972
661,6D102482,Multiple_Gunshots,2014-01-01,02:53:52,WashingtonDC6D,38.911,-76.936
662,5D39840,Multiple_Gunshots,2014-01-01,02:57:40,WashingtonDC5D,38.909,-76.984
663,7D119628,Multiple_Gunshots,2014-01-01,02:58:03,WashingtonDC7D,38.821,-77.009
664,6D102484,Multiple_Gunshots,2014-01-01,02:58:04,WashingtonDC6D,38.913,-76.938
665,6D102485,Multiple_Gunshots,2014-01-01,02:58:10,WashingtonDC6D,38.914,-76.939
666,6D102486,Single_Gunshot,2014-01-01,02:58:29,WashingtonDC6D,38.88,-76.926
667,6D102487,Single_Gunshot,2014-01-01,02:58:59,WashingtonDC6D,38.856,-76.974
668,1D56082,Single_Gunshot,2014-01-01,03:04:20,WashingtonDC1D,38.881,-77.008
669,6D102489,Single_Gunshot,2014-01-01,03:05:11,WashingtonDC6D,38.912,-76.935
670,6D102490,Multiple_Gunshots,2014-01-01,03:05:17,WashingtonDC6D,38.911,-76.934
671,5D39841,Single_Gunshot,2014-01-01,03:08:04,WashingtonDC5D,38.909,-76.984
672,6D102491,Single_Gunshot,2014-01-01,03:14:16,WashingtonDC6D,38.888,-76.936
673,6D102492,Single_Gunshot,2014-01-01,03:17:11,WashingtonDC6D,38.886,-76.95
674,6D102493,Multiple_Gunshots,2014-01-01,03:19:27,WashingtonDC6D,38.911,-76.936
675,6D102494,Single_Gunshot,2014-01-01,03:35:53,WashingtonDC6D,38.869,-76.982
676,6D102495,Single_Gunshot,2014-01-01,03:36:57,WashingtonDC6D,38.888,-76.951
677,3D43372,Single_Gunshot,2014-01-01,03:40:15,WashingtonDC3D,38.919,-77.03
678,7D119630,Single_Gunshot,2014-01-01,03:41:53,WashingtonDC7D,38.85,-76.978
679,1D56083,Multiple_Gunshots,2014-01-01,03:46:30,WashingtonDC1D,38.89,-76.994
680,7D119631,Single_Gunshot,2014-01-01,03:46:34,WashingtonDC7D,38.833,-76.997
681,7D119632,Multiple_Gunshots,2014-01-01,03:46:46,WashingtonDC7D,38.833,-76.997
682,3D43374,Multiple_Gunshots,2014-01-01,03:49:49,WashingtonDC3D,38.919,-77.03
683,3D43376,Gunshot_or_Firecracker,2014-01-01,03:54:03,WashingtonDC3D,38.919,-77.03
684,3D43377,Single_Gunshot,2014-01-01,03:59:22,WashingtonDC3D,38.919,-77.029
685,5D39842,Single_Gunshot,2014-01-01,04:00:15,WashingtonDC5D,38.912,-76.995
686,6D102496,Multiple_Gunshots,2014-01-01,04:00:42,WashingtonDC6D,38.907,-76.931
687,1D56084,Single_Gunshot,2014-01-01,04:02:28,WashingtonDC1D,38.888,-76.996
688,1D56085,Gunshot_or_Firecracker,2014-01-01,04:02:38,WashingtonDC1D,38.888,-76.994
689,1D56086,Single_Gunshot,2014-01-01,04:04:21,WashingtonDC1D,38.887,-76.997
690,7D119633,Single_Gunshot,2014-01-01,04:12:21,WashingtonDC7D,38.857,-76.988
691,7D119634,Multiple_Gunshots,2014-01-01,04:14:30,WashingtonDC7D,38.828,-77.003
692,7D119635,Single_Gunshot,2014-01-01,04:14:34,WashingtonDC7D,38.828,-77.003
693,3D43378,Single_Gunshot,2014-01-01,04:19:57,WashingtonDC3D,38.919,-77.03
694,4D34463,Single_Gunshot,2014-01-01,04:20:05,WashingtonDC4D,38.924,-77.028
695,7D119636,Multiple_Gunshots,2014-01-01,04:58:20,WashingtonDC7D,38.857,-76.974
696,6D102497,Multiple_Gunshots,2014-01-01,05:09:47,WashingtonDC6D,38.886,-76.95
697,7D119647,Single_Gunshot,2014-01-01,17:31:08,WashingtonDC7D,38.857,-76.972
698,6D102511,Multiple_Gunshots,2014-01-01,18:01:53,WashingtonDC6D,38.884,-76.929
699,7D119650,Single_Gunshot,2014-01-01,18:22:28,WashingtonDC7D,38.857,-76.972
700,7D119651,Single_Gunshot,2014-01-01,18:23:07,WashingtonDC7D,38.857,-76.972
701,7D119652,Single_Gunshot,2014-01-01,18:23:54,WashingtonDC7D,38.857,-76.972
702,6D102526,Multiple_Gunshots,2014-01-01,19:12:29,WashingtonDC6D,38.875,-76.932
703,6D102527,Multiple_Gunshots,2014-01-01,19:12:43,WashingtonDC6D,38.875,-76.932
704,6D102532,Multiple_Gunshots,2014-01-01,19:20:42,WashingtonDC6D,38.878,-76.926
705,7D119655,Multiple_Gunshots,2014-01-01,19:38:09,WashingtonDC7D,38.849,-76.983
706,7D119656,Single_Gunshot,2014-01-01,19:56:54,WashingtonDC7D,38.822,-76.993
707,7D119660,Multiple_Gunshots,2014-01-01,21:31:37,WashingtonDC7D,38.855,-76.991
708,6D102566,Single_Gunshot,2014-01-01,21:53:48,WashingtonDC6D,38.865,-76.978
709,7D119662,Single_Gunshot,2014-01-01,22:57:42,WashingtonDC7D,38.856,-76.973
710,6D102569,Single_Gunshot,2014-01-01,22:58:12,WashingtonDC6D,38.856,-76.973
711,6D102570,Single_Gunshot,2014-01-01,23:45:16,WashingtonDC6D,38.877,-76.978
712,1D56090,Single_Gunshot,2014-01-01,23:45:18,WashingtonDC1D,38.877,-76.978
713,7D119663,Single_Gunshot,2014-01-02,00:08:52,WashingtonDC7D,38.82,-76.994
714,6D102571,Multiple_Gunshots,2014-01-02,01:05:46,WashingtonDC6D,38.894,-76.929
715,6D102572,Single_Gunshot,2014-01-02,01:42:54,WashingtonDC6D,38.886,-76.95
716,7D119665,Single_Gunshot,2014-01-02,01:48:36,WashingtonDC7D,38.845,-76.981
717,6D102573,Multiple_Gunshots,2014-01-02,02:53:00,WashingtonDC6D,38.894,-76.922
718,5D39859,Multiple_Gunshots,2014-01-02,12:52:14,WashingtonDC5D,38.91,-76.992
719,3D43381,Gunshot_or_Firecracker,2014-01-02,16:58:34,WashingtonDC3D,38.935,-77.022
720,7D119669,Single_Gunshot,2014-01-02,18:55:18,WashingtonDC7D,38.857,-76.971
721,5D39862,Multiple_Gunshots,2014-01-02,20:23:04,WashingtonDC5D,38.913,-77.002
722,5D39863,Multiple_Gunshots,2014-01-02,20:23:23,WashingtonDC5D,38.913,-77.002
723,7D119671,Multiple_Gunshots,2014-01-02,21:22:56,WashingtonDC7D,38.86,-76.99
724,7D119672,Multiple_Gunshots,2014-01-02,22:49:02,WashingtonDC7D,38.85,-76.976
725,6D102591,Single_Gunshot,2014-01-03,01:16:16,WashingtonDC6D,38.881,-76.94
726,6D102594,Single_Gunshot,2014-01-03,03:02:21,WashingtonDC6D,38.899,-76.951
727,5D39864,Gunshot_or_Firecracker,2014-01-03,03:19:17,WashingtonDC5D,38.922,-76.986
728,1D56094,Multiple_Gunshots,2014-01-03,19:45:48,WashingtonDC1D,38.902,-76.976
729,1D56095,Single_Gunshot,2014-01-03,19:45:55,WashingtonDC1D,38.902,-76.975
730,1D56096,Multiple_Gunshots,2014-01-03,19:45:58,WashingtonDC1D,38.902,-76.975
731,7D119676,Single_Gunshot,2014-01-03,20:43:01,WashingtonDC7D,38.851,-76.968
732,7D119677,Multiple_Gunshots,2014-01-03,22:54:23,WashingtonDC7D,38.845,-76.998
733,7D119678,Single_Gunshot,2014-01-03,23:47:43,WashingtonDC7D,38.827,-77.003
734,7D119679,Single_Gunshot,2014-01-04,00:58:20,WashingtonDC7D,38.827,-76.999
735,6D102614,Multiple_Gunshots,2014-01-04,19:18:39,WashingtonDC6D,38.894,-76.924
736,5D39869,Gunshot_or_Firecracker,2014-01-04,23:52:25,WashingtonDC5D,38.917,-77.003
737,7D119688,Single_Gunshot,2014-01-05,00:25:34,WashingtonDC7D,38.855,-76.968
738,6D102616,Single_Gunshot,2014-01-05,03:43:44,WashingtonDC6D,38.905,-76.929
739,6D102621,Multiple_Gunshots,2014-01-05,21:25:50,WashingtonDC6D,38.905,-76.929
740,6D102622,Multiple_Gunshots,2014-01-05,21:31:52,WashingtonDC6D,38.896,-76.929
741,6D102623,Multiple_Gunshots,2014-01-05,22:12:39,WashingtonDC6D,38.886,-76.927
742,6D102624,Multiple_Gunshots,2014-01-05,22:12:44,WashingtonDC6D,38.885,-76.926
743,5D39873,Single_Gunshot,2014-01-06,01:54:08,WashingtonDC5D,38.908,-76.982
744,6D102633,Single_Gunshot,2014-01-07,04:09:02,WashingtonDC6D,38.88,-76.927
745,6D102634,Multiple_Gunshots,2014-01-07,04:09:08,WashingtonDC6D,38.88,-76.928
746,6D102635,Single_Gunshot,2014-01-07,04:09:18,WashingtonDC6D,38.88,-76.928
747,7D119698,Multiple_Gunshots,2014-01-08,19:23:26,WashingtonDC7D,38.827,-77.009
748,6D102652,Multiple_Gunshots,2014-01-08,20:45:12,WashingtonDC6D,38.885,-76.961
749,6D102653,Multiple_Gunshots,2014-01-08,21:28:19,WashingtonDC6D,38.896,-76.929
750,3D43390,Gunshot_or_Firecracker,2014-01-08,21:43:42,WashingtonDC3D,38.911,-77.023
751,6D102655,Multiple_Gunshots,2014-01-09,00:05:02,WashingtonDC6D,38.915,-76.939
752,6D102656,Multiple_Gunshots,2014-01-09,00:05:12,WashingtonDC6D,38.914,-76.939
753,6D102672,Multiple_Gunshots,2014-01-09,20:24:13,WashingtonDC6D,38.905,-76.929
754,7D119699,Multiple_Gunshots,2014-01-09,23:12:23,WashingtonDC7D,38.827,-76.999
755,6D102673,Single_Gunshot,2014-01-09,23:31:53,WashingtonDC6D,38.877,-76.94
756,6D102674,Single_Gunshot,2014-01-10,00:52:18,WashingtonDC6D,38.893,-76.935
757,4D34498,Single_Gunshot,2014-01-10,01:36:27,WashingtonDC4D,38.953,-77.017
758,4D34499,Multiple_Gunshots,2014-01-10,02:08:33,WashingtonDC4D,38.956,-77.03
759,4D34500,Multiple_Gunshots,2014-01-10,02:08:44,WashingtonDC4D,38.956,-77.03
760,6D102677,Single_Gunshot,2014-01-10,03:37:35,WashingtonDC6D,38.893,-76.906
761,4D34501,Single_Gunshot,2014-01-10,03:59:13,WashingtonDC4D,38.944,-77.023
762,5D39896,Multiple_Gunshots,2014-01-10,18:57:32,WashingtonDC5D,38.904,-77.011
763,6D102684,Multiple_Gunshots,2014-01-11,01:27:21,WashingtonDC6D,38.891,-76.914
764,7D119702,Single_Gunshot,2014-01-11,02:26:13,WashingtonDC7D,38.843,-76.985
765,7D119704,Multiple_Gunshots,2014-01-11,03:14:00,WashingtonDC7D,38.855,-76.992
766,6D102691,Multiple_Gunshots,2014-01-11,16:55:01,WashingtonDC6D,38.883,-76.945
767,7D119710,Single_Gunshot,2014-01-11,19:03:16,WashingtonDC7D,38.829,-76.99
768,7D119711,Single_Gunshot,2014-01-11,19:09:32,WashingtonDC7D,38.829,-76.99
769,7D119712,Multiple_Gunshots,2014-01-11,23:50:01,WashingtonDC7D,38.844,-76.978
770,6D102701,Single_Gunshot,2014-01-12,17:57:43,WashingtonDC6D,38.901,-76.949
771,7D119718,Multiple_Gunshots,2014-01-12,18:00:08,WashingtonDC7D,38.862,-76.998
772,6D102704,Single_Gunshot,2014-01-12,18:30:52,WashingtonDC6D,38.877,-76.964
773,4D34515,Multiple_Gunshots,2014-01-12,22:36:41,WashingtonDC4D,38.947,-77.016
774,6D102724,Multiple_Gunshots,2014-01-12,23:04:46,WashingtonDC6D,38.904,-76.914
775,1D56123,Single_Gunshot,2014-01-13,00:26:32,WashingtonDC1D,38.878,-77.014
776,5D39903,Multiple_Gunshots,2014-01-13,11:15:42,WashingtonDC5D,38.922,-77.003
777,3D43415,Multiple_Gunshots,2014-01-13,12:15:19,WashingtonDC3D,38.916,-77.028
778,1D56132,Multiple_Gunshots,2014-01-13,14:06:22,WashingtonDC1D,38.873,-77.012
779,1D56133,Multiple_Gunshots,2014-01-13,14:06:24,WashingtonDC1D,38.873,-77.012
780,7D119728,Multiple_Gunshots,2014-01-13,14:17:14,WashingtonDC7D,38.827,-77.005
781,7D119729,Multiple_Gunshots,2014-01-13,14:17:21,WashingtonDC7D,38.824,-77.006
782,7D119732,Single_Gunshot,2014-01-13,19:34:30,WashingtonDC7D,38.827,-76.998
783,1D56134,Multiple_Gunshots,2014-01-13,19:52:26,WashingtonDC1D,38.899,-76.976
784,5D39910,Multiple_Gunshots,2014-01-13,19:52:28,WashingtonDC5D,38.899,-76.976
785,7D119741,Multiple_Gunshots,2014-01-13,23:19:26,WashingtonDC7D,38.857,-76.973
786,7D119742,Single_Gunshot,2014-01-14,00:28:36,WashingtonDC7D,38.857,-76.993
787,1D56135,Multiple_Gunshots,2014-01-14,03:40:05,WashingtonDC1D,38.879,-77.013
788,1D56136,Multiple_Gunshots,2014-01-14,03:40:27,WashingtonDC1D,38.879,-77.014
789,7D119745,Single_Gunshot,2014-01-14,11:08:20,WashingtonDC7D,38.836,-76.988
790,6D102749,Multiple_Gunshots,2014-01-14,20:36:06,WashingtonDC6D,38.895,-76.925
791,6D102753,Multiple_Gunshots,2014-01-14,21:47:49,WashingtonDC6D,38.874,-76.934
792,7D119747,Single_Gunshot,2014-01-14,22:17:41,WashingtonDC7D,38.83,-77.0
793,6D102754,Single_Gunshot,2014-01-14,23:22:33,WashingtonDC6D,38.88,-76.926
794,6D102761,Single_Gunshot,2014-01-15,02:11:59,WashingtonDC6D,38.893,-76.913
795,7D119751,Multiple_Gunshots,2014-01-15,15:29:25,WashingtonDC7D,38.832,-76.997
796,7D119752,Multiple_Gunshots,2014-01-15,18:04:12,WashingtonDC7D,38.827,-77.008
797,6D102769,Multiple_Gunshots,2014-01-15,21:01:36,WashingtonDC6D,38.897,-76.934
798,6D102770,Multiple_Gunshots,2014-01-16,01:16:54,WashingtonDC6D,38.912,-76.922
799,4D34539,Multiple_Gunshots,2014-01-16,03:10:00,WashingtonDC4D,38.95,-77.028
800,6D102801,Multiple_Gunshots,2014-01-16,20:35:37,WashingtonDC6D,38.886,-76.925
801,7D119762,Gunshot_or_Firecracker,2014-01-16,20:54:16,WashingtonDC7D,38.858,-76.991
802,7D119763,Single_Gunshot,2014-01-17,00:46:11,WashingtonDC7D,38.846,-76.983
803,1D56558,Single_Gunshot,2014-01-17,01:02:52,WashingtonDC1D,38.893,-76.977
804,7D119764,Multiple_Gunshots,2014-01-17,03:15:39,WashingtonDC7D,38.856,-76.991
805,7D119765,Single_Gunshot,2014-01-17,03:15:58,WashingtonDC7D,38.855,-76.991
806,7D119766,Multiple_Gunshots,2014-01-17,03:16:03,WashingtonDC7D,38.855,-76.991
807,6D102803,Multiple_Gunshots,2014-01-17,03:16:09,WashingtonDC6D,38.856,-76.991
808,4D34549,Multiple_Gunshots,2014-01-17,23:24:56,WashingtonDC4D,38.939,-77.018
809,6D102825,Multiple_Gunshots,2014-01-18,00:38:30,WashingtonDC6D,38.891,-76.915
810,5D39927,Single_Gunshot,2014-01-18,01:19:14,WashingtonDC5D,38.906,-77.013
811,7D119778,Single_Gunshot,2014-01-18,01:29:04,WashingtonDC7D,38.859,-76.999
812,6D102826,Multiple_Gunshots,2014-01-18,02:19:40,WashingtonDC6D,38.879,-76.942
813,5D39928,Multiple_Gunshots,2014-01-18,03:16:20,WashingtonDC5D,38.909,-76.986
814,1D56565,Single_Gunshot,2014-01-18,23:40:31,WashingtonDC1D,38.877,-77.02
815,1D56571,Multiple_Gunshots,2014-01-19,06:39:04,WashingtonDC1D,38.873,-77.012
816,7D119786,Multiple_Gunshots,2014-01-19,18:48:34,WashingtonDC7D,38.859,-76.99
817,7D119789,Single_Gunshot,2014-01-19,18:56:52,WashingtonDC7D,38.833,-76.985
818,6D102840,Multiple_Gunshots,2014-01-19,23:02:35,WashingtonDC6D,38.882,-76.935
819,6D102841,Single_Gunshot,2014-01-20,00:07:28,WashingtonDC6D,38.88,-76.935
820,6D102842,Multiple_Gunshots,2014-01-20,00:08:18,WashingtonDC6D,38.903,-76.924
821,4D34552,Single_Gunshot,2014-01-20,01:36:45,WashingtonDC4D,38.95,-77.027
822,7D119791,Single_Gunshot,2014-01-20,02:18:03,WashingtonDC7D,38.854,-76.982
823,6D102843,Multiple_Gunshots,2014-01-20,02:33:30,WashingtonDC6D,38.902,-76.933
824,6D102844,Multiple_Gunshots,2014-01-20,03:30:50,WashingtonDC6D,38.892,-76.953
825,6D102845,Multiple_Gunshots,2014-01-20,03:30:52,WashingtonDC6D,38.892,-76.952
826,7D119798,Single_Gunshot,2014-01-20,23:14:40,WashingtonDC7D,38.827,-76.998
827,7D119799,Multiple_Gunshots,2014-01-21,00:54:52,WashingtonDC7D,38.832,-77.005
828,1D56576,Single_Gunshot,2014-01-21,01:15:08,WashingtonDC1D,38.877,-77.018
829,7D119800,Multiple_Gunshots,2014-01-21,01:51:59,WashingtonDC7D,38.875,-76.988
830,6D102849,Multiple_Gunshots,2014-01-21,01:57:44,WashingtonDC6D,38.887,-76.943
831,6D102850,Single_Gunshot,2014-01-21,02:48:27,WashingtonDC6D,38.886,-76.93
832,5D39934,Multiple_Gunshots,2014-01-21,03:47:09,WashingtonDC5D,38.92,-76.988
833,7D119807,Multiple_Gunshots,2014-01-21,11:56:35,WashingtonDC7D,38.871,-76.981
834,7D119808,Multiple_Gunshots,2014-01-21,19:03:47,WashingtonDC7D,38.865,-76.976
835,6D102857,Multiple_Gunshots,2014-01-21,20:58:54,WashingtonDC6D,38.889,-76.921
836,6D102859,Single_Gunshot,2014-01-21,21:25:31,WashingtonDC6D,38.896,-76.929
837,7D119809,Multiple_Gunshots,2014-01-21,22:02:41,WashingtonDC7D,38.845,-77.001
838,7D119810,Single_Gunshot,2014-01-21,22:23:32,WashingtonDC7D,38.844,-76.988
839,3D43443,Multiple_Gunshots,2014-01-21,22:26:57,WashingtonDC3D,38.935,-77.035
840,4D34561,Multiple_Gunshots,2014-01-21,22:26:59,WashingtonDC4D,38.933,-77.038
841,3D43444,Multiple_Gunshots,2014-01-21,22:29:32,WashingtonDC3D,38.935,-77.036
842,4D34562,Multiple_Gunshots,2014-01-21,22:31:19,WashingtonDC4D,38.934,-77.037
843,7D119811,Multiple_Gunshots,2014-01-21,22:53:05,WashingtonDC7D,38.827,-76.999
844,7D119812,Single_Gunshot,2014-01-21,22:54:25,WashingtonDC7D,38.851,-76.986
845,7D119813,Single_Gunshot,2014-01-22,00:51:51,WashingtonDC7D,38.856,-76.973
846,1D56582,Multiple_Gunshots,2014-01-22,16:07:44,WashingtonDC1D,38.874,-77.012
847,6D102867,Single_Gunshot,2014-01-22,17:52:17,WashingtonDC6D,38.894,-76.918
848,6D102868,Single_Gunshot,2014-01-22,17:52:24,WashingtonDC6D,38.894,-76.919
849,7D119814,Multiple_Gunshots,2014-01-22,21:37:47,WashingtonDC7D,38.845,-76.985
850,7D119815,Multiple_Gunshots,2014-01-22,22:34:29,WashingtonDC7D,38.841,-76.986
851,6D102883,Multiple_Gunshots,2014-01-23,11:24:16,WashingtonDC6D,38.898,-76.931
852,1D56590,Multiple_Gunshots,2014-01-23,22:21:39,WashingtonDC1D,38.9,-76.977
853,6D102889,Multiple_Gunshots,2014-01-24,09:18:44,WashingtonDC6D,38.883,-76.928
854,7D119821,Single_Gunshot,2014-01-24,12:22:20,WashingtonDC7D,38.841,-76.987
855,7D119822,Multiple_Gunshots,2014-01-24,14:42:06,WashingtonDC7D,38.859,-76.999
856,7D119825,Multiple_Gunshots,2014-01-24,20:18:51,WashingtonDC7D,38.844,-76.993
857,6D102894,Multiple_Gunshots,2014-01-25,00:43:57,WashingtonDC6D,38.881,-76.926
858,7D119826,Multiple_Gunshots,2014-01-25,01:40:55,WashingtonDC7D,38.853,-76.979
859,5D39948,Multiple_Gunshots,2014-01-25,03:04:56,WashingtonDC5D,38.906,-77.008
860,5D39949,Multiple_Gunshots,2014-01-25,03:31:58,WashingtonDC5D,38.907,-77.009
861,6D102899,Single_Gunshot,2014-01-25,08:14:07,WashingtonDC6D,38.892,-76.94
862,7D119828,Single_Gunshot,2014-01-25,19:22:50,WashingtonDC7D,38.833,-77.007
863,7D119829,Single_Gunshot,2014-01-25,19:22:56,WashingtonDC7D,38.833,-77.006
864,6D102905,Multiple_Gunshots,2014-01-25,20:18:31,WashingtonDC6D,38.897,-76.928
865,6D102907,Multiple_Gunshots,2014-01-25,21:18:31,WashingtonDC6D,38.884,-76.922
866,6D102908,Multiple_Gunshots,2014-01-25,21:37:34,WashingtonDC6D,38.894,-76.926
867,7D119830,Single_Gunshot,2014-01-25,21:45:05,WashingtonDC7D,38.849,-76.978
868,7D119832,Single_Gunshot,2014-01-26,01:57:35,WashingtonDC7D,38.828,-77.003
869,7D119833,Single_Gunshot,2014-01-26,02:13:57,WashingtonDC7D,38.857,-76.973
870,4D34578,Multiple_Gunshots,2014-01-26,04:28:26,WashingtonDC4D,38.951,-77.025
871,5D39960,Multiple_Gunshots,2014-01-26,11:05:58,WashingtonDC5D,38.912,-76.99
872,6D102929,Multiple_Gunshots,2014-01-26,18:06:51,WashingtonDC6D,38.886,-76.95
873,7D119834,Single_Gunshot,2014-01-26,18:32:48,WashingtonDC7D,38.836,-77.002
874,6D102931,Multiple_Gunshots,2014-01-26,20:29:09,WashingtonDC6D,38.89,-76.924
875,7D119837,Single_Gunshot,2014-01-26,22:40:56,WashingtonDC7D,38.839,-76.962
876,1D56602,Multiple_Gunshots,2014-01-27,17:46:15,WashingtonDC1D,38.898,-76.976
877,6D102943,Single_Gunshot,2014-01-28,00:40:51,WashingtonDC6D,38.886,-76.929
878,1D56604,Multiple_Gunshots,2014-01-28,18:03:54,WashingtonDC1D,38.9,-76.976
879,1D56605,Single_Gunshot,2014-01-28,18:04:01,WashingtonDC1D,38.901,-76.976
880,6D102950,Multiple_Gunshots,2014-01-29,00:13:12,WashingtonDC6D,38.885,-76.95
881,6D102951,Single_Gunshot,2014-01-29,03:06:47,WashingtonDC6D,38.9,-76.947
882,7D119850,Multiple_Gunshots,2014-01-29,08:57:09,WashingtonDC7D,38.844,-76.991
883,1D56607,Multiple_Gunshots,2014-01-29,15:59:08,WashingtonDC1D,38.873,-77.026
884,1D56608,Multiple_Gunshots,2014-01-29,18:53:22,WashingtonDC1D,38.877,-77.018
885,7D119859,Single_Gunshot,2014-01-30,02:52:29,WashingtonDC7D,38.835,-77.006
886,6D102959,Multiple_Gunshots,2014-01-30,07:53:56,WashingtonDC6D,38.898,-76.949
887,7D119863,Multiple_Gunshots,2014-01-30,21:53:02,WashingtonDC7D,38.854,-76.972
888,1D56621,Multiple_Gunshots,2014-01-31,14:54:23,WashingtonDC1D,38.877,-77.017
889,7D119866,Multiple_Gunshots,2014-01-31,21:44:21,WashingtonDC7D,38.826,-76.999
890,6D102981,Single_Gunshot,2014-01-31,23:28:41,WashingtonDC6D,38.882,-76.924
891,6D102984,Single_Gunshot,2014-02-01,00:28:43,WashingtonDC6D,38.881,-76.938
892,7D119867,Single_Gunshot,2014-02-01,00:34:11,WashingtonDC7D,38.846,-76.983
893,6D102985,Multiple_Gunshots,2014-02-01,03:06:01,WashingtonDC6D,38.892,-76.952
894,6D102986,Multiple_Gunshots,2014-02-01,03:06:12,WashingtonDC6D,38.892,-76.952
895,6D102987,Single_Gunshot,2014-02-01,03:34:19,WashingtonDC6D,38.905,-76.914
896,7D119869,Multiple_Gunshots,2014-02-01,11:44:11,WashingtonDC7D,38.846,-76.971
897,4D34595,Multiple_Gunshots,2014-02-01,15:08:16,WashingtonDC4D,38.94,-77.024
898,7D119870,Multiple_Gunshots,2014-02-01,15:08:28,WashingtonDC7D,38.821,-76.999
899,1D56643,Single_Gunshot,2014-02-02,00:03:25,WashingtonDC1D,38.892,-76.977
900,1D56644,Single_Gunshot,2014-02-02,00:06:33,WashingtonDC1D,38.896,-76.983
901,7D119876,Multiple_Gunshots,2014-02-02,00:27:17,WashingtonDC7D,38.827,-76.999
902,7D119877,Multiple_Gunshots,2014-02-02,00:27:26,WashingtonDC7D,38.845,-76.978
903,7D119878,Multiple_Gunshots,2014-02-02,00:27:28,WashingtonDC7D,38.847,-76.977
904,6D102999,Multiple_Gunshots,2014-02-02,00:35:06,WashingtonDC6D,38.896,-76.93
905,6D103000,Multiple_Gunshots,2014-02-02,00:35:18,WashingtonDC6D,38.896,-76.931
906,6D103001,Multiple_Gunshots,2014-02-02,00:35:19,WashingtonDC6D,38.896,-76.931
907,6D103002,Single_Gunshot,2014-02-02,00:40:26,WashingtonDC6D,38.884,-76.938
908,7D119879,Single_Gunshot,2014-02-02,01:31:49,WashingtonDC7D,38.836,-76.988
909,7D119880,Single_Gunshot,2014-02-02,02:15:56,WashingtonDC7D,38.845,-76.977
910,7D119881,Single_Gunshot,2014-02-02,04:30:18,WashingtonDC7D,38.838,-76.988
911,5D39992,Single_Gunshot,2014-02-02,05:37:46,WashingtonDC5D,38.909,-76.986
912,7D119884,Multiple_Gunshots,2014-02-02,18:05:36,WashingtonDC7D,38.844,-76.978
913,7D119887,Single_Gunshot,2014-02-02,22:40:42,WashingtonDC7D,38.861,-76.985
914,7D119888,Multiple_Gunshots,2014-02-02,22:49:55,WashingtonDC7D,38.862,-76.981
915,6D103015,Single_Gunshot,2014-02-03,00:00:47,WashingtonDC6D,38.877,-76.932
916,7D119889,Single_Gunshot,2014-02-03,01:09:12,WashingtonDC7D,38.833,-77.006
917,6D103018,Multiple_Gunshots,2014-02-03,19:26:33,WashingtonDC6D,38.88,-76.956
918,6D103021,Multiple_Gunshots,2014-02-03,19:38:00,WashingtonDC6D,38.893,-76.923
919,5D40001,Multiple_Gunshots,2014-02-03,21:31:45,WashingtonDC5D,38.92,-76.983
920,6D103032,Multiple_Gunshots,2014-02-04,12:25:24,WashingtonDC6D,38.899,-76.917
921,7D119898,Multiple_Gunshots,2014-02-04,16:03:54,WashingtonDC7D,38.825,-77.002
922,6D103037,Multiple_Gunshots,2014-02-04,17:46:27,WashingtonDC6D,38.905,-76.92
923,6D103038,Multiple_Gunshots,2014-02-04,17:52:25,WashingtonDC6D,38.911,-76.929
924,4D34615,Multiple_Gunshots,2014-02-04,19:13:17,WashingtonDC4D,38.953,-77.031
925,6D103044,Single_Gunshot,2014-02-04,22:28:39,WashingtonDC6D,38.883,-76.938
926,7D119901,Single_Gunshot,2014-02-05,03:03:52,WashingtonDC7D,38.836,-76.996
927,5D40014,Gunshot_or_Firecracker,2014-02-05,03:30:59,WashingtonDC5D,38.922,-76.985
928,5D40020,Multiple_Gunshots,2014-02-05,19:02:07,WashingtonDC5D,38.908,-76.99
929,1D56664,Multiple_Gunshots,2014-02-05,19:17:44,WashingtonDC1D,38.891,-76.983
930,6D103056,Multiple_Gunshots,2014-02-05,19:24:13,WashingtonDC6D,38.887,-76.934
931,1D56668,Multiple_Gunshots,2014-02-05,20:01:15,WashingtonDC1D,38.876,-77.016
932,5D40031,Multiple_Gunshots,2014-02-06,20:41:28,WashingtonDC5D,38.911,-76.994
933,7D119918,Multiple_Gunshots,2014-02-07,02:02:57,WashingtonDC7D,38.851,-76.986
934,7D119922,Single_Gunshot,2014-02-07,13:00:07,WashingtonDC7D,38.828,-77.001
935,7D119927,Multiple_Gunshots,2014-02-07,16:57:04,WashingtonDC7D,38.861,-76.993
936,4D34625,Gunshot_or_Firecracker,2014-02-07,21:38:57,WashingtonDC4D,38.952,-77.025
937,1D56680,Multiple_Gunshots,2014-02-07,22:20:13,WashingtonDC1D,38.899,-76.973
938,6D103094,Single_Gunshot,2014-02-07,22:49:16,WashingtonDC6D,38.888,-76.931
939,6D103095,Single_Gunshot,2014-02-08,00:16:05,WashingtonDC6D,38.889,-76.92
940,6D103097,Single_Gunshot,2014-02-08,01:10:11,WashingtonDC6D,38.882,-76.935
941,6D103098,Multiple_Gunshots,2014-02-08,01:10:23,WashingtonDC6D,38.882,-76.936
942,6D103099,Multiple_Gunshots,2014-02-08,01:10:34,WashingtonDC6D,38.882,-76.935
943,6D103101,Single_Gunshot,2014-02-08,02:33:15,WashingtonDC6D,38.884,-76.955
944,7D119930,Single_Gunshot,2014-02-08,02:36:47,WashingtonDC7D,38.84,-76.987
945,7D119931,Multiple_Gunshots,2014-02-08,02:55:50,WashingtonDC7D,38.846,-77.001
946,7D119932,Multiple_Gunshots,2014-02-08,03:12:10,WashingtonDC7D,38.838,-77.003
947,7D119933,Single_Gunshot,2014-02-08,03:18:45,WashingtonDC7D,38.838,-76.988
948,4D34626,Multiple_Gunshots,2014-02-08,03:36:51,WashingtonDC4D,38.944,-77.013
949,6D103109,Multiple_Gunshots,2014-02-08,13:08:36,WashingtonDC6D,38.893,-76.915
950,6D103110,Multiple_Gunshots,2014-02-08,14:22:01,WashingtonDC6D,38.898,-76.921
951,5D40047,Multiple_Gunshots,2014-02-09,01:35:16,WashingtonDC5D,38.913,-76.986
952,6D103113,Multiple_Gunshots,2014-02-09,01:38:09,WashingtonDC6D,38.883,-76.94
953,6D103114,Single_Gunshot,2014-02-09,01:54:35,WashingtonDC6D,38.901,-76.926
954,7D119941,Single_Gunshot,2014-02-09,02:45:26,WashingtonDC7D,38.827,-77.007
955,7D119942,Single_Gunshot,2014-02-09,02:58:09,WashingtonDC7D,38.855,-76.991
956,5D40048,Single_Gunshot,2014-02-09,03:11:33,WashingtonDC5D,38.906,-77.011
957,5D40049,Multiple_Gunshots,2014-02-09,03:11:53,WashingtonDC5D,38.906,-77.01
958,5D40050,Multiple_Gunshots,2014-02-09,03:12:01,WashingtonDC5D,38.906,-77.012
959,3D43483,Multiple_Gunshots,2014-02-09,03:12:03,WashingtonDC3D,38.905,-77.019
960,3D43484,Multiple_Gunshots,2014-02-09,12:34:14,WashingtonDC3D,38.91,-77.017
961,6D103144,Multiple_Gunshots,2014-02-09,20:17:18,WashingtonDC6D,38.911,-76.937
962,1D56688,Multiple_Gunshots,2014-02-09,20:44:11,WashingtonDC1D,38.878,-77.016
963,6D103145,Multiple_Gunshots,2014-02-09,20:51:12,WashingtonDC6D,38.897,-76.926
964,6D103147,Multiple_Gunshots,2014-02-09,21:49:18,WashingtonDC6D,38.889,-76.92
965,6D103167,Multiple_Gunshots,2014-02-10,15:25:10,WashingtonDC6D,38.88,-76.937
966,6D103169,Multiple_Gunshots,2014-02-10,16:06:46,WashingtonDC6D,38.891,-76.926
967,4D34633,Multiple_Gunshots,2014-02-10,19:17:27,WashingtonDC4D,38.953,-77.029
968,1D56693,Gunshot_or_Firecracker,2014-02-10,22:21:19,WashingtonDC1D,38.899,-76.984
969,4D34639,Multiple_Gunshots,2014-02-11,15:35:41,WashingtonDC4D,38.952,-77.016
970,3D43495,Multiple_Gunshots,2014-02-11,18:47:41,WashingtonDC3D,38.915,-77.02
971,3D43496,Multiple_Gunshots,2014-02-11,18:47:53,WashingtonDC3D,38.918,-77.023
972,3D43497,Multiple_Gunshots,2014-02-11,18:48:17,WashingtonDC3D,38.927,-77.025
973,7D119958,Single_Gunshot,2014-02-11,18:58:26,WashingtonDC7D,38.839,-76.997
974,6D103198,Multiple_Gunshots,2014-02-12,00:36:50,WashingtonDC6D,38.896,-76.925
975,6D103199,Multiple_Gunshots,2014-02-12,00:36:58,WashingtonDC6D,38.896,-76.925
976,7D119959,Multiple_Gunshots,2014-02-12,03:36:55,WashingtonDC7D,38.845,-76.974
977,6D103220,Multiple_Gunshots,2014-02-12,20:19:01,WashingtonDC6D,38.893,-76.921
978,6D103221,Multiple_Gunshots,2014-02-12,22:00:17,WashingtonDC6D,38.893,-76.914
979,5D40087,Multiple_Gunshots,2014-02-12,23:12:52,WashingtonDC5D,38.931,-76.975
980,1D56705,Single_Gunshot,2014-02-13,00:30:36,WashingtonDC1D,38.878,-77.016
981,6D103226,Multiple_Gunshots,2014-02-13,00:32:51,WashingtonDC6D,38.877,-76.932
982,1D56706,Single_Gunshot,2014-02-13,01:36:29,WashingtonDC1D,38.878,-77.016
983,6D103227,Multiple_Gunshots,2014-02-13,02:01:49,WashingtonDC6D,38.892,-76.953
984,7D119975,Single_Gunshot,2014-02-13,21:57:03,WashingtonDC7D,38.857,-76.99
985,6D103238,Multiple_Gunshots,2014-02-13,21:59:28,WashingtonDC6D,38.876,-76.932
986,7D119984,Multiple_Gunshots,2014-02-14,15:03:14,WashingtonDC7D,38.838,-76.989
987,6D103258,Single_Gunshot,2014-02-14,22:48:58,WashingtonDC6D,38.89,-76.938
988,6D103261,Single_Gunshot,2014-02-14,23:58:23,WashingtonDC6D,38.911,-76.937
989,6D103262,Multiple_Gunshots,2014-02-15,00:03:02,WashingtonDC6D,38.901,-76.935
990,6D103265,Single_Gunshot,2014-02-15,00:37:33,WashingtonDC6D,38.909,-76.925
991,7D119986,Single_Gunshot,2014-02-15,00:42:20,WashingtonDC7D,38.845,-76.988
992,6D103266,Single_Gunshot,2014-02-15,01:03:54,WashingtonDC6D,38.881,-76.931
993,7D119987,Single_Gunshot,2014-02-15,01:13:27,WashingtonDC7D,38.829,-77.0
994,7D119988,Single_Gunshot,2014-02-15,01:13:36,WashingtonDC7D,38.83,-77.0
995,5D40098,Multiple_Gunshots,2014-02-15,01:35:31,WashingtonDC5D,38.926,-77.006
996,3D43508,Multiple_Gunshots,2014-02-15,01:35:33,WashingtonDC3D,38.926,-77.006
997,6D103267,Single_Gunshot,2014-02-15,01:39:42,WashingtonDC6D,38.9,-76.938
998,1D56718,Single_Gunshot,2014-02-15,02:46:20,WashingtonDC1D,38.902,-76.985
999,5D40099,Single_Gunshot,2014-02-15,02:58:42,WashingtonDC5D,38.919,-76.973
1000,5D40100,Multiple_Gunshots,2014-02-15,02:59:24,WashingtonDC5D,38.921,-76.975
1001,5D40101,Multiple_Gunshots,2014-02-15,02:59:27,WashingtonDC5D,38.917,-76.983
1002,7D119990,Single_Gunshot,2014-02-15,03:23:23,WashingtonDC7D,38.827,-77.001
1003,7D119991,Single_Gunshot,2014-02-15,03:23:37,WashingtonDC7D,38.827,-77.002
1004,7D119992,Multiple_Gunshots,2014-02-15,03:24:16,WashingtonDC7D,38.827,-77.003
1005,7D119993,Multiple_Gunshots,2014-02-15,03:25:04,WashingtonDC7D,38.828,-77.003
1006,7D119997,Multiple_Gunshots,2014-02-15,03:41:30,WashingtonDC7D,38.827,-77.002
1007,4D34646,Single_Gunshot,2014-02-15,04:16:44,WashingtonDC4D,38.946,-77.026
1008,6D103288,Multiple_Gunshots,2014-02-16,16:10:39,WashingtonDC6D,38.897,-76.922
1009,7D120015,Single_Gunshot,2014-02-17,21:00:01,WashingtonDC7D,38.86,-76.99
1010,7D120017,Multiple_Gunshots,2014-02-18,01:34:12,WashingtonDC7D,38.849,-76.96
1011,6D103319,Multiple_Gunshots,2014-02-18,23:05:13,WashingtonDC6D,38.911,-76.937
1012,1D56729,Single_Gunshot,2014-02-19,00:30:42,WashingtonDC1D,38.875,-77.01
1013,4D34653,Gunshot_or_Firecracker,2014-02-19,00:44:34,WashingtonDC4D,38.957,-77.016
1014,1D56730,Multiple_Gunshots,2014-02-19,01:21:25,WashingtonDC1D,38.878,-77.016
1015,7D120021,Multiple_Gunshots,2014-02-19,02:11:30,WashingtonDC7D,38.829,-77.002
1016,6D103320,Single_Gunshot,2014-02-19,02:18:39,WashingtonDC6D,38.89,-76.952
1017,6D103321,Single_Gunshot,2014-02-19,03:17:46,WashingtonDC6D,38.884,-76.929
1018,5D40138,Multiple_Gunshots,2014-02-19,04:06:53,WashingtonDC5D,38.923,-77.012
1019,3D43515,Multiple_Gunshots,2014-02-19,04:06:53,WashingtonDC3D,38.923,-77.012
1020,4D34654,Multiple_Gunshots,2014-02-19,10:57:21,WashingtonDC4D,38.941,-77.014
1021,4D34658,Multiple_Gunshots,2014-02-19,16:02:27,WashingtonDC4D,38.941,-77.027
1022,6D103332,Multiple_Gunshots,2014-02-19,23:36:37,WashingtonDC6D,38.878,-76.93
1023,6D103333,Multiple_Gunshots,2014-02-19,23:36:40,WashingtonDC6D,38.879,-76.93
1024,7D120048,Single_Gunshot,2014-02-20,22:09:52,WashingtonDC7D,38.839,-76.99
1025,6D103373,Single_Gunshot,2014-02-20,23:54:59,WashingtonDC6D,38.881,-76.927
1026,6D103375,Single_Gunshot,2014-02-21,03:08:03,WashingtonDC6D,38.892,-76.949
1027,6D103377,Multiple_Gunshots,2014-02-21,05:06:26,WashingtonDC6D,38.886,-76.932
1028,6D103378,Multiple_Gunshots,2014-02-21,05:06:41,WashingtonDC6D,38.885,-76.932
1029,1D56743,Single_Gunshot,2014-02-21,06:10:28,WashingtonDC1D,38.897,-76.983
1030,5D40162,Single_Gunshot,2014-02-21,09:59:40,WashingtonDC5D,38.918,-76.997
1031,6D103384,Multiple_Gunshots,2014-02-21,11:50:45,WashingtonDC6D,38.868,-76.979
1032,7D120051,Multiple_Gunshots,2014-02-21,18:18:23,WashingtonDC7D,38.848,-76.978
1033,7D120052,Single_Gunshot,2014-02-21,20:06:45,WashingtonDC7D,38.82,-76.991
1034,7D120053,Single_Gunshot,2014-02-21,20:24:15,WashingtonDC7D,38.841,-76.993
1035,7D120054,Single_Gunshot,2014-02-21,22:14:06,WashingtonDC7D,38.859,-76.989
1036,7D120055,Multiple_Gunshots,2014-02-21,22:25:01,WashingtonDC7D,38.86,-76.974
1037,6D103397,Single_Gunshot,2014-02-22,01:18:40,WashingtonDC6D,38.897,-76.939
1038,5D40170,Multiple_Gunshots,2014-02-22,02:48:03,WashingtonDC5D,38.908,-77.006
1039,7D120056,Multiple_Gunshots,2014-02-22,03:05:46,WashingtonDC7D,38.845,-77.002
1040,6D103402,Single_Gunshot,2014-02-22,03:33:24,WashingtonDC6D,38.9,-76.947
1041,6D103403,Single_Gunshot,2014-02-22,03:48:39,WashingtonDC6D,38.895,-76.949
1042,7D120057,Multiple_Gunshots,2014-02-22,04:28:54,WashingtonDC7D,38.827,-76.988
1043,7D120060,Multiple_Gunshots,2014-02-22,17:25:53,WashingtonDC7D,38.82,-76.999
1044,7D120061,Multiple_Gunshots,2014-02-22,17:26:02,WashingtonDC7D,38.821,-77.0
1045,5D40178,Single_Gunshot,2014-02-22,18:09:38,WashingtonDC5D,38.928,-76.992
1046,6D103418,Multiple_Gunshots,2014-02-22,21:06:28,WashingtonDC6D,38.868,-76.972
1047,6D103419,Multiple_Gunshots,2014-02-22,21:06:33,WashingtonDC6D,38.868,-76.972
1048,7D120063,Multiple_Gunshots,2014-02-22,21:25:20,WashingtonDC7D,38.828,-77.003
1049,6D103421,Multiple_Gunshots,2014-02-22,22:09:55,WashingtonDC6D,38.895,-76.925
1050,7D120065,Single_Gunshot,2014-02-23,00:27:07,WashingtonDC7D,38.855,-76.991
1051,7D120066,Single_Gunshot,2014-02-23,01:25:14,WashingtonDC7D,38.841,-76.986
1052,6D103424,Single_Gunshot,2014-02-23,01:50:20,WashingtonDC6D,38.88,-76.929
1053,6D103425,Multiple_Gunshots,2014-02-23,03:03:10,WashingtonDC6D,38.894,-76.923
1054,5D40182,Multiple_Gunshots,2014-02-23,03:25:25,WashingtonDC5D,38.907,-77.0
1055,5D40183,Multiple_Gunshots,2014-02-23,03:25:30,WashingtonDC5D,38.907,-77.0
1056,6D103427,Multiple_Gunshots,2014-02-23,08:58:41,WashingtonDC6D,38.884,-76.927
1057,7D120073,Multiple_Gunshots,2014-02-23,21:16:28,WashingtonDC7D,38.844,-76.986
1058,7D120074,Multiple_Gunshots,2014-02-23,21:16:31,WashingtonDC7D,38.845,-76.987
1059,7D120075,Multiple_Gunshots,2014-02-23,21:16:36,WashingtonDC7D,38.843,-76.986
1060,6D103432,Multiple_Gunshots,2014-02-23,21:42:02,WashingtonDC6D,38.896,-76.933
1061,6D103436,Multiple_Gunshots,2014-02-23,22:14:04,WashingtonDC6D,38.893,-76.925
1062,7D120076,Multiple_Gunshots,2014-02-23,22:34:36,WashingtonDC7D,38.841,-76.984
1063,7D120081,Multiple_Gunshots,2014-02-23,23:43:56,WashingtonDC7D,38.841,-76.988
1064,4D34687,Single_Gunshot,2014-02-24,01:04:21,WashingtonDC4D,38.943,-77.032
1065,1D56755,Multiple_Gunshots,2014-02-24,01:34:55,WashingtonDC1D,38.877,-77.014
1066,7D120082,Single_Gunshot,2014-02-24,02:30:03,WashingtonDC7D,38.833,-77.006
1067,7D120083,Single_Gunshot,2014-02-24,02:33:24,WashingtonDC7D,38.833,-77.006
1068,5D40187,Multiple_Gunshots,2014-02-24,22:01:24,WashingtonDC5D,38.921,-77.002
1069,7D120086,Single_Gunshot,2014-02-25,01:05:19,WashingtonDC7D,38.824,-77.006
1070,7D120087,Single_Gunshot,2014-02-25,01:38:45,WashingtonDC7D,38.845,-76.977
1071,7D120088,Multiple_Gunshots,2014-02-25,01:40:32,WashingtonDC7D,38.845,-76.979
1072,7D120089,Multiple_Gunshots,2014-02-25,14:51:21,WashingtonDC7D,38.855,-76.992
1073,3D43542,Multiple_Gunshots,2014-02-25,17:28:57,WashingtonDC3D,38.919,-77.021
1074,6D103465,Multiple_Gunshots,2014-02-25,20:26:17,WashingtonDC6D,38.895,-76.937
1075,7D120096,Single_Gunshot,2014-02-25,23:09:42,WashingtonDC7D,38.833,-77.006
1076,6D103469,Multiple_Gunshots,2014-02-25,23:54:35,WashingtonDC6D,38.888,-76.94
1077,6D103470,Multiple_Gunshots,2014-02-25,23:54:42,WashingtonDC6D,38.892,-76.952
1078,6D103478,Multiple_Gunshots,2014-02-26,01:37:35,WashingtonDC6D,38.895,-76.913
1079,5D40195,Multiple_Gunshots,2014-02-26,05:22:49,WashingtonDC5D,38.921,-76.982
1080,6D103509,Single_Gunshot,2014-02-27,01:27:29,WashingtonDC6D,38.88,-76.929
1081,6D103511,Multiple_Gunshots,2014-02-27,02:12:09,WashingtonDC6D,38.899,-76.905
1082,7D120101,Single_Gunshot,2014-02-27,02:46:13,WashingtonDC7D,38.822,-77.008
1083,7D120102,Single_Gunshot,2014-02-27,02:59:19,WashingtonDC7D,38.832,-76.987
1084,7D120103,Single_Gunshot,2014-02-27,03:35:08,WashingtonDC7D,38.828,-77.002
1085,6D103513,Multiple_Gunshots,2014-02-27,05:30:20,WashingtonDC6D,38.886,-76.93
1086,7D120114,Multiple_Gunshots,2014-02-27,14:36:46,WashingtonDC7D,38.844,-76.978
1087,7D120115,Multiple_Gunshots,2014-02-27,17:49:59,WashingtonDC7D,38.846,-76.979
1088,6D103523,Multiple_Gunshots,2014-02-27,21:07:18,WashingtonDC6D,38.892,-76.938
1089,7D120124,Multiple_Gunshots,2014-02-28,19:12:46,WashingtonDC7D,38.857,-76.991
1090,6D103538,Multiple_Gunshots,2014-02-28,19:45:38,WashingtonDC6D,38.905,-76.928
1091,6D103544,Multiple_Gunshots,2014-02-28,22:06:52,WashingtonDC6D,38.894,-76.935
1092,6D103545,Multiple_Gunshots,2014-02-28,22:07:04,WashingtonDC6D,38.894,-76.935
1093,4D34718,Single_Gunshot,2014-03-01,02:59:38,WashingtonDC4D,38.949,-77.026
1094,6D103547,Single_Gunshot,2014-03-01,03:40:32,WashingtonDC6D,38.889,-76.951
1095,1D56774,Multiple_Gunshots,2014-03-01,04:35:30,WashingtonDC1D,38.878,-77.016
1096,6D103561,Single_Gunshot,2014-03-01,09:49:17,WashingtonDC6D,38.877,-76.931
1097,7D120125,Multiple_Gunshots,2014-03-01,11:12:33,WashingtonDC7D,38.859,-76.998
1098,6D103564,Multiple_Gunshots,2014-03-01,11:12:46,WashingtonDC6D,38.858,-76.998
1099,7D120129,Single_Gunshot,2014-03-02,00:40:11,WashingtonDC7D,38.829,-76.993
1100,7D120130,Single_Gunshot,2014-03-02,02:40:45,WashingtonDC7D,38.847,-76.97
1101,6D103577,Single_Gunshot,2014-03-02,02:52:34,WashingtonDC6D,38.9,-76.924
1102,6D103578,Multiple_Gunshots,2014-03-02,03:37:29,WashingtonDC6D,38.871,-76.939
1103,1D56777,Multiple_Gunshots,2014-03-02,03:44:03,WashingtonDC1D,38.878,-77.016
1104,6D103580,Multiple_Gunshots,2014-03-02,04:28:44,WashingtonDC6D,38.886,-76.956
1105,6D103586,Single_Gunshot,2014-03-02,06:25:29,WashingtonDC6D,38.862,-76.97
1106,6D103595,Multiple_Gunshots,2014-03-02,16:20:58,WashingtonDC6D,38.897,-76.91
1107,1D56778,Single_Gunshot,2014-03-02,20:02:25,WashingtonDC1D,38.87,-77.012
1108,1D56779,Single_Gunshot,2014-03-02,20:03:20,WashingtonDC1D,38.87,-77.012
1109,6D103598,Single_Gunshot,2014-03-02,22:29:22,WashingtonDC6D,38.897,-76.957
1110,7D120138,Single_Gunshot,2014-03-03,22:06:08,WashingtonDC7D,38.833,-77.006
1111,7D120140,Multiple_Gunshots,2014-03-03,22:06:50,WashingtonDC7D,38.834,-77.006
1112,7D120141,Multiple_Gunshots,2014-03-03,22:06:59,WashingtonDC7D,38.833,-77.007
1113,6D103610,Multiple_Gunshots,2014-03-04,01:12:57,WashingtonDC6D,38.91,-76.94
1114,3D43562,Multiple_Gunshots,2014-03-04,12:00:29,WashingtonDC3D,38.936,-77.036
1115,4D34727,Multiple_Gunshots,2014-03-04,16:46:27,WashingtonDC4D,38.959,-77.027
1116,6D103623,Single_Gunshot,2014-03-04,21:22:35,WashingtonDC6D,38.896,-76.949
1117,6D103625,Single_Gunshot,2014-03-05,07:52:03,WashingtonDC6D,38.9,-76.939
1118,6D103627,Multiple_Gunshots,2014-03-05,15:21:38,WashingtonDC6D,38.897,-76.933
1119,1D56791,Multiple_Gunshots,2014-03-05,23:21:56,WashingtonDC1D,38.878,-77.017
1120,5D40238,Multiple_Gunshots,2014-03-07,11:11:18,WashingtonDC5D,38.905,-76.984
1121,3D43571,Multiple_Gunshots,2014-03-07,20:45:20,WashingtonDC3D,38.911,-77.019
1122,6D103664,Single_Gunshot,2014-03-07,22:39:29,WashingtonDC6D,38.886,-76.955
1123,7D120161,Single_Gunshot,2014-03-07,23:42:34,WashingtonDC7D,38.831,-77.004
1124,7D120162,Multiple_Gunshots,2014-03-07,23:46:21,WashingtonDC7D,38.847,-76.983
1125,7D120163,Multiple_Gunshots,2014-03-07,23:46:49,WashingtonDC7D,38.845,-76.983
1126,6D103666,Multiple_Gunshots,2014-03-07,23:54:45,WashingtonDC6D,38.912,-76.937
1127,7D120165,Multiple_Gunshots,2014-03-08,00:16:33,WashingtonDC7D,38.838,-76.989
1128,7D120166,Multiple_Gunshots,2014-03-08,00:16:40,WashingtonDC7D,38.837,-76.989
1129,4D34745,Multiple_Gunshots,2014-03-08,00:19:39,WashingtonDC4D,38.963,-77.032
1130,4D34746,Multiple_Gunshots,2014-03-08,00:19:43,WashingtonDC4D,38.959,-77.03
1131,7D120168,Multiple_Gunshots,2014-03-08,01:02:19,WashingtonDC7D,38.859,-76.967
1132,6D103667,Single_Gunshot,2014-03-08,02:34:26,WashingtonDC6D,38.913,-76.936
1133,6D103668,Single_Gunshot,2014-03-08,02:34:49,WashingtonDC6D,38.913,-76.936
1134,6D103669,Single_Gunshot,2014-03-08,02:35:10,WashingtonDC6D,38.913,-76.935
1135,6D103670,Single_Gunshot,2014-03-08,03:01:57,WashingtonDC6D,38.89,-76.963
1136,7D120170,Multiple_Gunshots,2014-03-08,03:39:31,WashingtonDC7D,38.832,-76.989
1137,7D120171,Multiple_Gunshots,2014-03-08,04:06:22,WashingtonDC7D,38.849,-76.98
1138,4D34747,Single_Gunshot,2014-03-08,04:49:38,WashingtonDC4D,38.95,-77.033
1139,7D120177,Multiple_Gunshots,2014-03-08,12:52:05,WashingtonDC7D,38.847,-76.972
1140,6D103675,Multiple_Gunshots,2014-03-08,17:00:33,WashingtonDC6D,38.878,-76.965
1141,7D120180,Multiple_Gunshots,2014-03-08,19:08:33,WashingtonDC7D,38.845,-76.978
1142,6D103688,Gunshot_or_Firecracker,2014-03-08,19:12:25,WashingtonDC6D,38.894,-76.911
1143,7D120185,Multiple_Gunshots,2014-03-08,19:41:48,WashingtonDC7D,38.848,-76.979
1144,7D120188,Gunshot_or_Firecracker,2014-03-08,20:20:43,WashingtonDC7D,38.833,-76.991
1145,7D120189,Multiple_Gunshots,2014-03-08,20:21:56,WashingtonDC7D,38.832,-76.992
1146,6D103696,Gunshot_or_Firecracker,2014-03-08,22:05:27,WashingtonDC6D,38.899,-76.917
1147,7D120192,Multiple_Gunshots,2014-03-08,22:25:53,WashingtonDC7D,38.85,-76.973
1148,6D103699,Multiple_Gunshots,2014-03-08,22:46:48,WashingtonDC6D,38.891,-76.936
1149,7D120193,Multiple_Gunshots,2014-03-08,23:45:34,WashingtonDC7D,38.856,-76.97
1150,6D103700,Single_Gunshot,2014-03-09,00:27:28,WashingtonDC6D,38.877,-76.932
1151,7D120194,Single_Gunshot,2014-03-09,01:15:55,WashingtonDC7D,38.854,-76.97
1152,7D120195,Single_Gunshot,2014-03-09,01:21:09,WashingtonDC7D,38.859,-76.99
1153,7D120196,Single_Gunshot,2014-03-09,01:39:20,WashingtonDC7D,38.859,-76.998
1154,6D103701,Multiple_Gunshots,2014-03-09,01:54:40,WashingtonDC6D,38.901,-76.932
1155,7D120197,Single_Gunshot,2014-03-09,03:26:57,WashingtonDC7D,38.833,-77.006
1156,6D103702,Multiple_Gunshots,2014-03-09,04:47:37,WashingtonDC6D,38.876,-76.933
1157,7D120199,Single_Gunshot,2014-03-09,13:37:47,WashingtonDC7D,38.845,-76.987
1158,4D34753,Multiple_Gunshots,2014-03-09,19:34:15,WashingtonDC4D,38.956,-77.021
1159,5D40245,Multiple_Gunshots,2014-03-09,20:16:51,WashingtonDC5D,38.922,-76.98
1160,6D103712,Multiple_Gunshots,2014-03-09,22:13:29,WashingtonDC6D,38.9,-76.921
1161,5D40246,Single_Gunshot,2014-03-10,03:06:51,WashingtonDC5D,38.908,-77.012
1162,7D120200,Multiple_Gunshots,2014-03-10,03:27:52,WashingtonDC7D,38.829,-76.992
1163,6D103755,Single_Gunshot,2014-03-10,19:16:17,WashingtonDC6D,38.9,-76.935
1164,5D40251,Multiple_Gunshots,2014-03-10,20:12:54,WashingtonDC5D,38.912,-76.992
1165,7D120216,Multiple_Gunshots,2014-03-10,21:34:39,WashingtonDC7D,38.847,-76.988
1166,7D120217,Single_Gunshot,2014-03-10,22:30:09,WashingtonDC7D,38.861,-76.998
1167,6D103757,Single_Gunshot,2014-03-10,22:30:09,WashingtonDC6D,38.861,-76.998
1168,7D120218,Multiple_Gunshots,2014-03-11,01:10:43,WashingtonDC7D,38.845,-76.998
1169,6D103759,Multiple_Gunshots,2014-03-11,01:11:27,WashingtonDC6D,38.887,-76.934
1170,6D103761,Single_Gunshot,2014-03-11,01:31:45,WashingtonDC6D,38.896,-76.921
1171,6D103762,Single_Gunshot,2014-03-11,01:32:02,WashingtonDC6D,38.898,-76.923
1172,6D103763,Single_Gunshot,2014-03-11,01:32:17,WashingtonDC6D,38.898,-76.926
1173,6D103764,Single_Gunshot,2014-03-11,01:32:27,WashingtonDC6D,38.898,-76.929
1174,6D103766,Single_Gunshot,2014-03-11,01:33:49,WashingtonDC6D,38.902,-76.94
1175,7D120219,Single_Gunshot,2014-03-11,03:52:24,WashingtonDC7D,38.854,-76.985
1176,7D120238,Multiple_Gunshots,2014-03-11,20:05:29,WashingtonDC7D,38.841,-76.999
1177,7D120239,Multiple_Gunshots,2014-03-11,22:24:16,WashingtonDC7D,38.822,-77.001
1178,6D103780,Multiple_Gunshots,2014-03-11,22:33:05,WashingtonDC6D,38.877,-76.94
1179,6D103781,Multiple_Gunshots,2014-03-11,23:07:59,WashingtonDC6D,38.877,-76.933
1180,7D120240,Single_Gunshot,2014-03-11,23:41:02,WashingtonDC7D,38.861,-76.992
1181,6D103782,Multiple_Gunshots,2014-03-12,00:05:36,WashingtonDC6D,38.86,-76.988
1182,7D120241,Multiple_Gunshots,2014-03-12,00:14:24,WashingtonDC7D,38.861,-76.987
1183,6D103783,Multiple_Gunshots,2014-03-12,00:14:25,WashingtonDC6D,38.861,-76.987
1184,7D120242,Multiple_Gunshots,2014-03-12,00:27:04,WashingtonDC7D,38.858,-76.972
1185,7D120243,Single_Gunshot,2014-03-12,01:14:51,WashingtonDC7D,38.857,-76.974
1186,7D120244,Multiple_Gunshots,2014-03-12,01:16:54,WashingtonDC7D,38.862,-76.989
1187,7D120245,Multiple_Gunshots,2014-03-12,01:24:35,WashingtonDC7D,38.863,-76.988
1188,6D103789,Multiple_Gunshots,2014-03-12,01:24:35,WashingtonDC6D,38.863,-76.988
1189,7D120246,Single_Gunshot,2014-03-12,03:15:14,WashingtonDC7D,38.838,-76.993
1190,6D103791,Multiple_Gunshots,2014-03-12,04:05:43,WashingtonDC6D,38.892,-76.938
1191,4D34767,Multiple_Gunshots,2014-03-12,08:46:38,WashingtonDC4D,38.939,-77.025
1192,7D120249,Multiple_Gunshots,2014-03-12,09:23:17,WashingtonDC7D,38.859,-76.998
1193,7D120250,Multiple_Gunshots,2014-03-12,16:59:22,WashingtonDC7D,38.854,-76.971
1194,4D34773,Gunshot_or_Firecracker,2014-03-12,18:20:41,WashingtonDC4D,38.95,-77.022
1195,4D34774,Gunshot_or_Firecracker,2014-03-12,18:20:46,WashingtonDC4D,38.951,-77.021
1196,6D103803,Single_Gunshot,2014-03-13,01:44:33,WashingtonDC6D,38.904,-76.947
1197,7D120251,Single_Gunshot,2014-03-13,23:57:12,WashingtonDC7D,38.859,-76.993
1198,6D103811,Single_Gunshot,2014-03-14,00:56:54,WashingtonDC6D,38.881,-76.928
1199,6D103812,Single_Gunshot,2014-03-14,00:59:17,WashingtonDC6D,38.881,-76.932
1200,7D120252,Multiple_Gunshots,2014-03-14,01:02:22,WashingtonDC7D,38.831,-76.996
1201,7D120253,Multiple_Gunshots,2014-03-14,02:28:13,WashingtonDC7D,38.829,-76.993
1202,4D34777,Single_Gunshot,2014-03-14,18:32:18,WashingtonDC4D,38.942,-77.026
1203,6D103822,Multiple_Gunshots,2014-03-14,19:06:45,WashingtonDC6D,38.89,-76.936
1204,7D120261,Multiple_Gunshots,2014-03-14,20:55:14,WashingtonDC7D,38.843,-76.986
1205,6D103823,Multiple_Gunshots,2014-03-14,21:23:30,WashingtonDC6D,38.893,-76.936
1206,7D120262,Multiple_Gunshots,2014-03-14,23:49:02,WashingtonDC7D,38.843,-76.985
1207,7D120263,Multiple_Gunshots,2014-03-14,23:49:12,WashingtonDC7D,38.843,-76.985
1208,7D120264,Gunshot_or_Firecracker,2014-03-14,23:49:25,WashingtonDC7D,38.843,-76.985
1209,7D120265,Multiple_Gunshots,2014-03-14,23:49:31,WashingtonDC7D,38.843,-76.985
1210,4D34779,Single_Gunshot,2014-03-14,23:55:30,WashingtonDC4D,38.941,-77.017
1211,7D120266,Single_Gunshot,2014-03-15,01:24:29,WashingtonDC7D,38.833,-77.003
1212,7D120267,Single_Gunshot,2014-03-15,01:24:43,WashingtonDC7D,38.833,-77.003
1213,7D120268,Single_Gunshot,2014-03-15,01:24:50,WashingtonDC7D,38.833,-77.003
1214,5D40273,Multiple_Gunshots,2014-03-15,03:34:48,WashingtonDC5D,38.907,-76.979
1215,7D120269,Single_Gunshot,2014-03-15,06:46:51,WashingtonDC7D,38.861,-76.999
1216,6D103835,Single_Gunshot,2014-03-15,06:56:42,WashingtonDC6D,38.871,-76.98
1217,7D120273,Multiple_Gunshots,2014-03-15,19:45:08,WashingtonDC7D,38.845,-76.988
1218,6D103844,Gunshot_or_Firecracker,2014-03-15,21:06:27,WashingtonDC6D,38.893,-76.941
1219,7D120274,Multiple_Gunshots,2014-03-15,21:41:11,WashingtonDC7D,38.829,-77.004
1220,5D40277,Gunshot_or_Firecracker,2014-03-15,22:06:23,WashingtonDC5D,38.923,-77.0
1221,7D120275,Single_Gunshot,2014-03-15,22:12:09,WashingtonDC7D,38.831,-77.007
1222,3D43582,Single_Gunshot,2014-03-15,22:16:21,WashingtonDC3D,38.933,-77.019
1223,1D56907,Multiple_Gunshots,2014-03-15,22:39:04,WashingtonDC1D,38.878,-77.017
1224,7D120276,Multiple_Gunshots,2014-03-15,23:14:07,WashingtonDC7D,38.862,-76.985
1225,7D120277,Single_Gunshot,2014-03-15,23:23:34,WashingtonDC7D,38.856,-76.97
1226,7D120278,Multiple_Gunshots,2014-03-16,00:01:58,WashingtonDC7D,38.856,-76.994
1227,7D120279,Single_Gunshot,2014-03-16,00:02:07,WashingtonDC7D,38.857,-76.991
1228,3D43583,Single_Gunshot,2014-03-16,00:24:54,WashingtonDC3D,38.937,-77.026
1229,6D103845,Single_Gunshot,2014-03-16,01:45:26,WashingtonDC6D,38.884,-76.936
1230,6D103846,Multiple_Gunshots,2014-03-16,01:49:51,WashingtonDC6D,38.882,-76.937
1231,6D103847,Single_Gunshot,2014-03-16,02:10:44,WashingtonDC6D,38.89,-76.953
1232,7D120280,Multiple_Gunshots,2014-03-16,02:15:14,WashingtonDC7D,38.827,-77.001
1233,5D40278,Single_Gunshot,2014-03-16,03:06:57,WashingtonDC5D,38.926,-77.007
1234,6D103866,Multiple_Gunshots,2014-03-16,18:09:40,WashingtonDC6D,38.894,-76.924
1235,4D34784,Single_Gunshot,2014-03-16,20:42:02,WashingtonDC4D,38.948,-77.023
1236,3D43584,Single_Gunshot,2014-03-16,22:57:09,WashingtonDC3D,38.94,-77.036
1237,5D40280,Multiple_Gunshots,2014-03-17,03:10:01,WashingtonDC5D,38.928,-76.96
1238,1D56916,Gunshot_or_Firecracker,2014-03-17,16:55:19,WashingtonDC1D,38.902,-76.985
1239,6D103879,Multiple_Gunshots,2014-03-17,21:10:17,WashingtonDC6D,38.881,-76.928
1240,7D120287,Multiple_Gunshots,2014-03-17,22:27:04,WashingtonDC7D,38.836,-76.99
1241,5D40282,Single_Gunshot,2014-03-17,23:35:43,WashingtonDC5D,38.925,-76.984
1242,7D120288,Multiple_Gunshots,2014-03-18,02:00:57,WashingtonDC7D,38.85,-76.985
1243,7D120289,Multiple_Gunshots,2014-03-18,02:19:39,WashingtonDC7D,38.831,-77.004
1244,6D103887,Single_Gunshot,2014-03-18,02:49:03,WashingtonDC6D,38.903,-76.924
1245,5D40284,Multiple_Gunshots,2014-03-18,06:30:43,WashingtonDC5D,38.904,-77.01
1246,7D120297,Single_Gunshot,2014-03-18,23:56:57,WashingtonDC7D,38.836,-76.998
1247,1D56931,Multiple_Gunshots,2014-03-19,02:37:48,WashingtonDC1D,38.878,-77.016
1248,6D103905,Single_Gunshot,2014-03-19,03:27:12,WashingtonDC6D,38.874,-76.976
1249,6D103909,Single_Gunshot,2014-03-20,00:19:16,WashingtonDC6D,38.88,-76.926
1250,6D103910,Multiple_Gunshots,2014-03-20,05:10:50,WashingtonDC6D,38.902,-76.926
1251,6D103919,Single_Gunshot,2014-03-21,08:10:05,WashingtonDC6D,38.912,-76.936
1252,5D40300,Single_Gunshot,2014-03-21,15:32:12,WashingtonDC5D,38.921,-76.98
1253,6D103932,Multiple_Gunshots,2014-03-21,21:41:46,WashingtonDC6D,38.889,-76.971
1254,1D56949,Multiple_Gunshots,2014-03-21,21:41:46,WashingtonDC1D,38.889,-76.97
1255,6D103933,Multiple_Gunshots,2014-03-21,21:46:10,WashingtonDC6D,38.889,-76.97
1256,1D56950,Gunshot_or_Firecracker,2014-03-21,21:46:10,WashingtonDC1D,38.889,-76.97
1257,7D120321,Single_Gunshot,2014-03-21,22:10:17,WashingtonDC7D,38.844,-76.99
1258,7D120324,Single_Gunshot,2014-03-21,22:53:11,WashingtonDC7D,38.862,-76.997
1259,6D103935,Multiple_Gunshots,2014-03-21,23:47:32,WashingtonDC6D,38.863,-76.969
1260,7D120325,Multiple_Gunshots,2014-03-22,00:46:39,WashingtonDC7D,38.845,-76.987
1261,7D120326,Single_Gunshot,2014-03-22,00:54:07,WashingtonDC7D,38.852,-76.957
1262,7D120327,Single_Gunshot,2014-03-22,00:55:41,WashingtonDC7D,38.852,-76.978
1263,7D120328,Single_Gunshot,2014-03-22,00:55:43,WashingtonDC7D,38.849,-76.978
1264,7D120329,Multiple_Gunshots,2014-03-22,00:58:27,WashingtonDC7D,38.847,-76.978
1265,6D103936,Multiple_Gunshots,2014-03-22,01:03:35,WashingtonDC6D,38.866,-76.97
1266,6D103937,Multiple_Gunshots,2014-03-22,01:08:26,WashingtonDC6D,38.869,-76.971
1267,6D103938,Single_Gunshot,2014-03-22,01:38:36,WashingtonDC6D,38.872,-76.971
1268,7D120330,Single_Gunshot,2014-03-22,02:29:39,WashingtonDC7D,38.841,-76.992
1269,6D103939,Single_Gunshot,2014-03-22,03:16:48,WashingtonDC6D,38.911,-76.938
1270,7D120331,Single_Gunshot,2014-03-22,03:40:44,WashingtonDC7D,38.837,-77.003
1271,6D103940,Multiple_Gunshots,2014-03-22,03:56:16,WashingtonDC6D,38.904,-76.951
1272,6D103941,Single_Gunshot,2014-03-22,03:56:40,WashingtonDC6D,38.905,-76.951
1273,7D120337,Multiple_Gunshots,2014-03-22,07:15:31,WashingtonDC7D,38.838,-77.001
1274,7D120341,Single_Gunshot,2014-03-22,20:07:40,WashingtonDC7D,38.846,-76.98
1275,6D103948,Multiple_Gunshots,2014-03-22,22:07:23,WashingtonDC6D,38.896,-76.911
1276,6D103949,Multiple_Gunshots,2014-03-22,22:09:30,WashingtonDC6D,38.871,-76.977
1277,6D103950,Multiple_Gunshots,2014-03-22,22:10:11,WashingtonDC6D,38.896,-76.911
1278,6D103951,Multiple_Gunshots,2014-03-22,22:11:42,WashingtonDC6D,38.896,-76.911
1279,6D103956,Multiple_Gunshots,2014-03-22,23:56:26,WashingtonDC6D,38.893,-76.937
1280,7D120344,Multiple_Gunshots,2014-03-23,00:43:00,WashingtonDC7D,38.842,-77.001
1281,7D120345,Multiple_Gunshots,2014-03-23,01:14:09,WashingtonDC7D,38.843,-76.987
1282,6D103958,Single_Gunshot,2014-03-23,03:59:12,WashingtonDC6D,38.885,-76.953
1283,6D103959,Single_Gunshot,2014-03-23,06:48:02,WashingtonDC6D,38.884,-76.957
1284,5D40309,Multiple_Gunshots,2014-03-23,18:50:31,WashingtonDC5D,38.919,-77.0
1285,6D103970,Multiple_Gunshots,2014-03-23,19:19:10,WashingtonDC6D,38.894,-76.92
1286,6D103971,Multiple_Gunshots,2014-03-23,19:40:07,WashingtonDC6D,38.906,-76.955
1287,6D103972,Multiple_Gunshots,2014-03-23,19:40:19,WashingtonDC6D,38.906,-76.955
1288,4D34809,Multiple_Gunshots,2014-03-23,21:13:25,WashingtonDC4D,38.951,-77.023
1289,5D40310,Multiple_Gunshots,2014-03-24,04:24:52,WashingtonDC5D,38.924,-76.976
1290,5D40314,Multiple_Gunshots,2014-03-24,09:13:52,WashingtonDC5D,38.914,-77.002
1291,7D120355,Single_Gunshot,2014-03-25,00:17:22,WashingtonDC7D,38.829,-77.002
1292,7D120356,Single_Gunshot,2014-03-25,00:48:30,WashingtonDC7D,38.835,-76.971
1293,5D40322,Multiple_Gunshots,2014-03-25,01:50:59,WashingtonDC5D,38.908,-76.987
1294,7D120357,Single_Gunshot,2014-03-25,01:53:56,WashingtonDC7D,38.823,-77.005
1295,7D120358,Single_Gunshot,2014-03-25,02:21:29,WashingtonDC7D,38.823,-77.008
1296,7D120359,Multiple_Gunshots,2014-03-25,03:06:28,WashingtonDC7D,38.827,-76.994
1297,7D120360,Single_Gunshot,2014-03-25,03:08:14,WashingtonDC7D,38.826,-76.994
1298,7D120361,Single_Gunshot,2014-03-25,13:09:44,WashingtonDC7D,38.847,-76.97
1299,4D34814,Single_Gunshot,2014-03-25,22:25:20,WashingtonDC4D,38.962,-77.03
1300,7D120365,Multiple_Gunshots,2014-03-26,01:52:23,WashingtonDC7D,38.856,-76.97
1301,6D104043,Multiple_Gunshots,2014-03-27,22:25:12,WashingtonDC6D,38.89,-76.929
1302,3D43632,Single_Gunshot,2014-03-27,22:43:18,WashingtonDC3D,38.919,-77.025
1303,7D120374,Multiple_Gunshots,2014-03-28,03:53:55,WashingtonDC7D,38.818,-77.011
1304,7D120375,Multiple_Gunshots,2014-03-28,06:32:25,WashingtonDC7D,38.852,-76.966
1305,4D34820,Single_Gunshot,2014-03-28,09:02:17,WashingtonDC4D,38.957,-77.028
1306,7D120380,Single_Gunshot,2014-03-28,23:11:32,WashingtonDC7D,38.859,-76.998
1307,7D120381,Multiple_Gunshots,2014-03-29,00:21:32,WashingtonDC7D,38.861,-76.998
1308,5D40346,Multiple_Gunshots,2014-03-29,02:53:54,WashingtonDC5D,38.904,-76.986
1309,7D120383,Single_Gunshot,2014-03-29,03:04:51,WashingtonDC7D,38.854,-76.991
1310,6D104076,Multiple_Gunshots,2014-03-29,03:20:56,WashingtonDC6D,38.863,-76.98
1311,6D104078,Multiple_Gunshots,2014-03-29,04:17:04,WashingtonDC6D,38.886,-76.929
1312,5D40347,Multiple_Gunshots,2014-03-29,06:44:13,WashingtonDC5D,38.932,-76.972
1313,6D104093,Multiple_Gunshots,2014-03-29,08:36:53,WashingtonDC6D,38.868,-76.963
1314,7D120384,Single_Gunshot,2014-03-29,11:36:42,WashingtonDC7D,38.842,-76.986
1315,6D104095,Single_Gunshot,2014-03-29,12:49:44,WashingtonDC6D,38.879,-76.928
1316,5D40349,Single_Gunshot,2014-03-29,21:04:04,WashingtonDC5D,38.923,-76.991
1317,6D104098,Single_Gunshot,2014-03-29,21:28:47,WashingtonDC6D,38.876,-76.931
1318,7D120388,Multiple_Gunshots,2014-03-29,21:48:41,WashingtonDC7D,38.834,-76.988
1319,6D104101,Single_Gunshot,2014-03-29,22:50:47,WashingtonDC6D,38.881,-76.93
1320,1D56994,Multiple_Gunshots,2014-03-30,00:00:40,WashingtonDC1D,38.873,-77.01
1321,4D34824,Single_Gunshot,2014-03-30,01:10:55,WashingtonDC4D,38.957,-77.028
1322,7D120389,Single_Gunshot,2014-03-30,03:53:35,WashingtonDC7D,38.834,-77.002
1323,1D56996,Multiple_Gunshots,2014-03-30,20:15:31,WashingtonDC1D,38.879,-77.012
1324,7D120393,Single_Gunshot,2014-03-30,22:23:27,WashingtonDC7D,38.836,-77.006
1325,7D120394,Multiple_Gunshots,2014-03-31,02:11:02,WashingtonDC7D,38.841,-76.987
1326,4D34825,Multiple_Gunshots,2014-03-31,07:30:49,WashingtonDC4D,38.939,-77.025
1327,6D104111,Multiple_Gunshots,2014-03-31,09:05:44,WashingtonDC6D,38.897,-76.92
1328,5D40354,Multiple_Gunshots,2014-03-31,18:58:30,WashingtonDC5D,38.907,-76.992
1329,6D104119,Multiple_Gunshots,2014-03-31,21:47:16,WashingtonDC6D,38.899,-76.922
1330,7D120396,Single_Gunshot,2014-03-31,21:57:20,WashingtonDC7D,38.856,-76.978
1331,7D120397,Single_Gunshot,2014-04-01,01:00:32,WashingtonDC7D,38.839,-76.993
1332,1D57013,Multiple_Gunshots,2014-04-01,15:28:21,WashingtonDC1D,38.889,-76.978
1333,1D57019,Multiple_Gunshots,2014-04-01,23:27:56,WashingtonDC1D,38.878,-77.014
1334,1D57020,Multiple_Gunshots,2014-04-01,23:47:45,WashingtonDC1D,38.9,-76.972
1335,6D104142,Gunshot_or_Firecracker,2014-04-02,01:06:28,WashingtonDC6D,38.864,-76.934
1336,6D104144,Single_Gunshot,2014-04-02,02:23:33,WashingtonDC6D,38.893,-76.943
1337,6D104145,Single_Gunshot,2014-04-02,04:27:53,WashingtonDC6D,38.894,-76.912
1338,7D120422,Multiple_Gunshots,2014-04-02,20:06:44,WashingtonDC7D,38.842,-77.0
1339,7D120423,Multiple_Gunshots,2014-04-02,20:29:49,WashingtonDC7D,38.841,-76.985
1340,7D120424,Multiple_Gunshots,2014-04-02,20:33:21,WashingtonDC7D,38.833,-77.003
1341,6D104165,Multiple_Gunshots,2014-04-02,22:12:18,WashingtonDC6D,38.877,-76.925
1342,6D104166,Gunshot_or_Firecracker,2014-04-02,22:12:22,WashingtonDC6D,38.877,-76.924
1343,7D120429,Multiple_Gunshots,2014-04-02,22:35:14,WashingtonDC7D,38.85,-76.965
1344,1D57029,Multiple_Gunshots,2014-04-02,22:59:10,WashingtonDC1D,38.878,-77.017
1345,7D120430,Single_Gunshot,2014-04-02,23:31:03,WashingtonDC7D,38.838,-76.989
1346,1D57032,Multiple_Gunshots,2014-04-03,00:51:17,WashingtonDC1D,38.878,-77.017
1347,7D120431,Single_Gunshot,2014-04-03,02:03:29,WashingtonDC7D,38.832,-77.005
1348,5D40376,Single_Gunshot,2014-04-03,04:31:35,WashingtonDC5D,38.92,-76.991
1349,7D120446,Multiple_Gunshots,2014-04-03,21:19:49,WashingtonDC7D,38.854,-76.988
1350,7D120450,Multiple_Gunshots,2014-04-04,02:41:26,WashingtonDC7D,38.835,-76.981
1351,7D120451,Multiple_Gunshots,2014-04-04,02:41:31,WashingtonDC7D,38.849,-76.977
1352,7D120452,Multiple_Gunshots,2014-04-04,02:44:35,WashingtonDC7D,38.841,-76.987
1353,6D104200,Multiple_Gunshots,2014-04-04,15:07:05,WashingtonDC6D,38.891,-76.914
1354,6D104201,Single_Gunshot,2014-04-04,15:11:24,WashingtonDC6D,38.891,-76.914
1355,1D57075,Multiple_Gunshots,2014-04-04,21:59:19,WashingtonDC1D,38.873,-77.01
1356,6D104218,Multiple_Gunshots,2014-04-05,00:31:52,WashingtonDC6D,38.878,-76.981
1357,6D104219,Multiple_Gunshots,2014-04-05,00:53:36,WashingtonDC6D,38.895,-76.922
1358,1D57076,Multiple_Gunshots,2014-04-05,00:57:56,WashingtonDC1D,38.879,-77.015
1359,7D120462,Single_Gunshot,2014-04-05,02:26:53,WashingtonDC7D,38.833,-76.992
1360,7D120463,Single_Gunshot,2014-04-05,02:27:01,WashingtonDC7D,38.832,-76.991
1361,3D43664,Single_Gunshot,2014-04-05,02:36:04,WashingtonDC3D,38.92,-77.029
1362,7D120464,Single_Gunshot,2014-04-05,03:10:28,WashingtonDC7D,38.86,-76.969
1363,6D104221,Single_Gunshot,2014-04-05,08:35:42,WashingtonDC6D,38.889,-76.947
1364,6D104222,Single_Gunshot,2014-04-05,11:48:06,WashingtonDC6D,38.885,-76.931
1365,7D120467,Multiple_Gunshots,2014-04-05,19:48:27,WashingtonDC7D,38.833,-77.007
1366,7D120469,Multiple_Gunshots,2014-04-05,20:46:07,WashingtonDC7D,38.856,-76.968
1367,4D34874,Multiple_Gunshots,2014-04-05,22:04:20,WashingtonDC4D,38.962,-77.029
1368,6D104231,Multiple_Gunshots,2014-04-05,22:34:11,WashingtonDC6D,38.9,-76.917
1369,6D104232,Multiple_Gunshots,2014-04-05,22:50:53,WashingtonDC6D,38.905,-76.933
1370,6D104234,Multiple_Gunshots,2014-04-05,23:39:29,WashingtonDC6D,38.9,-76.95
1371,6D104235,Multiple_Gunshots,2014-04-05,23:39:31,WashingtonDC6D,38.901,-76.951
1372,3D43668,Multiple_Gunshots,2014-04-05,23:51:04,WashingtonDC3D,38.91,-77.021
1373,5D40397,Multiple_Gunshots,2014-04-05,23:51:06,WashingtonDC5D,38.91,-77.022
1374,3D43669,Multiple_Gunshots,2014-04-05,23:51:09,WashingtonDC3D,38.91,-77.021
1375,3D43670,Multiple_Gunshots,2014-04-05,23:51:21,WashingtonDC3D,38.91,-77.021
1376,3D43671,Multiple_Gunshots,2014-04-05,23:51:27,WashingtonDC3D,38.91,-77.021
1377,5D40398,Multiple_Gunshots,2014-04-05,23:51:30,WashingtonDC5D,38.91,-77.022
1378,3D43672,Single_Gunshot,2014-04-05,23:51:30,WashingtonDC3D,38.91,-77.021
1379,3D43673,Multiple_Gunshots,2014-04-05,23:51:31,WashingtonDC3D,38.91,-77.021
1380,4D34875,Single_Gunshot,2014-04-06,01:20:25,WashingtonDC4D,38.941,-77.025
1381,7D120470,Multiple_Gunshots,2014-04-06,01:56:27,WashingtonDC7D,38.856,-76.971
1382,3D43674,Gunshot_or_Firecracker,2014-04-06,02:28:08,WashingtonDC3D,38.93,-77.032
1383,6D104248,Multiple_Gunshots,2014-04-06,18:03:45,WashingtonDC6D,38.89,-76.954
1384,6D104251,Multiple_Gunshots,2014-04-06,18:56:55,WashingtonDC6D,38.896,-76.929
1385,6D104261,Multiple_Gunshots,2014-04-06,22:13:08,WashingtonDC6D,38.887,-76.939
1386,7D120472,Multiple_Gunshots,2014-04-06,23:37:02,WashingtonDC7D,38.829,-77.005
1387,7D120473,Multiple_Gunshots,2014-04-06,23:37:09,WashingtonDC7D,38.829,-77.003
1388,7D120474,Multiple_Gunshots,2014-04-06,23:37:13,WashingtonDC7D,38.829,-77.005
1389,7D120475,Multiple_Gunshots,2014-04-06,23:37:16,WashingtonDC7D,38.832,-77.002
1390,7D120476,Single_Gunshot,2014-04-07,01:34:48,WashingtonDC7D,38.819,-76.989
1391,6D104263,Single_Gunshot,2014-04-07,03:05:12,WashingtonDC6D,38.904,-76.91
1392,6D104264,Multiple_Gunshots,2014-04-07,04:35:50,WashingtonDC6D,38.892,-76.952
1393,5D40407,Single_Gunshot,2014-04-07,04:44:14,WashingtonDC5D,38.92,-76.99
1394,6D104273,Multiple_Gunshots,2014-04-07,18:37:22,WashingtonDC6D,38.88,-76.937
1395,6D104274,Multiple_Gunshots,2014-04-07,18:40:38,WashingtonDC6D,38.881,-76.938
1396,6D104277,Multiple_Gunshots,2014-04-07,19:41:42,WashingtonDC6D,38.881,-76.937
1397,1D57249,Multiple_Gunshots,2014-04-07,19:55:26,WashingtonDC1D,38.872,-77.014
1398,7D120478,Multiple_Gunshots,2014-04-07,21:44:42,WashingtonDC7D,38.857,-76.975
1399,7D120479,Single_Gunshot,2014-04-07,21:47:38,WashingtonDC7D,38.855,-76.985
1400,6D104281,Single_Gunshot,2014-04-07,21:47:50,WashingtonDC6D,38.892,-76.914
1401,1D57250,Single_Gunshot,2014-04-07,22:30:31,WashingtonDC1D,38.897,-76.98
1402,7D120480,Multiple_Gunshots,2014-04-08,00:22:41,WashingtonDC7D,38.844,-77.001
1403,6D104296,Single_Gunshot,2014-04-08,02:10:51,WashingtonDC6D,38.877,-76.931
1404,5D40418,Multiple_Gunshots,2014-04-08,11:28:19,WashingtonDC5D,38.913,-76.994
1405,1D57264,Multiple_Gunshots,2014-04-08,19:14:43,WashingtonDC1D,38.87,-77.011
1406,6D104308,Multiple_Gunshots,2014-04-08,21:41:57,WashingtonDC6D,38.872,-76.973
1407,6D104309,Single_Gunshot,2014-04-09,00:42:59,WashingtonDC6D,38.889,-76.962
1408,1D57266,Single_Gunshot,2014-04-09,00:43:01,WashingtonDC1D,38.89,-76.963
1409,6D104310,Single_Gunshot,2014-04-09,00:43:16,WashingtonDC6D,38.889,-76.959
1410,6D104311,Single_Gunshot,2014-04-09,01:26:37,WashingtonDC6D,38.905,-76.944
1411,5D40423,Gunshot_or_Firecracker,2014-04-09,01:59:33,WashingtonDC5D,38.913,-76.991
1412,6D104316,Single_Gunshot,2014-04-09,08:25:50,WashingtonDC6D,38.886,-76.93
1413,4D34895,Multiple_Gunshots,2014-04-09,08:56:47,WashingtonDC4D,38.964,-77.025
1414,1D57274,Single_Gunshot,2014-04-09,23:09:00,WashingtonDC1D,38.9,-76.981
1415,6D104341,Single_Gunshot,2014-04-10,01:24:49,WashingtonDC6D,38.876,-76.966
1416,7D120501,Single_Gunshot,2014-04-10,03:43:57,WashingtonDC7D,38.828,-77.006
1417,6D104353,Multiple_Gunshots,2014-04-10,18:49:49,WashingtonDC6D,38.897,-76.926
1418,6D104357,Multiple_Gunshots,2014-04-10,21:45:45,WashingtonDC6D,38.858,-76.989
1419,7D120511,Single_Gunshot,2014-04-10,23:01:19,WashingtonDC7D,38.845,-76.978
1420,6D104358,Gunshot_or_Firecracker,2014-04-10,23:47:08,WashingtonDC6D,38.895,-76.932
1421,6D104359,Single_Gunshot,2014-04-10,23:47:15,WashingtonDC6D,38.895,-76.932
1422,6D104360,Multiple_Gunshots,2014-04-10,23:47:17,WashingtonDC6D,38.895,-76.932
1423,6D104361,Gunshot_or_Firecracker,2014-04-10,23:47:26,WashingtonDC6D,38.895,-76.932
1424,6D104362,Multiple_Gunshots,2014-04-10,23:48:58,WashingtonDC6D,38.895,-76.931
1425,6D104363,Single_Gunshot,2014-04-10,23:58:48,WashingtonDC6D,38.902,-76.93
1426,6D104366,Multiple_Gunshots,2014-04-11,06:03:04,WashingtonDC6D,38.885,-76.936
1427,5D40439,Gunshot_or_Firecracker,2014-04-11,16:53:37,WashingtonDC5D,38.912,-76.984
1428,6D104387,Multiple_Gunshots,2014-04-11,19:30:30,WashingtonDC6D,38.905,-76.948
1429,7D120518,Gunshot_or_Firecracker,2014-04-11,21:52:44,WashingtonDC7D,38.827,-77.0
1430,6D104391,Gunshot_or_Firecracker,2014-04-11,23:21:50,WashingtonDC6D,38.886,-76.929
1431,6D104392,Gunshot_or_Firecracker,2014-04-11,23:22:50,WashingtonDC6D,38.887,-76.93
1432,7D120523,Multiple_Gunshots,2014-04-11,23:48:03,WashingtonDC7D,38.829,-77.002
1433,6D104394,Single_Gunshot,2014-04-12,01:50:39,WashingtonDC6D,38.871,-76.928
1434,6D104396,Single_Gunshot,2014-04-12,01:53:12,WashingtonDC6D,38.916,-76.936
1435,6D104400,Single_Gunshot,2014-04-12,02:16:39,WashingtonDC6D,38.905,-76.952
1436,7D120525,Multiple_Gunshots,2014-04-12,02:25:42,WashingtonDC7D,38.846,-76.988
1437,6D104401,Multiple_Gunshots,2014-04-12,02:26:52,WashingtonDC6D,38.887,-76.928
1438,1D57288,Multiple_Gunshots,2014-04-12,03:09:03,WashingtonDC1D,38.899,-76.982
1439,6D104403,Gunshot_or_Firecracker,2014-04-12,03:17:57,WashingtonDC6D,38.904,-76.934
1440,6D104404,Single_Gunshot,2014-04-12,03:18:15,WashingtonDC6D,38.904,-76.934
1441,7D120526,Multiple_Gunshots,2014-04-12,03:25:33,WashingtonDC7D,38.856,-76.994
1442,6D104405,Single_Gunshot,2014-04-12,04:01:03,WashingtonDC6D,38.895,-76.918
1443,4D34934,Multiple_Gunshots,2014-04-12,04:54:14,WashingtonDC4D,38.959,-77.024
1444,6D104415,Multiple_Gunshots,2014-04-12,18:21:23,WashingtonDC6D,38.89,-76.958
1445,6D104423,Single_Gunshot,2014-04-12,19:28:38,WashingtonDC6D,38.883,-76.936
1446,5D40451,Single_Gunshot,2014-04-12,22:06:24,WashingtonDC5D,38.901,-76.974
1447,6D104436,Multiple_Gunshots,2014-04-12,22:35:43,WashingtonDC6D,38.885,-76.942
1448,6D104437,Single_Gunshot,2014-04-12,23:51:38,WashingtonDC6D,38.886,-76.903
1449,7D120532,Single_Gunshot,2014-04-13,00:45:07,WashingtonDC7D,38.849,-76.984
1450,7D120533,Multiple_Gunshots,2014-04-13,01:17:09,WashingtonDC7D,38.825,-77.005
1451,7D120534,Multiple_Gunshots,2014-04-13,01:17:23,WashingtonDC7D,38.824,-77.007
1452,1D57301,Multiple_Gunshots,2014-04-13,02:44:49,WashingtonDC1D,38.903,-76.975
1453,7D120535,Multiple_Gunshots,2014-04-13,02:58:58,WashingtonDC7D,38.854,-76.991
1454,4D34935,Multiple_Gunshots,2014-04-13,04:32:24,WashingtonDC4D,38.947,-77.016
1455,7D120536,Multiple_Gunshots,2014-04-13,11:14:59,WashingtonDC7D,38.829,-76.995
1456,6D104451,Multiple_Gunshots,2014-04-13,16:42:07,WashingtonDC6D,38.867,-76.979
1457,6D104456,Multiple_Gunshots,2014-04-13,19:59:02,WashingtonDC6D,38.87,-76.945
1458,6D104459,Multiple_Gunshots,2014-04-13,23:41:01,WashingtonDC6D,38.883,-76.934
1459,6D104465,Multiple_Gunshots,2014-04-14,00:18:27,WashingtonDC6D,38.867,-76.981
1460,6D104466,Multiple_Gunshots,2014-04-14,01:01:25,WashingtonDC6D,38.874,-76.967
1461,6D104467,Single_Gunshot,2014-04-14,01:12:50,WashingtonDC6D,38.895,-76.924
1462,7D120545,Multiple_Gunshots,2014-04-14,01:21:28,WashingtonDC7D,38.856,-76.971
1463,6D104468,Multiple_Gunshots,2014-04-14,07:58:29,WashingtonDC6D,38.871,-76.964
1464,7D120548,Multiple_Gunshots,2014-04-14,09:19:15,WashingtonDC7D,38.829,-77.001
1465,1D57307,Single_Gunshot,2014-04-14,17:04:26,WashingtonDC1D,38.878,-76.988
1466,6D104475,Gunshot_or_Firecracker,2014-04-14,18:20:58,WashingtonDC6D,38.886,-76.951
1467,3D43720,Multiple_Gunshots,2014-04-15,00:54:32,WashingtonDC3D,38.925,-77.031
1468,6D104499,Single_Gunshot,2014-04-15,02:33:28,WashingtonDC6D,38.867,-76.971
1469,6D104500,Single_Gunshot,2014-04-15,02:47:31,WashingtonDC6D,38.898,-76.926
1470,1D57313,Single_Gunshot,2014-04-15,23:57:12,WashingtonDC1D,38.878,-77.015
1471,7D120561,Single_Gunshot,2014-04-16,01:15:31,WashingtonDC7D,38.844,-76.985
1472,5D40468,Single_Gunshot,2014-04-16,01:35:09,WashingtonDC5D,38.907,-77.019
1473,6D104505,Single_Gunshot,2014-04-16,01:43:11,WashingtonDC6D,38.911,-76.937
1474,1D57314,Single_Gunshot,2014-04-16,04:50:21,WashingtonDC1D,38.899,-76.982
1475,1D57315,Multiple_Gunshots,2014-04-16,17:54:14,WashingtonDC1D,38.899,-76.978
1476,1D57319,Multiple_Gunshots,2014-04-16,22:31:13,WashingtonDC1D,38.879,-77.015
1477,5D40470,Single_Gunshot,2014-04-16,23:10:24,WashingtonDC5D,38.909,-76.996
1478,7D120572,Single_Gunshot,2014-04-16,23:45:57,WashingtonDC7D,38.827,-76.997
1479,7D120573,Multiple_Gunshots,2014-04-17,00:31:15,WashingtonDC7D,38.852,-76.98
1480,6D104512,Multiple_Gunshots,2014-04-17,01:16:55,WashingtonDC6D,38.894,-76.929
1481,7D120585,Multiple_Gunshots,2014-04-17,22:12:28,WashingtonDC7D,38.838,-76.997
1482,7D120588,Single_Gunshot,2014-04-18,00:05:43,WashingtonDC7D,38.854,-76.97
1483,7D120589,Multiple_Gunshots,2014-04-18,00:12:05,WashingtonDC7D,38.841,-76.987
1484,4D34966,Multiple_Gunshots,2014-04-18,00:42:36,WashingtonDC4D,38.956,-77.009
1485,5D40475,Single_Gunshot,2014-04-18,01:24:59,WashingtonDC5D,38.913,-76.991
1486,7D120590,Single_Gunshot,2014-04-18,02:12:44,WashingtonDC7D,38.833,-76.992
1487,7D120591,Single_Gunshot,2014-04-18,02:12:51,WashingtonDC7D,38.833,-76.992
1488,6D104523,Single_Gunshot,2014-04-18,03:11:38,WashingtonDC6D,38.893,-76.946
1489,5D40476,Single_Gunshot,2014-04-18,03:23:41,WashingtonDC5D,38.917,-77.016
1490,3D43730,Single_Gunshot,2014-04-18,03:23:41,WashingtonDC3D,38.917,-77.016
1491,7D120593,Multiple_Gunshots,2014-04-18,08:23:40,WashingtonDC7D,38.866,-76.991
1492,7D120597,Single_Gunshot,2014-04-18,16:17:16,WashingtonDC7D,38.833,-76.983
1493,6D104544,Gunshot_or_Firecracker,2014-04-18,19:10:20,WashingtonDC6D,38.885,-76.959
1494,7D120604,Multiple_Gunshots,2014-04-18,21:38:46,WashingtonDC7D,38.849,-76.978
1495,4D34973,Multiple_Gunshots,2014-04-18,23:02:46,WashingtonDC4D,38.944,-77.014
1496,5D40491,Gunshot_or_Firecracker,2014-04-19,03:23:44,WashingtonDC5D,38.923,-76.972
1497,7D120605,Single_Gunshot,2014-04-19,03:51:03,WashingtonDC7D,38.85,-76.973
1498,4D34974,Single_Gunshot,2014-04-19,05:55:50,WashingtonDC4D,38.943,-77.016
1499,6D104580,Multiple_Gunshots,2014-04-19,08:28:27,WashingtonDC6D,38.892,-76.945
1500,6D104591,Single_Gunshot,2014-04-19,21:10:47,WashingtonDC6D,38.896,-76.916
1501,7D120614,Multiple_Gunshots,2014-04-19,21:34:43,WashingtonDC7D,38.86,-76.985
1502,6D104595,Single_Gunshot,2014-04-19,22:16:25,WashingtonDC6D,38.907,-76.921
1503,6D104596,Single_Gunshot,2014-04-19,22:41:41,WashingtonDC6D,38.911,-76.937
1504,7D120620,Single_Gunshot,2014-04-19,23:50:35,WashingtonDC7D,38.825,-77.004
1505,1D57342,Single_Gunshot,2014-04-20,00:32:57,WashingtonDC1D,38.89,-76.975
1506,4D34977,Single_Gunshot,2014-04-20,00:50:42,WashingtonDC4D,38.947,-77.028
1507,4D34978,Single_Gunshot,2014-04-20,02:28:25,WashingtonDC4D,38.939,-77.031
1508,4D34979,Single_Gunshot,2014-04-20,02:28:38,WashingtonDC4D,38.939,-77.031
1509,6D104600,Multiple_Gunshots,2014-04-20,03:17:11,WashingtonDC6D,38.904,-76.942
1510,6D104601,Multiple_Gunshots,2014-04-20,03:17:18,WashingtonDC6D,38.904,-76.942
1511,5D40500,Multiple_Gunshots,2014-04-20,03:17:23,WashingtonDC5D,38.902,-76.978
1512,4D34980,Single_Gunshot,2014-04-20,03:31:24,WashingtonDC4D,38.948,-77.007
1513,7D120624,Multiple_Gunshots,2014-04-20,16:39:11,WashingtonDC7D,38.863,-76.986
1514,3D43744,Multiple_Gunshots,2014-04-20,22:51:09,WashingtonDC3D,38.911,-77.018
1515,3D43745,Single_Gunshot,2014-04-20,23:29:25,WashingtonDC3D,38.933,-77.023
1516,6D104627,Multiple_Gunshots,2014-04-21,02:59:05,WashingtonDC6D,38.871,-76.964
1517,1D57347,Single_Gunshot,2014-04-21,18:24:06,WashingtonDC1D,38.877,-77.01
1518,7D120640,Multiple_Gunshots,2014-04-21,21:26:57,WashingtonDC7D,38.849,-76.973
1519,7D120641,Gunshot_or_Firecracker,2014-04-21,21:34:13,WashingtonDC7D,38.832,-77.004
1520,4D34991,Gunshot_or_Firecracker,2014-04-21,21:39:40,WashingtonDC4D,38.934,-77.022
1521,6D104663,Gunshot_or_Firecracker,2014-04-21,21:56:39,WashingtonDC6D,38.887,-76.95
1522,5D40509,Multiple_Gunshots,2014-04-21,21:59:08,WashingtonDC5D,38.909,-76.985
1523,7D120645,Multiple_Gunshots,2014-04-21,22:05:58,WashingtonDC7D,38.844,-76.979
1524,4D34992,Single_Gunshot,2014-04-21,22:08:25,WashingtonDC4D,38.934,-77.023
1525,7D120646,Single_Gunshot,2014-04-21,22:13:14,WashingtonDC7D,38.834,-76.983
1526,7D120647,Single_Gunshot,2014-04-21,23:40:06,WashingtonDC7D,38.834,-76.983
1527,7D120648,Single_Gunshot,2014-04-22,01:37:36,WashingtonDC7D,38.839,-76.967
1528,7D120649,Single_Gunshot,2014-04-22,01:59:23,WashingtonDC7D,38.857,-76.99
1529,6D104665,Single_Gunshot,2014-04-22,01:59:23,WashingtonDC6D,38.857,-76.99
1530,5D40511,Single_Gunshot,2014-04-22,02:10:24,WashingtonDC5D,38.902,-76.973
1531,7D120650,Single_Gunshot,2014-04-22,02:53:28,WashingtonDC7D,38.854,-76.97
1532,6D104666,Multiple_Gunshots,2014-04-22,04:13:38,WashingtonDC6D,38.871,-76.964
1533,7D120652,Multiple_Gunshots,2014-04-22,14:05:37,WashingtonDC7D,38.832,-77.003
1534,6D104684,Gunshot_or_Firecracker,2014-04-22,18:35:17,WashingtonDC6D,38.886,-76.926
1535,5D40518,Multiple_Gunshots,2014-04-22,21:19:20,WashingtonDC5D,38.924,-77.005
1536,3D43752,Multiple_Gunshots,2014-04-22,21:19:21,WashingtonDC3D,38.92,-77.004
1537,7D120662,Multiple_Gunshots,2014-04-22,23:14:03,WashingtonDC7D,38.833,-77.0
1538,7D120663,Single_Gunshot,2014-04-22,23:18:06,WashingtonDC7D,38.83,-76.996
1539,7D120665,Multiple_Gunshots,2014-04-23,00:10:51,WashingtonDC7D,38.832,-76.988
1540,6D104694,Multiple_Gunshots,2014-04-23,00:19:08,WashingtonDC6D,38.887,-76.95
1541,3D43754,Single_Gunshot,2014-04-23,00:28:57,WashingtonDC3D,38.933,-77.022
1542,7D120666,Single_Gunshot,2014-04-23,00:37:40,WashingtonDC7D,38.859,-76.968
1543,7D120671,Single_Gunshot,2014-04-23,21:15:09,WashingtonDC7D,38.848,-76.976
1544,6D104715,Single_Gunshot,2014-04-23,23:50:26,WashingtonDC6D,38.89,-76.954
1545,6D104717,Single_Gunshot,2014-04-24,02:58:54,WashingtonDC6D,38.893,-76.95
1546,5D40525,Multiple_Gunshots,2014-04-24,20:52:29,WashingtonDC5D,38.912,-76.988
1547,7D120685,Multiple_Gunshots,2014-04-24,21:20:28,WashingtonDC7D,38.829,-77.004
1548,7D120686,Multiple_Gunshots,2014-04-24,21:20:43,WashingtonDC7D,38.83,-77.003
1549,4D35002,Single_Gunshot,2014-04-24,23:44:47,WashingtonDC4D,38.956,-77.028
1550,6D104732,Single_Gunshot,2014-04-25,01:19:30,WashingtonDC6D,38.885,-76.949
1551,3D43761,Single_Gunshot,2014-04-25,08:50:44,WashingtonDC3D,38.924,-77.025
1552,6D104743,Multiple_Gunshots,2014-04-25,16:55:29,WashingtonDC6D,38.881,-76.937
1553,5D40529,Multiple_Gunshots,2014-04-25,21:34:49,WashingtonDC5D,38.924,-76.964
1554,6D104746,Single_Gunshot,2014-04-25,21:45:28,WashingtonDC6D,38.894,-76.924
1555,7D121590,Multiple_Gunshots,2014-04-26,00:20:01,WashingtonDC7D,38.834,-76.984
1556,6D104749,Multiple_Gunshots,2014-04-26,01:25:49,WashingtonDC6D,38.882,-76.936
1557,5D40530,Single_Gunshot,2014-04-26,02:41:31,WashingtonDC5D,38.928,-76.979
1558,5D40531,Multiple_Gunshots,2014-04-26,03:11:43,WashingtonDC5D,38.908,-77.008
1559,6D104752,Multiple_Gunshots,2014-04-26,03:35:24,WashingtonDC6D,38.873,-76.971
1560,6D104759,Single_Gunshot,2014-04-26,13:13:33,WashingtonDC6D,38.894,-76.92
1561,1D57384,Multiple_Gunshots,2014-04-26,19:21:15,WashingtonDC1D,38.901,-76.984
1562,7D121602,Single_Gunshot,2014-04-26,22:09:35,WashingtonDC7D,38.842,-76.987
1563,6D104768,Single_Gunshot,2014-04-27,00:11:03,WashingtonDC6D,38.872,-76.972
1564,6D104769,Multiple_Gunshots,2014-04-27,00:12:51,WashingtonDC6D,38.872,-76.971
1565,7D121605,Single_Gunshot,2014-04-27,01:07:42,WashingtonDC7D,38.828,-77.002
1566,6D104771,Multiple_Gunshots,2014-04-27,01:24:13,WashingtonDC6D,38.912,-76.935
1567,6D104772,Multiple_Gunshots,2014-04-27,02:33:13,WashingtonDC6D,38.873,-76.971
1568,6D104773,Single_Gunshot,2014-04-27,02:43:40,WashingtonDC6D,38.886,-76.926
1569,1D57399,Single_Gunshot,2014-04-27,02:45:22,WashingtonDC1D,38.899,-76.99
1570,6D104774,Single_Gunshot,2014-04-27,02:47:10,WashingtonDC6D,38.886,-76.926
1571,1D57400,Multiple_Gunshots,2014-04-27,03:31:47,WashingtonDC1D,38.899,-76.977
1572,7D121606,Multiple_Gunshots,2014-04-27,04:26:38,WashingtonDC7D,38.858,-76.996
1573,7D121607,Multiple_Gunshots,2014-04-27,05:25:48,WashingtonDC7D,38.859,-76.996
1574,7D121609,Single_Gunshot,2014-04-27,11:14:11,WashingtonDC7D,38.844,-76.978
1575,1D57403,Multiple_Gunshots,2014-04-27,13:26:53,WashingtonDC1D,38.902,-76.974
1576,7D121610,Multiple_Gunshots,2014-04-27,14:35:37,WashingtonDC7D,38.834,-76.991
1577,7D121617,Multiple_Gunshots,2014-04-27,19:09:47,WashingtonDC7D,38.833,-76.99
1578,7D121620,Single_Gunshot,2014-04-27,20:08:41,WashingtonDC7D,38.864,-76.994
1579,1D57409,Multiple_Gunshots,2014-04-27,20:54:16,WashingtonDC1D,38.9,-76.975
1580,1D57410,Multiple_Gunshots,2014-04-27,20:54:26,WashingtonDC1D,38.9,-76.976
1581,1D57411,Single_Gunshot,2014-04-27,20:54:32,WashingtonDC1D,38.9,-76.974
1582,6D104785,Single_Gunshot,2014-04-27,21:38:42,WashingtonDC6D,38.886,-76.926
1583,1D57413,Multiple_Gunshots,2014-04-27,22:47:44,WashingtonDC1D,38.873,-77.014
1584,7D121622,Single_Gunshot,2014-04-27,22:56:19,WashingtonDC7D,38.85,-76.972
1585,4D35022,Single_Gunshot,2014-04-28,01:39:26,WashingtonDC4D,38.942,-77.025
1586,4D35026,Multiple_Gunshots,2014-04-28,10:13:30,WashingtonDC4D,38.95,-77.015
1587,1D57414,Single_Gunshot,2014-04-28,17:28:37,WashingtonDC1D,38.901,-76.985
1588,7D121628,Multiple_Gunshots,2014-04-28,17:53:15,WashingtonDC7D,38.847,-76.972
1589,7D121630,Multiple_Gunshots,2014-04-28,19:42:53,WashingtonDC7D,38.847,-76.972
1590,7D121635,Multiple_Gunshots,2014-04-28,20:47:45,WashingtonDC7D,38.826,-77.0
1591,1D57416,Single_Gunshot,2014-04-28,22:06:59,WashingtonDC1D,38.896,-76.974
1592,5D40545,Multiple_Gunshots,2014-04-28,22:49:50,WashingtonDC5D,38.908,-77.009
1593,7D121656,Multiple_Gunshots,2014-04-28,22:57:57,WashingtonDC7D,38.847,-76.973
1594,7D121657,Single_Gunshot,2014-04-28,23:50:24,WashingtonDC7D,38.853,-76.982
1595,7D121658,Single_Gunshot,2014-04-29,00:40:09,WashingtonDC7D,38.834,-76.995
1596,6D104799,Single_Gunshot,2014-04-29,03:08:37,WashingtonDC6D,38.89,-76.913
1597,5D40547,Single_Gunshot,2014-04-29,10:08:04,WashingtonDC5D,38.918,-76.997
1598,6D104801,Multiple_Gunshots,2014-04-29,11:29:33,WashingtonDC6D,38.893,-76.93
1599,7D121663,Single_Gunshot,2014-04-29,12:31:30,WashingtonDC7D,38.847,-76.973
1600,7D121664,Multiple_Gunshots,2014-04-29,12:41:11,WashingtonDC7D,38.847,-76.972
1601,7D121665,Multiple_Gunshots,2014-04-29,12:58:33,WashingtonDC7D,38.837,-77.0
1602,7D121680,Multiple_Gunshots,2014-04-29,20:39:54,WashingtonDC7D,38.837,-76.992
1603,7D121681,Multiple_Gunshots,2014-04-29,20:40:03,WashingtonDC7D,38.837,-76.993
1604,7D121684,Single_Gunshot,2014-04-29,20:40:33,WashingtonDC7D,38.833,-76.994
1605,7D121686,Multiple_Gunshots,2014-04-29,20:40:41,WashingtonDC7D,38.838,-76.995
1606,6D104806,Single_Gunshot,2014-04-29,23:09:29,WashingtonDC6D,38.891,-76.951
1607,7D121690,Single_Gunshot,2014-04-30,01:12:47,WashingtonDC7D,38.865,-76.99
1608,7D123791,Multiple_Gunshots,2014-05-01,03:55:38,WashingtonDC7D,38.834,-76.998
1609,7D123792,Multiple_Gunshots,2014-05-01,03:55:50,WashingtonDC7D,38.837,-76.999
1610,7D123793,Single_Gunshot,2014-05-01,04:07:57,WashingtonDC7D,38.844,-76.979
1611,6D104838,Multiple_Gunshots,2014-05-01,21:06:32,WashingtonDC6D,38.904,-76.925
1612,6D104848,Multiple_Gunshots,2014-05-01,21:47:43,WashingtonDC6D,38.885,-76.955
1613,6D104849,Multiple_Gunshots,2014-05-01,23:27:04,WashingtonDC6D,38.882,-76.94
1614,4D35062,Single_Gunshot,2014-05-02,00:26:17,WashingtonDC4D,38.941,-77.029
1615,7D123799,Single_Gunshot,2014-05-02,01:15:57,WashingtonDC7D,38.857,-76.987
1616,6D104861,Multiple_Gunshots,2014-05-02,18:04:40,WashingtonDC6D,38.894,-76.935
1617,1D57451,Single_Gunshot,2014-05-02,18:43:08,WashingtonDC1D,38.903,-76.983
1618,1D57452,Single_Gunshot,2014-05-02,18:46:07,WashingtonDC1D,38.902,-76.984
1619,1D57455,Single_Gunshot,2014-05-02,19:43:48,WashingtonDC1D,38.901,-76.985
1620,1D57456,Single_Gunshot,2014-05-02,20:05:33,WashingtonDC1D,38.902,-76.985
1621,1D57459,Single_Gunshot,2014-05-02,20:13:20,WashingtonDC1D,38.903,-76.986
1622,1D57460,Single_Gunshot,2014-05-02,20:17:22,WashingtonDC1D,38.904,-76.982
1623,5D40586,Gunshot_or_Firecracker,2014-05-02,21:50:19,WashingtonDC5D,38.931,-77.002
1624,4D35067,Multiple_Gunshots,2014-05-02,21:50:59,WashingtonDC4D,38.933,-77.003
1625,4D35068,Multiple_Gunshots,2014-05-02,21:51:23,WashingtonDC4D,38.934,-77.003
1626,4D35069,Multiple_Gunshots,2014-05-02,21:52:08,WashingtonDC4D,38.933,-77.003
1627,4D35071,Multiple_Gunshots,2014-05-02,21:53:05,WashingtonDC4D,38.933,-77.003
1628,4D35072,Multiple_Gunshots,2014-05-02,21:53:30,WashingtonDC4D,38.934,-77.003
1629,1D57465,Gunshot_or_Firecracker,2014-05-02,21:55:22,WashingtonDC1D,38.901,-76.986
1630,4D35075,Multiple_Gunshots,2014-05-02,21:55:35,WashingtonDC4D,38.933,-77.003
1631,4D35076,Multiple_Gunshots,2014-05-02,21:55:50,WashingtonDC4D,38.933,-77.003
1632,4D35077,Multiple_Gunshots,2014-05-02,21:57:17,WashingtonDC4D,38.933,-77.003
1633,4D35078,Gunshot_or_Firecracker,2014-05-02,21:58:23,WashingtonDC4D,38.933,-77.003
1634,1D57488,Single_Gunshot,2014-05-02,23:44:42,WashingtonDC1D,38.875,-77.012
1635,7D123806,Single_Gunshot,2014-05-02,23:54:36,WashingtonDC7D,38.833,-77.006
1636,7D123807,Multiple_Gunshots,2014-05-03,00:01:34,WashingtonDC7D,38.857,-76.97
1637,6D104881,Multiple_Gunshots,2014-05-03,01:31:44,WashingtonDC6D,38.898,-76.906
1638,7D123810,Multiple_Gunshots,2014-05-03,01:41:09,WashingtonDC7D,38.847,-76.955
1639,7D123811,Multiple_Gunshots,2014-05-03,01:41:29,WashingtonDC7D,38.848,-76.963
1640,5D40622,Single_Gunshot,2014-05-03,01:43:02,WashingtonDC5D,38.922,-77.001
1641,3D43791,Single_Gunshot,2014-05-03,01:43:02,WashingtonDC3D,38.922,-77.002
1642,6D104882,Single_Gunshot,2014-05-03,02:05:20,WashingtonDC6D,38.876,-76.932
1643,7D123812,Single_Gunshot,2014-05-03,02:08:59,WashingtonDC7D,38.849,-76.975
1644,5D40623,Single_Gunshot,2014-05-03,02:36:53,WashingtonDC5D,38.922,-77.001
1645,3D43792,Single_Gunshot,2014-05-03,02:36:53,WashingtonDC3D,38.922,-77.002
1646,6D104883,Multiple_Gunshots,2014-05-03,03:07:12,WashingtonDC6D,38.887,-76.951
1647,6D104884,Multiple_Gunshots,2014-05-03,03:34:13,WashingtonDC6D,38.902,-76.944
1648,5D40624,Multiple_Gunshots,2014-05-03,03:44:13,WashingtonDC5D,38.906,-77.009
1649,5D40625,Gunshot_or_Firecracker,2014-05-03,03:46:13,WashingtonDC5D,38.905,-77.009
1650,5D40626,Single_Gunshot,2014-05-03,04:00:31,WashingtonDC5D,38.901,-76.973
1651,1D57494,Single_Gunshot,2014-05-03,04:00:31,WashingtonDC1D,38.901,-76.973
1652,4D35083,Multiple_Gunshots,2014-05-03,04:31:24,WashingtonDC4D,38.958,-77.022
1653,5D40628,Single_Gunshot,2014-05-03,13:23:15,WashingtonDC5D,38.909,-76.985
1654,1D57499,Single_Gunshot,2014-05-03,18:40:04,WashingtonDC1D,38.87,-77.016
1655,5D40631,Multiple_Gunshots,2014-05-03,19:23:20,WashingtonDC5D,38.909,-76.996
1656,1D57500,Multiple_Gunshots,2014-05-03,19:40:08,WashingtonDC1D,38.88,-77.014
1657,7D123827,Multiple_Gunshots,2014-05-03,22:10:49,WashingtonDC7D,38.845,-76.975
1658,6D104948,Multiple_Gunshots,2014-05-03,22:17:09,WashingtonDC6D,38.885,-76.952
1659,7D123828,Single_Gunshot,2014-05-03,22:37:08,WashingtonDC7D,38.828,-77.003
1660,5D40632,Multiple_Gunshots,2014-05-04,00:13:37,WashingtonDC5D,38.908,-76.986
1661,6D104949,Single_Gunshot,2014-05-04,00:33:32,WashingtonDC6D,38.881,-76.927
1662,7D123833,Multiple_Gunshots,2014-05-04,00:41:58,WashingtonDC7D,38.858,-76.988
1663,6D104950,Multiple_Gunshots,2014-05-04,00:41:58,WashingtonDC6D,38.858,-76.988
1664,6D104951,Multiple_Gunshots,2014-05-04,00:56:00,WashingtonDC6D,38.91,-76.936
1665,7D123834,Single_Gunshot,2014-05-04,01:28:29,WashingtonDC7D,38.828,-77.002
1666,7D123835,Single_Gunshot,2014-05-04,01:28:50,WashingtonDC7D,38.828,-77.002
1667,7D123837,Single_Gunshot,2014-05-04,01:56:51,WashingtonDC7D,38.854,-76.986
1668,7D123838,Gunshot_or_Firecracker,2014-05-04,02:05:52,WashingtonDC7D,38.855,-76.989
1669,7D123839,Single_Gunshot,2014-05-04,02:06:12,WashingtonDC7D,38.855,-76.989
1670,6D104952,Single_Gunshot,2014-05-04,03:02:11,WashingtonDC6D,38.886,-76.923
1671,6D104966,Multiple_Gunshots,2014-05-04,03:45:03,WashingtonDC6D,38.887,-76.923
1672,6D104967,Single_Gunshot,2014-05-04,04:11:11,WashingtonDC6D,38.855,-76.974
1673,6D104969,Single_Gunshot,2014-05-04,04:24:42,WashingtonDC6D,38.903,-76.935
1674,4D35089,Multiple_Gunshots,2014-05-04,04:28:58,WashingtonDC4D,38.955,-77.029
1675,7D123844,Single_Gunshot,2014-05-04,04:58:59,WashingtonDC7D,38.828,-76.996
1676,6D104970,Single_Gunshot,2014-05-04,07:00:27,WashingtonDC6D,38.868,-76.943
1677,6D104972,Multiple_Gunshots,2014-05-04,09:56:27,WashingtonDC6D,38.889,-76.914
1678,5D40640,Multiple_Gunshots,2014-05-04,20:54:39,WashingtonDC5D,38.905,-76.991
1679,5D40642,Multiple_Gunshots,2014-05-04,20:55:21,WashingtonDC5D,38.92,-77.002
1680,7D123854,Multiple_Gunshots,2014-05-04,21:59:37,WashingtonDC7D,38.837,-77.003
1681,7D123855,Multiple_Gunshots,2014-05-04,22:01:28,WashingtonDC7D,38.837,-77.003
1682,7D123856,Single_Gunshot,2014-05-04,22:09:23,WashingtonDC7D,38.842,-76.99
1683,1D57518,Gunshot_or_Firecracker,2014-05-04,22:09:26,WashingtonDC1D,38.902,-76.986
1684,6D104990,Multiple_Gunshots,2014-05-04,22:40:49,WashingtonDC6D,38.87,-76.946
1685,7D123858,Multiple_Gunshots,2014-05-05,00:25:04,WashingtonDC7D,38.854,-76.991
1686,7D123859,Single_Gunshot,2014-05-05,01:09:25,WashingtonDC7D,38.855,-76.983
1687,6D104992,Multiple_Gunshots,2014-05-05,01:36:43,WashingtonDC6D,38.885,-76.929
1688,6D104993,Single_Gunshot,2014-05-05,02:03:34,WashingtonDC6D,38.878,-76.959
1689,6D104994,Single_Gunshot,2014-05-05,04:33:58,WashingtonDC6D,38.902,-76.951
1690,1D57532,Single_Gunshot,2014-05-05,16:08:49,WashingtonDC1D,38.901,-76.985
1691,6D105018,Single_Gunshot,2014-05-06,00:21:54,WashingtonDC6D,38.885,-76.926
1692,4D35097,Single_Gunshot,2014-05-06,05:27:55,WashingtonDC4D,38.935,-77.033
1693,5D40659,Single_Gunshot,2014-05-06,17:42:20,WashingtonDC5D,38.925,-76.984
1694,6D105045,Multiple_Gunshots,2014-05-06,21:57:19,WashingtonDC6D,38.877,-76.932
1695,6D105046,Multiple_Gunshots,2014-05-06,21:57:28,WashingtonDC6D,38.877,-76.932
1696,6D105047,Multiple_Gunshots,2014-05-06,22:33:43,WashingtonDC6D,38.899,-76.94
1697,7D124151,Single_Gunshot,2014-05-06,23:39:17,WashingtonDC7D,38.843,-76.984
1698,5D40667,Single_Gunshot,2014-05-07,01:08:26,WashingtonDC5D,38.909,-76.985
1699,7D124153,Multiple_Gunshots,2014-05-07,01:15:14,WashingtonDC7D,38.824,-76.997
1700,6D105049,Single_Gunshot,2014-05-07,01:15:48,WashingtonDC6D,38.866,-76.977
1701,6D105050,Single_Gunshot,2014-05-07,01:38:12,WashingtonDC6D,38.887,-76.951
1702,7D124154,Single_Gunshot,2014-05-07,02:18:33,WashingtonDC7D,38.836,-77.001
1703,7D124155,Single_Gunshot,2014-05-07,02:32:12,WashingtonDC7D,38.852,-76.965
1704,6D105060,Multiple_Gunshots,2014-05-07,13:50:51,WashingtonDC6D,38.897,-76.92
1705,7D124303,Multiple_Gunshots,2014-05-07,22:34:15,WashingtonDC7D,38.842,-77.0
1706,7D124305,Multiple_Gunshots,2014-05-07,22:34:18,WashingtonDC7D,38.842,-76.999
1707,7D124306,Multiple_Gunshots,2014-05-07,22:59:51,WashingtonDC7D,38.834,-76.987
1708,6D105071,Single_Gunshot,2014-05-08,00:11:10,WashingtonDC6D,38.87,-76.925
1709,5D40680,Gunshot_or_Firecracker,2014-05-08,03:26:37,WashingtonDC5D,38.914,-77.016
1710,4D35120,Single_Gunshot,2014-05-08,04:49:51,WashingtonDC4D,38.949,-77.024
1711,3D43826,Multiple_Gunshots,2014-05-08,07:48:28,WashingtonDC3D,38.917,-77.023
1712,6D105081,Multiple_Gunshots,2014-05-08,16:20:03,WashingtonDC6D,38.887,-76.95
1713,6D105086,Gunshot_or_Firecracker,2014-05-08,19:40:43,WashingtonDC6D,38.897,-76.949
1714,7D124360,Multiple_Gunshots,2014-05-08,20:47:54,WashingtonDC7D,38.845,-76.973
1715,5D40688,Multiple_Gunshots,2014-05-08,22:10:00,WashingtonDC5D,38.925,-77.002
1716,6D105098,Single_Gunshot,2014-05-08,22:42:59,WashingtonDC6D,38.885,-76.955
1717,1D57567,Single_Gunshot,2014-05-09,00:58:02,WashingtonDC1D,38.87,-77.009
1718,7D124383,Multiple_Gunshots,2014-05-09,02:44:55,WashingtonDC7D,38.835,-76.992
1719,7D124384,Single_Gunshot,2014-05-09,02:45:15,WashingtonDC7D,38.835,-76.991
1720,6D105126,Multiple_Gunshots,2014-05-09,20:35:03,WashingtonDC6D,38.892,-76.952
1721,7D124448,Multiple_Gunshots,2014-05-09,22:27:58,WashingtonDC7D,38.832,-77.004
1722,5D40692,Gunshot_or_Firecracker,2014-05-09,23:33:14,WashingtonDC5D,38.904,-76.989
1723,1D57572,Single_Gunshot,2014-05-09,23:38:16,WashingtonDC1D,38.901,-76.988
1724,6D105139,Single_Gunshot,2014-05-09,23:48:21,WashingtonDC6D,38.891,-76.912
1725,1D57573,Single_Gunshot,2014-05-09,23:52:35,WashingtonDC1D,38.901,-76.988
1726,6D105140,Multiple_Gunshots,2014-05-10,00:25:13,WashingtonDC6D,38.879,-76.93
1727,6D105141,Single_Gunshot,2014-05-10,00:25:23,WashingtonDC6D,38.88,-76.931
1728,6D105144,Multiple_Gunshots,2014-05-10,02:13:43,WashingtonDC6D,38.895,-76.956
1729,6D105145,Single_Gunshot,2014-05-10,02:52:45,WashingtonDC6D,38.9,-76.943
1730,7D124455,Multiple_Gunshots,2014-05-10,03:50:15,WashingtonDC7D,38.845,-76.986
1731,1D57574,Multiple_Gunshots,2014-05-10,16:46:20,WashingtonDC1D,38.895,-76.979
1732,1D57576,Single_Gunshot,2014-05-10,19:20:26,WashingtonDC1D,38.901,-76.984
1733,6D105201,Single_Gunshot,2014-05-10,23:14:32,WashingtonDC6D,38.897,-76.94
1734,6D105203,Multiple_Gunshots,2014-05-11,00:13:27,WashingtonDC6D,38.894,-76.937
1735,7D124796,Multiple_Gunshots,2014-05-11,01:22:19,WashingtonDC7D,38.861,-76.986
1736,3D43835,Multiple_Gunshots,2014-05-11,01:47:39,WashingtonDC3D,38.913,-77.018
1737,5D40709,Multiple_Gunshots,2014-05-11,01:47:43,WashingtonDC5D,38.913,-77.02
1738,5D40710,Single_Gunshot,2014-05-11,02:24:42,WashingtonDC5D,38.918,-77.01
1739,5D40711,Single_Gunshot,2014-05-11,02:27:32,WashingtonDC5D,38.918,-77.011
1740,7D124797,Single_Gunshot,2014-05-11,02:54:00,WashingtonDC7D,38.857,-76.974
1741,7D124798,Multiple_Gunshots,2014-05-11,03:03:11,WashingtonDC7D,38.832,-76.988
1742,5D40714,Multiple_Gunshots,2014-05-11,03:09:55,WashingtonDC5D,38.911,-76.999
1743,5D40715,Single_Gunshot,2014-05-11,03:10:03,WashingtonDC5D,38.911,-76.998
1744,5D40716,Single_Gunshot,2014-05-11,03:10:04,WashingtonDC5D,38.911,-76.997
1745,7D124800,Multiple_Gunshots,2014-05-11,03:26:13,WashingtonDC7D,38.831,-76.993
1746,5D40754,Gunshot_or_Firecracker,2014-05-11,21:58:44,WashingtonDC5D,38.904,-76.985
1747,6D105284,Single_Gunshot,2014-05-11,22:26:28,WashingtonDC6D,38.886,-76.937
1748,6D105286,Multiple_Gunshots,2014-05-11,22:43:09,WashingtonDC6D,38.889,-76.949
1749,6D105288,Single_Gunshot,2014-05-11,23:45:01,WashingtonDC6D,38.884,-76.924
1750,6D105289,Single_Gunshot,2014-05-11,23:46:20,WashingtonDC6D,38.884,-76.924
1751,7D124910,Single_Gunshot,2014-05-12,00:05:43,WashingtonDC7D,38.848,-76.973
1752,7D124915,Multiple_Gunshots,2014-05-12,01:02:23,WashingtonDC7D,38.837,-76.997
1753,7D124918,Multiple_Gunshots,2014-05-12,01:26:35,WashingtonDC7D,38.844,-76.985
1754,6D105294,Single_Gunshot,2014-05-12,01:56:23,WashingtonDC6D,38.873,-76.972
1755,6D105295,Single_Gunshot,2014-05-12,02:04:37,WashingtonDC6D,38.89,-76.932
1756,6D105303,Multiple_Gunshots,2014-05-12,11:19:41,WashingtonDC6D,38.889,-76.953
1757,6D105304,Multiple_Gunshots,2014-05-12,13:21:46,WashingtonDC6D,38.886,-76.947
1758,6D105305,Multiple_Gunshots,2014-05-12,14:19:08,WashingtonDC6D,38.889,-76.949
1759,5D40763,Gunshot_or_Firecracker,2014-05-12,19:33:30,WashingtonDC5D,38.921,-76.979
1760,7D125129,Multiple_Gunshots,2014-05-12,20:58:46,WashingtonDC7D,38.833,-77.007
1761,5D40769,Multiple_Gunshots,2014-05-12,22:10:11,WashingtonDC5D,38.902,-76.977
1762,6D105313,Multiple_Gunshots,2014-05-12,22:37:27,WashingtonDC6D,38.894,-76.924
1763,7D125138,Multiple_Gunshots,2014-05-12,23:07:42,WashingtonDC7D,38.839,-76.996
1764,6D105316,Multiple_Gunshots,2014-05-12,23:22:42,WashingtonDC6D,38.886,-76.951
1765,6D105317,Multiple_Gunshots,2014-05-12,23:22:48,WashingtonDC6D,38.886,-76.954
1766,6D105318,Gunshot_or_Firecracker,2014-05-12,23:30:01,WashingtonDC6D,38.882,-76.939
1767,6D105319,Single_Gunshot,2014-05-12,23:41:30,WashingtonDC6D,38.885,-76.955
1768,5D40772,Single_Gunshot,2014-05-13,01:25:12,WashingtonDC5D,38.906,-77.005
1769,7D125141,Multiple_Gunshots,2014-05-13,02:57:19,WashingtonDC7D,38.833,-76.989
1770,7D125143,Multiple_Gunshots,2014-05-13,02:57:24,WashingtonDC7D,38.833,-76.989
1771,7D125144,Multiple_Gunshots,2014-05-13,05:01:32,WashingtonDC7D,38.857,-76.99
1772,1D57605,Multiple_Gunshots,2014-05-13,14:08:48,WashingtonDC1D,38.878,-77.017
1773,6D105342,Multiple_Gunshots,2014-05-14,01:43:42,WashingtonDC6D,38.896,-76.92
1774,6D105354,Gunshot_or_Firecracker,2014-05-14,12:21:05,WashingtonDC6D,38.868,-76.967
1775,6D105356,Multiple_Gunshots,2014-05-14,12:21:15,WashingtonDC6D,38.868,-76.967
1776,6D105359,Multiple_Gunshots,2014-05-14,15:10:50,WashingtonDC6D,38.898,-76.917
1777,6D105360,Multiple_Gunshots,2014-05-14,15:11:02,WashingtonDC6D,38.898,-76.92
1778,7D125250,Multiple_Gunshots,2014-05-14,20:23:27,WashingtonDC7D,38.847,-76.983
1779,6D105369,Multiple_Gunshots,2014-05-14,23:41:29,WashingtonDC6D,38.893,-76.936
1780,5D40804,Single_Gunshot,2014-05-15,00:43:14,WashingtonDC5D,38.922,-76.984
1781,7D125253,Single_Gunshot,2014-05-15,02:44:07,WashingtonDC7D,38.833,-77.006
1782,7D125254,Single_Gunshot,2014-05-15,05:25:17,WashingtonDC7D,38.837,-76.992
1783,6D105407,Multiple_Gunshots,2014-05-15,10:53:01,WashingtonDC6D,38.895,-76.92
1784,6D105408,Multiple_Gunshots,2014-05-15,10:53:07,WashingtonDC6D,38.895,-76.92
1785,5D40809,Gunshot_or_Firecracker,2014-05-15,20:40:49,WashingtonDC5D,38.902,-76.985
1786,7D125323,Multiple_Gunshots,2014-05-15,21:02:51,WashingtonDC7D,38.835,-76.988
1787,7D125325,Multiple_Gunshots,2014-05-15,21:02:56,WashingtonDC7D,38.835,-76.988
1788,7D125424,Single_Gunshot,2014-05-15,23:17:36,WashingtonDC7D,38.842,-76.991
1789,7D125425,Gunshot_or_Firecracker,2014-05-15,23:18:01,WashingtonDC7D,38.846,-76.972
1790,5D40811,Single_Gunshot,2014-05-15,23:36:35,WashingtonDC5D,38.902,-76.986
1791,4D35145,Multiple_Gunshots,2014-05-16,04:27:41,WashingtonDC4D,38.955,-77.025
1792,7D128985,Multiple_Gunshots,2014-05-16,17:55:35,WashingtonDC7D,38.835,-76.987
1793,4D35149,Multiple_Gunshots,2014-05-16,21:33:49,WashingtonDC4D,38.953,-77.025
1794,4D35150,Multiple_Gunshots,2014-05-16,21:33:54,WashingtonDC4D,38.953,-77.024
1795,7D129063,Multiple_Gunshots,2014-05-16,23:10:43,WashingtonDC7D,38.842,-76.992
1796,6D105455,Single_Gunshot,2014-05-17,02:17:28,WashingtonDC6D,38.893,-76.939
1797,6D105456,Multiple_Gunshots,2014-05-17,02:21:32,WashingtonDC6D,38.884,-76.959
1798,7D129070,Multiple_Gunshots,2014-05-17,02:36:26,WashingtonDC7D,38.842,-76.987
1799,5D40814,Multiple_Gunshots,2014-05-17,02:52:57,WashingtonDC5D,38.919,-76.975
1800,6D105459,Multiple_Gunshots,2014-05-17,03:26:35,WashingtonDC6D,38.894,-76.923
1801,6D105460,Multiple_Gunshots,2014-05-17,04:23:53,WashingtonDC6D,38.877,-76.986
1802,6D105461,Multiple_Gunshots,2014-05-17,04:23:58,WashingtonDC6D,38.877,-76.988
1803,7D129107,Multiple_Gunshots,2014-05-17,13:48:22,WashingtonDC7D,38.834,-77.002
1804,1D57627,Single_Gunshot,2014-05-17,18:29:24,WashingtonDC1D,38.874,-77.027
1805,7D129174,Multiple_Gunshots,2014-05-17,19:38:33,WashingtonDC7D,38.835,-77.002
1806,7D129180,Multiple_Gunshots,2014-05-17,20:06:42,WashingtonDC7D,38.857,-76.972
1807,7D129181,Multiple_Gunshots,2014-05-17,20:07:15,WashingtonDC7D,38.857,-76.973
1808,7D129266,Gunshot_or_Firecracker,2014-05-17,23:20:12,WashingtonDC7D,38.856,-76.972
1809,7D129272,Multiple_Gunshots,2014-05-17,23:58:06,WashingtonDC7D,38.856,-76.973
1810,7D129273,Multiple_Gunshots,2014-05-17,23:58:18,WashingtonDC7D,38.857,-76.974
1811,4D35155,Single_Gunshot,2014-05-18,00:28:26,WashingtonDC4D,38.958,-77.025
1812,5D40833,Multiple_Gunshots,2014-05-18,00:48:50,WashingtonDC5D,38.905,-77.011
1813,7D129277,Multiple_Gunshots,2014-05-18,01:48:39,WashingtonDC7D,38.832,-76.988
1814,6D105479,Single_Gunshot,2014-05-18,01:57:47,WashingtonDC6D,38.894,-76.939
1815,7D129279,Multiple_Gunshots,2014-05-18,02:23:52,WashingtonDC7D,38.855,-76.972
1816,7D129280,Multiple_Gunshots,2014-05-18,04:05:20,WashingtonDC7D,38.841,-76.996
1817,7D129281,Multiple_Gunshots,2014-05-18,06:07:57,WashingtonDC7D,38.864,-76.992
1818,7D129294,Multiple_Gunshots,2014-05-18,14:26:55,WashingtonDC7D,38.852,-76.972
1819,7D129299,Multiple_Gunshots,2014-05-18,15:35:38,WashingtonDC7D,38.838,-77.006
1820,7D129300,Multiple_Gunshots,2014-05-18,15:35:57,WashingtonDC7D,38.838,-77.005
1821,6D105496,Multiple_Gunshots,2014-05-18,15:57:57,WashingtonDC6D,38.887,-76.937
1822,1D57650,Multiple_Gunshots,2014-05-18,23:09:36,WashingtonDC1D,38.884,-76.974
1823,6D105575,Multiple_Gunshots,2014-05-18,23:09:38,WashingtonDC6D,38.884,-76.973
1824,7D129341,Multiple_Gunshots,2014-05-18,23:49:18,WashingtonDC7D,38.833,-76.992
1825,7D129343,Multiple_Gunshots,2014-05-19,01:28:47,WashingtonDC7D,38.844,-77.0
1826,7D129344,Multiple_Gunshots,2014-05-19,01:29:21,WashingtonDC7D,38.841,-76.998
1827,7D129345,Multiple_Gunshots,2014-05-19,01:30:14,WashingtonDC7D,38.844,-77.0
1828,7D129346,Multiple_Gunshots,2014-05-19,01:30:38,WashingtonDC7D,38.844,-77.0
1829,4D35159,Multiple_Gunshots,2014-05-19,05:47:50,WashingtonDC4D,38.961,-77.028
1830,1D57656,Single_Gunshot,2014-05-19,21:14:44,WashingtonDC1D,38.901,-76.987
1831,5D40842,Multiple_Gunshots,2014-05-19,22:00:21,WashingtonDC5D,38.91,-77.007
1832,5D40843,Gunshot_or_Firecracker,2014-05-19,22:08:53,WashingtonDC5D,38.902,-76.985
1833,6D105602,Multiple_Gunshots,2014-05-19,23:17:17,WashingtonDC6D,38.889,-76.923
1834,6D105605,Single_Gunshot,2014-05-20,01:17:55,WashingtonDC6D,38.894,-76.946
1835,7D129434,Single_Gunshot,2014-05-20,11:38:00,WashingtonDC7D,38.831,-77.006
1836,4D35170,Gunshot_or_Firecracker,2014-05-20,17:14:02,WashingtonDC4D,38.946,-77.017
1837,6D105628,Gunshot_or_Firecracker,2014-05-20,17:20:59,WashingtonDC6D,38.876,-76.926
1838,6D105630,Gunshot_or_Firecracker,2014-05-20,17:51:33,WashingtonDC6D,38.88,-76.928
1839,4D35171,Multiple_Gunshots,2014-05-20,19:18:31,WashingtonDC4D,38.933,-77.022
1840,3D43868,Multiple_Gunshots,2014-05-20,19:18:31,WashingtonDC3D,38.933,-77.022
1841,4D35172,Multiple_Gunshots,2014-05-20,19:18:40,WashingtonDC4D,38.934,-77.022
1842,7D129485,Multiple_Gunshots,2014-05-20,19:23:24,WashingtonDC7D,38.846,-76.992
1843,6D105641,Multiple_Gunshots,2014-05-20,21:07:27,WashingtonDC6D,38.882,-76.959
1844,6D105642,Multiple_Gunshots,2014-05-20,21:07:37,WashingtonDC6D,38.883,-76.959
1845,6D105644,Multiple_Gunshots,2014-05-20,21:07:42,WashingtonDC6D,38.882,-76.959
1846,1D57666,Multiple_Gunshots,2014-05-20,21:55:49,WashingtonDC1D,38.879,-77.016
1847,6D105652,Single_Gunshot,2014-05-20,23:35:48,WashingtonDC6D,38.895,-76.92
1848,6D105656,Single_Gunshot,2014-05-21,01:22:59,WashingtonDC6D,38.881,-76.967
1849,6D105657,Single_Gunshot,2014-05-21,02:10:37,WashingtonDC6D,38.894,-76.92
1850,5D40855,Single_Gunshot,2014-05-21,02:31:06,WashingtonDC5D,38.9,-76.973
1851,1D57669,Single_Gunshot,2014-05-21,02:31:06,WashingtonDC1D,38.9,-76.973
1852,5D40856,Multiple_Gunshots,2014-05-21,02:56:54,WashingtonDC5D,38.901,-76.975
1853,1D57670,Multiple_Gunshots,2014-05-21,02:56:54,WashingtonDC1D,38.901,-76.974
1854,1D57671,Multiple_Gunshots,2014-05-21,02:56:56,WashingtonDC1D,38.897,-76.976
1855,6D105680,Single_Gunshot,2014-05-21,12:29:42,WashingtonDC6D,38.887,-76.933
1856,7D129599,Multiple_Gunshots,2014-05-21,15:51:30,WashingtonDC7D,38.842,-76.985
1857,6D105717,Multiple_Gunshots,2014-05-21,23:32:10,WashingtonDC6D,38.886,-76.953
1858,7D129968,Multiple_Gunshots,2014-05-22,00:31:15,WashingtonDC7D,38.847,-76.972
1859,6D105719,Single_Gunshot,2014-05-22,01:01:11,WashingtonDC6D,38.881,-76.931
1860,1D57680,Multiple_Gunshots,2014-05-22,01:26:01,WashingtonDC1D,38.896,-76.983
1861,5D40867,Multiple_Gunshots,2014-05-22,01:26:02,WashingtonDC5D,38.896,-76.983
1862,1D57684,Single_Gunshot,2014-05-22,18:31:33,WashingtonDC1D,38.903,-76.982
1863,7D130051,Multiple_Gunshots,2014-05-22,21:23:43,WashingtonDC7D,38.851,-76.977
1864,1D57691,Single_Gunshot,2014-05-22,22:32:01,WashingtonDC1D,38.904,-76.981
1865,6D105740,Gunshot_or_Firecracker,2014-05-22,22:37:48,WashingtonDC6D,38.899,-76.943
1866,7D130058,Multiple_Gunshots,2014-05-22,22:57:47,WashingtonDC7D,38.854,-76.97
1867,6D105744,Gunshot_or_Firecracker,2014-05-22,23:07:06,WashingtonDC6D,38.891,-76.921
1868,1D57692,Single_Gunshot,2014-05-22,23:11:55,WashingtonDC1D,38.904,-76.984
1869,6D105745,Single_Gunshot,2014-05-22,23:14:07,WashingtonDC6D,38.896,-76.919
1870,6D105746,Multiple_Gunshots,2014-05-22,23:18:46,WashingtonDC6D,38.885,-76.956
1871,7D130062,Multiple_Gunshots,2014-05-22,23:32:51,WashingtonDC7D,38.848,-76.975
1872,7D130064,Multiple_Gunshots,2014-05-22,23:56:35,WashingtonDC7D,38.842,-77.003
1873,7D130118,Multiple_Gunshots,2014-05-23,14:29:10,WashingtonDC7D,38.844,-76.986
1874,1D57705,Multiple_Gunshots,2014-05-23,20:07:00,WashingtonDC1D,38.901,-76.973
1875,1D57720,Single_Gunshot,2014-05-23,21:53:27,WashingtonDC1D,38.903,-76.981
1876,6D105801,Gunshot_or_Firecracker,2014-05-23,22:01:30,WashingtonDC6D,38.883,-76.936
1877,1D57724,Gunshot_or_Firecracker,2014-05-23,22:50:53,WashingtonDC1D,38.902,-76.986
1878,6D105813,Gunshot_or_Firecracker,2014-05-23,22:57:23,WashingtonDC6D,38.883,-76.936
1879,7D130172,Single_Gunshot,2014-05-23,23:08:46,WashingtonDC7D,38.819,-77.007
1880,1D57732,Single_Gunshot,2014-05-23,23:57:38,WashingtonDC1D,38.901,-76.985
1881,5D40918,Multiple_Gunshots,2014-05-23,23:57:47,WashingtonDC5D,38.902,-76.985
1882,5D40919,Gunshot_or_Firecracker,2014-05-23,23:57:52,WashingtonDC5D,38.903,-76.982
1883,1D57740,Multiple_Gunshots,2014-05-24,00:16:04,WashingtonDC1D,38.897,-76.984
1884,7D130180,Multiple_Gunshots,2014-05-24,00:49:16,WashingtonDC7D,38.855,-76.97
1885,5D40921,Multiple_Gunshots,2014-05-24,00:58:29,WashingtonDC5D,38.902,-76.974
1886,1D57741,Multiple_Gunshots,2014-05-24,00:58:29,WashingtonDC1D,38.904,-76.972
1887,6D105820,Multiple_Gunshots,2014-05-24,02:44:07,WashingtonDC6D,38.885,-76.953
1888,7D130189,Multiple_Gunshots,2014-05-24,05:11:29,WashingtonDC7D,38.871,-76.984
1889,6D105822,Multiple_Gunshots,2014-05-24,05:11:30,WashingtonDC6D,38.871,-76.984
1890,7D130201,Single_Gunshot,2014-05-24,11:13:12,WashingtonDC7D,38.857,-76.975
1891,1D57754,Single_Gunshot,2014-05-24,22:50:56,WashingtonDC1D,38.901,-76.973
1892,6D105859,Single_Gunshot,2014-05-24,23:17:54,WashingtonDC6D,38.891,-76.947
1893,4D35200,Multiple_Gunshots,2014-05-24,23:54:44,WashingtonDC4D,38.955,-77.027
1894,5D40969,Single_Gunshot,2014-05-25,00:46:52,WashingtonDC5D,38.909,-76.984
1895,5D40970,Single_Gunshot,2014-05-25,02:04:08,WashingtonDC5D,38.934,-76.977
1896,5D40971,Single_Gunshot,2014-05-25,02:46:34,WashingtonDC5D,38.922,-76.985
1897,4D35204,Multiple_Gunshots,2014-05-25,04:28:03,WashingtonDC4D,38.958,-77.023
1898,7D130309,Multiple_Gunshots,2014-05-25,17:18:31,WashingtonDC7D,38.834,-76.991
1899,6D105913,Multiple_Gunshots,2014-05-25,18:30:27,WashingtonDC6D,38.896,-76.947
1900,7D130322,Multiple_Gunshots,2014-05-25,18:42:16,WashingtonDC7D,38.838,-76.991
1901,7D130344,Gunshot_or_Firecracker,2014-05-25,20:19:19,WashingtonDC7D,38.833,-77.002
1902,7D130355,Multiple_Gunshots,2014-05-25,20:26:45,WashingtonDC7D,38.834,-77.002
1903,7D130368,Gunshot_or_Firecracker,2014-05-25,20:38:33,WashingtonDC7D,38.827,-77.004
1904,7D130377,Multiple_Gunshots,2014-05-25,20:44:52,WashingtonDC7D,38.827,-77.004
1905,7D130387,Multiple_Gunshots,2014-05-25,20:48:44,WashingtonDC7D,38.834,-77.002
1906,7D130393,Gunshot_or_Firecracker,2014-05-25,21:06:38,WashingtonDC7D,38.833,-77.003
1907,3D43892,Gunshot_or_Firecracker,2014-05-25,21:09:15,WashingtonDC3D,38.921,-77.004
1908,7D130399,Single_Gunshot,2014-05-25,21:09:20,WashingtonDC7D,38.833,-77.002
1909,7D130401,Single_Gunshot,2014-05-25,21:09:25,WashingtonDC7D,38.833,-77.002
1910,7D130403,Single_Gunshot,2014-05-25,21:09:28,WashingtonDC7D,38.833,-77.002
1911,7D130408,Multiple_Gunshots,2014-05-25,21:10:00,WashingtonDC7D,38.833,-77.002
1912,7D130411,Multiple_Gunshots,2014-05-25,21:10:13,WashingtonDC7D,38.833,-77.002
1913,7D130413,Single_Gunshot,2014-05-25,21:10:55,WashingtonDC7D,38.833,-77.002
1914,7D130420,Multiple_Gunshots,2014-05-25,21:11:25,WashingtonDC7D,38.833,-77.002
1915,7D130425,Multiple_Gunshots,2014-05-25,21:11:56,WashingtonDC7D,38.832,-77.002
1916,7D130427,Multiple_Gunshots,2014-05-25,21:12:14,WashingtonDC7D,38.833,-77.002
1917,7D130429,Multiple_Gunshots,2014-05-25,21:12:28,WashingtonDC7D,38.833,-77.002
1918,7D130430,Multiple_Gunshots,2014-05-25,21:12:49,WashingtonDC7D,38.833,-77.002
1919,7D130431,Multiple_Gunshots,2014-05-25,21:12:53,WashingtonDC7D,38.833,-77.002
1920,7D130433,Multiple_Gunshots,2014-05-25,21:13:00,WashingtonDC7D,38.833,-77.002
1921,7D130434,Multiple_Gunshots,2014-05-25,21:13:28,WashingtonDC7D,38.833,-77.003
1922,7D130436,Multiple_Gunshots,2014-05-25,21:13:59,WashingtonDC7D,38.833,-77.002
1923,7D130438,Multiple_Gunshots,2014-05-25,21:14:17,WashingtonDC7D,38.833,-77.002
1924,7D130439,Multiple_Gunshots,2014-05-25,21:14:35,WashingtonDC7D,38.84,-77.005
1925,7D130440,Multiple_Gunshots,2014-05-25,21:14:41,WashingtonDC7D,38.833,-77.003
1926,7D130441,Gunshot_or_Firecracker,2014-05-25,21:14:43,WashingtonDC7D,38.833,-77.002
1927,7D130443,Multiple_Gunshots,2014-05-25,21:14:58,WashingtonDC7D,38.833,-77.002
1928,7D130446,Multiple_Gunshots,2014-05-25,21:15:06,WashingtonDC7D,38.833,-77.002
1929,7D130447,Single_Gunshot,2014-05-25,21:15:42,WashingtonDC7D,38.833,-77.002
1930,7D130448,Single_Gunshot,2014-05-25,21:15:51,WashingtonDC7D,38.832,-77.002
1931,7D130452,Multiple_Gunshots,2014-05-25,21:16:16,WashingtonDC7D,38.833,-77.002
1932,7D130461,Multiple_Gunshots,2014-05-25,21:21:28,WashingtonDC7D,38.833,-77.002
1933,7D130463,Gunshot_or_Firecracker,2014-05-25,21:22:45,WashingtonDC7D,38.833,-77.002
1934,7D130470,Multiple_Gunshots,2014-05-25,21:25:16,WashingtonDC7D,38.833,-77.003
1935,7D130478,Single_Gunshot,2014-05-25,21:26:27,WashingtonDC7D,38.84,-76.995
1936,7D130480,Multiple_Gunshots,2014-05-25,21:26:42,WashingtonDC7D,38.84,-76.995
1937,7D130481,Multiple_Gunshots,2014-05-25,21:27:00,WashingtonDC7D,38.833,-77.002
1938,7D130484,Multiple_Gunshots,2014-05-25,21:28:15,WashingtonDC7D,38.833,-77.002
1939,7D130486,Multiple_Gunshots,2014-05-25,21:28:22,WashingtonDC7D,38.833,-77.003
1940,7D130488,Multiple_Gunshots,2014-05-25,21:29:23,WashingtonDC7D,38.833,-77.002
1941,7D130495,Multiple_Gunshots,2014-05-25,21:30:59,WashingtonDC7D,38.833,-77.003
1942,7D130500,Multiple_Gunshots,2014-05-25,21:34:29,WashingtonDC7D,38.833,-77.003
1943,3D43900,Single_Gunshot,2014-05-25,21:36:16,WashingtonDC3D,38.945,-77.027
1944,7D130503,Multiple_Gunshots,2014-05-25,21:37:35,WashingtonDC7D,38.832,-77.002
1945,7D130504,Multiple_Gunshots,2014-05-25,21:37:49,WashingtonDC7D,38.832,-77.002
1946,7D130513,Multiple_Gunshots,2014-05-25,21:39:34,WashingtonDC7D,38.833,-77.003
1947,7D130517,Multiple_Gunshots,2014-05-25,21:40:38,WashingtonDC7D,38.833,-77.003
1948,7D130535,Multiple_Gunshots,2014-05-25,21:44:49,WashingtonDC7D,38.832,-77.002
1949,7D130540,Gunshot_or_Firecracker,2014-05-25,21:48:05,WashingtonDC7D,38.844,-76.995
1950,1D57785,Gunshot_or_Firecracker,2014-05-25,22:02:25,WashingtonDC1D,38.903,-76.974
1951,7D130554,Multiple_Gunshots,2014-05-25,23:14:13,WashingtonDC7D,38.835,-76.991
1952,6D105932,Single_Gunshot,2014-05-25,23:52:14,WashingtonDC6D,38.893,-76.925
1953,6D105933,Single_Gunshot,2014-05-26,00:14:23,WashingtonDC6D,38.895,-76.921
1954,6D105934,Single_Gunshot,2014-05-26,01:07:36,WashingtonDC6D,38.887,-76.945
1955,6D105937,Single_Gunshot,2014-05-26,02:10:03,WashingtonDC6D,38.88,-76.943
1956,6D105938,Multiple_Gunshots,2014-05-26,02:11:53,WashingtonDC6D,38.899,-76.922
1957,7D130562,Multiple_Gunshots,2014-05-26,05:44:14,WashingtonDC7D,38.842,-76.998
1958,6D105948,Multiple_Gunshots,2014-05-26,12:13:04,WashingtonDC6D,38.872,-76.995
1959,1D57790,Gunshot_or_Firecracker,2014-05-26,16:05:44,WashingtonDC1D,38.886,-76.987
1960,7D130633,Multiple_Gunshots,2014-05-26,18:55:13,WashingtonDC7D,38.86,-76.989
1961,7D130659,Multiple_Gunshots,2014-05-26,19:17:49,WashingtonDC7D,38.839,-76.99
1962,1D57794,Single_Gunshot,2014-05-26,20:32:10,WashingtonDC1D,38.889,-76.987
1963,7D130739,Multiple_Gunshots,2014-05-26,20:54:50,WashingtonDC7D,38.839,-76.989
1964,7D130752,Multiple_Gunshots,2014-05-26,21:12:38,WashingtonDC7D,38.844,-76.981
1965,7D130753,Multiple_Gunshots,2014-05-26,21:12:45,WashingtonDC7D,38.844,-76.981
1966,7D130755,Multiple_Gunshots,2014-05-26,21:15:04,WashingtonDC7D,38.843,-76.981
1967,7D130759,Multiple_Gunshots,2014-05-26,21:15:27,WashingtonDC7D,38.844,-76.979
1968,7D130765,Single_Gunshot,2014-05-26,21:16:24,WashingtonDC7D,38.843,-76.981
1969,6D105983,Multiple_Gunshots,2014-05-26,21:17:21,WashingtonDC6D,38.905,-76.934
1970,1D57811,Single_Gunshot,2014-05-26,21:17:44,WashingtonDC1D,38.872,-77.012
1971,7D130780,Multiple_Gunshots,2014-05-26,21:19:15,WashingtonDC7D,38.847,-76.981
1972,7D130787,Multiple_Gunshots,2014-05-26,21:20:55,WashingtonDC7D,38.847,-76.981
1973,6D106001,Multiple_Gunshots,2014-05-26,22:10:00,WashingtonDC6D,38.887,-76.917
1974,6D106002,Multiple_Gunshots,2014-05-26,22:13:08,WashingtonDC6D,38.896,-76.914
1975,6D106010,Single_Gunshot,2014-05-27,01:05:14,WashingtonDC6D,38.884,-76.925
1976,6D106012,Single_Gunshot,2014-05-27,01:20:14,WashingtonDC6D,38.892,-76.913
1977,3D43907,Single_Gunshot,2014-05-27,02:31:37,WashingtonDC3D,38.908,-77.018
1978,5D41080,Single_Gunshot,2014-05-27,02:31:38,WashingtonDC5D,38.909,-77.017
1979,3D43908,Multiple_Gunshots,2014-05-27,02:50:05,WashingtonDC3D,38.926,-77.026
1980,6D106016,Multiple_Gunshots,2014-05-27,03:19:08,WashingtonDC6D,38.896,-76.924
1981,6D106046,Multiple_Gunshots,2014-05-28,01:11:42,WashingtonDC6D,38.898,-76.919
1982,5D41100,Multiple_Gunshots,2014-05-28,01:24:59,WashingtonDC5D,38.907,-77.009
1983,4D35225,Multiple_Gunshots,2014-05-28,09:41:58,WashingtonDC4D,38.955,-77.024
1984,5D41102,Multiple_Gunshots,2014-05-28,13:24:41,WashingtonDC5D,38.904,-76.982
1985,1D57854,Multiple_Gunshots,2014-05-28,13:24:42,WashingtonDC1D,38.907,-76.983
1986,6D106087,Multiple_Gunshots,2014-05-28,17:18:22,WashingtonDC6D,38.899,-76.919
1987,6D106098,Multiple_Gunshots,2014-05-28,19:39:50,WashingtonDC6D,38.894,-76.92
1988,1D57857,Multiple_Gunshots,2014-05-28,20:48:30,WashingtonDC1D,38.898,-76.977
1989,6D106111,Gunshot_or_Firecracker,2014-05-28,22:41:05,WashingtonDC6D,38.894,-76.935
1990,7D131471,Multiple_Gunshots,2014-05-28,23:04:39,WashingtonDC7D,38.824,-77.002
1991,7D131472,Multiple_Gunshots,2014-05-28,23:08:39,WashingtonDC7D,38.824,-77.001
1992,6D106113,Single_Gunshot,2014-05-28,23:34:59,WashingtonDC6D,38.885,-76.954
1993,6D106114,Single_Gunshot,2014-05-29,00:05:35,WashingtonDC6D,38.886,-76.953
1994,6D106116,Multiple_Gunshots,2014-05-29,04:10:30,WashingtonDC6D,38.889,-76.915
1995,6D106118,Multiple_Gunshots,2014-05-29,04:10:35,WashingtonDC6D,38.89,-76.917
1996,7D132169,Multiple_Gunshots,2014-05-29,21:07:21,WashingtonDC7D,38.842,-76.997
1997,4D35230,Single_Gunshot,2014-05-30,05:34:56,WashingtonDC4D,38.961,-77.019
1998,7D132202,Gunshot_or_Firecracker,2014-05-30,10:57:10,WashingtonDC7D,38.853,-77.002
1999,6D106142,Gunshot_or_Firecracker,2014-05-30,11:14:28,WashingtonDC6D,38.893,-76.911
2000,6D106145,Single_Gunshot,2014-05-30,12:41:45,WashingtonDC6D,38.882,-76.933
2001,7D132275,Multiple_Gunshots,2014-05-30,22:03:20,WashingtonDC7D,38.832,-77.005
2002,7D132296,Multiple_Gunshots,2014-05-31,02:26:32,WashingtonDC7D,38.828,-76.999
2003,7D132297,Multiple_Gunshots,2014-05-31,02:27:57,WashingtonDC7D,38.827,-77.002
2004,1D57891,Single_Gunshot,2014-05-31,03:14:26,WashingtonDC1D,38.893,-76.975
2005,7D132302,Single_Gunshot,2014-05-31,05:18:33,WashingtonDC7D,38.832,-77.0
2006,7D132303,Single_Gunshot,2014-05-31,05:43:55,WashingtonDC7D,38.864,-76.994
2007,7D132304,Single_Gunshot,2014-05-31,05:44:23,WashingtonDC7D,38.866,-76.989
2008,7D132308,Gunshot_or_Firecracker,2014-05-31,07:51:56,WashingtonDC7D,38.832,-77.004
2009,7D132309,Multiple_Gunshots,2014-05-31,07:52:03,WashingtonDC7D,38.832,-77.004
2010,7D132351,Multiple_Gunshots,2014-05-31,14:20:19,WashingtonDC7D,38.848,-76.977
2011,7D132373,Multiple_Gunshots,2014-05-31,19:15:17,WashingtonDC7D,38.823,-77.007
2012,7D132383,Multiple_Gunshots,2014-05-31,20:16:51,WashingtonDC7D,38.823,-77.008
2013,5D41157,Gunshot_or_Firecracker,2014-05-31,21:01:31,WashingtonDC5D,38.9,-76.986
2014,6D106230,Multiple_Gunshots,2014-05-31,23:14:36,WashingtonDC6D,38.913,-76.922
2015,6D106231,Single_Gunshot,2014-05-31,23:17:36,WashingtonDC6D,38.883,-76.931
2016,4D35240,Multiple_Gunshots,2014-06-01,00:15:42,WashingtonDC4D,38.956,-77.023
2017,6D106233,Single_Gunshot,2014-06-01,00:35:45,WashingtonDC6D,38.905,-76.921
2018,7D132443,Multiple_Gunshots,2014-06-01,02:04:05,WashingtonDC7D,38.849,-76.972
2019,6D106239,Single_Gunshot,2014-06-01,02:12:38,WashingtonDC6D,38.867,-76.977
2020,6D106240,Single_Gunshot,2014-06-01,02:29:28,WashingtonDC6D,38.886,-76.926
2021,6D106241,Multiple_Gunshots,2014-06-01,02:51:43,WashingtonDC6D,38.887,-76.953
2022,6D106242,Multiple_Gunshots,2014-06-01,03:48:56,WashingtonDC6D,38.893,-76.952
2023,6D106243,Single_Gunshot,2014-06-01,03:49:00,WashingtonDC6D,38.893,-76.952
2024,6D106245,Multiple_Gunshots,2014-06-01,03:49:05,WashingtonDC6D,38.893,-76.951
2025,6D106247,Multiple_Gunshots,2014-06-01,03:49:10,WashingtonDC6D,38.893,-76.952
2026,6D106248,Single_Gunshot,2014-06-01,03:49:12,WashingtonDC6D,38.893,-76.951
2027,6D106249,Multiple_Gunshots,2014-06-01,03:49:13,WashingtonDC6D,38.893,-76.952
2028,6D106250,Single_Gunshot,2014-06-01,04:19:59,WashingtonDC6D,38.9,-76.917
2029,7D132450,Multiple_Gunshots,2014-06-01,05:10:28,WashingtonDC7D,38.86,-76.996
2030,6D106251,Multiple_Gunshots,2014-06-01,05:10:28,WashingtonDC6D,38.86,-76.997
2031,7D132453,Multiple_Gunshots,2014-06-01,10:32:00,WashingtonDC7D,38.832,-77.004
2032,7D132455,Multiple_Gunshots,2014-06-01,10:32:45,WashingtonDC7D,38.832,-77.004
2033,7D132456,Multiple_Gunshots,2014-06-01,10:32:56,WashingtonDC7D,38.832,-77.004
2034,5D41172,Multiple_Gunshots,2014-06-01,16:47:50,WashingtonDC5D,38.898,-76.974
2035,1D57905,Multiple_Gunshots,2014-06-01,16:47:50,WashingtonDC1D,38.898,-76.974
2036,7D132510,Multiple_Gunshots,2014-06-01,21:19:23,WashingtonDC7D,38.832,-77.005
2037,7D132527,Multiple_Gunshots,2014-06-01,21:56:11,WashingtonDC7D,38.829,-77.002
2038,6D106306,Single_Gunshot,2014-06-01,22:34:54,WashingtonDC6D,38.871,-76.929
2039,6D106307,Gunshot_or_Firecracker,2014-06-01,22:55:34,WashingtonDC6D,38.901,-76.937
2040,6D106308,Multiple_Gunshots,2014-06-01,22:59:23,WashingtonDC6D,38.883,-76.929
2041,6D106309,Multiple_Gunshots,2014-06-01,22:59:26,WashingtonDC6D,38.882,-76.928
2042,6D106310,Single_Gunshot,2014-06-01,23:01:08,WashingtonDC6D,38.901,-76.939
2043,6D106311,Single_Gunshot,2014-06-01,23:10:11,WashingtonDC6D,38.861,-76.964
2044,6D106312,Single_Gunshot,2014-06-01,23:43:21,WashingtonDC6D,38.877,-76.951
2045,4D35249,Single_Gunshot,2014-06-02,02:47:21,WashingtonDC4D,38.95,-77.007
2046,6D106313,Multiple_Gunshots,2014-06-02,03:27:39,WashingtonDC6D,38.899,-76.934
2047,6D106324,Multiple_Gunshots,2014-06-02,12:33:24,WashingtonDC6D,38.866,-76.976
2048,7D132555,Multiple_Gunshots,2014-06-02,12:37:21,WashingtonDC7D,38.835,-77.001
2049,7D132558,Single_Gunshot,2014-06-02,12:37:32,WashingtonDC7D,38.835,-77.001
2050,7D132565,Gunshot_or_Firecracker,2014-06-02,12:37:59,WashingtonDC7D,38.835,-77.001
2051,7D132567,Multiple_Gunshots,2014-06-02,12:38:13,WashingtonDC7D,38.835,-77.001
2052,6D106332,Single_Gunshot,2014-06-02,19:11:31,WashingtonDC6D,38.884,-76.926
2053,7D132603,Multiple_Gunshots,2014-06-02,19:13:22,WashingtonDC7D,38.832,-77.004
2054,7D132636,Multiple_Gunshots,2014-06-03,00:58:41,WashingtonDC7D,38.861,-76.986
2055,6D106357,Multiple_Gunshots,2014-06-03,00:58:41,WashingtonDC6D,38.861,-76.986
2056,6D106362,Single_Gunshot,2014-06-03,01:36:39,WashingtonDC6D,38.886,-76.926
2057,6D106365,Single_Gunshot,2014-06-03,02:38:18,WashingtonDC6D,38.904,-76.931
2058,7D132850,Multiple_Gunshots,2014-06-03,17:02:54,WashingtonDC7D,38.848,-76.974
2059,7D132858,Multiple_Gunshots,2014-06-03,19:28:30,WashingtonDC7D,38.834,-76.992
2060,7D132859,Multiple_Gunshots,2014-06-03,19:28:41,WashingtonDC7D,38.834,-76.992
2061,7D132861,Multiple_Gunshots,2014-06-03,19:29:34,WashingtonDC7D,38.834,-76.992
2062,7D132900,Multiple_Gunshots,2014-06-03,20:21:24,WashingtonDC7D,38.835,-76.993
2063,7D132904,Multiple_Gunshots,2014-06-03,20:23:01,WashingtonDC7D,38.835,-76.993
2064,7D132907,Multiple_Gunshots,2014-06-03,20:23:08,WashingtonDC7D,38.835,-76.993
2065,7D132917,Multiple_Gunshots,2014-06-03,20:25:22,WashingtonDC7D,38.835,-76.993
2066,7D132918,Multiple_Gunshots,2014-06-03,20:25:58,WashingtonDC7D,38.835,-76.993
2067,7D132919,Multiple_Gunshots,2014-06-03,20:26:06,WashingtonDC7D,38.835,-76.993
2068,6D106388,Multiple_Gunshots,2014-06-03,21:38:41,WashingtonDC6D,38.893,-76.914
2069,6D106392,Single_Gunshot,2014-06-03,22:22:32,WashingtonDC6D,38.884,-76.926
2070,5D41192,Single_Gunshot,2014-06-03,23:59:51,WashingtonDC5D,38.917,-77.002
2071,4D35256,Gunshot_or_Firecracker,2014-06-04,00:48:59,WashingtonDC4D,38.957,-77.024
2072,7D132934,Multiple_Gunshots,2014-06-04,01:35:13,WashingtonDC7D,38.843,-76.988
2073,6D106393,Multiple_Gunshots,2014-06-04,01:43:58,WashingtonDC6D,38.912,-76.938
2074,6D106399,Multiple_Gunshots,2014-06-04,07:53:40,WashingtonDC6D,38.901,-76.948
2075,4D35267,Multiple_Gunshots,2014-06-04,11:56:49,WashingtonDC4D,38.952,-77.022
2076,3D43943,Multiple_Gunshots,2014-06-04,15:33:16,WashingtonDC3D,38.926,-77.024
2077,1D57925,Single_Gunshot,2014-06-04,16:32:33,WashingtonDC1D,38.874,-77.012
2078,1D57927,Gunshot_or_Firecracker,2014-06-04,19:52:31,WashingtonDC1D,38.902,-76.974
2079,4D35273,Multiple_Gunshots,2014-06-04,20:54:42,WashingtonDC4D,38.941,-77.022
2080,6D106422,Multiple_Gunshots,2014-06-04,21:23:07,WashingtonDC6D,38.902,-76.929
2081,6D106423,Multiple_Gunshots,2014-06-04,21:23:17,WashingtonDC6D,38.902,-76.929
2082,6D106424,Multiple_Gunshots,2014-06-04,23:17:42,WashingtonDC6D,38.887,-76.954
2083,7D133659,Multiple_Gunshots,2014-06-05,02:28:49,WashingtonDC7D,38.849,-76.981
2084,6D106435,Multiple_Gunshots,2014-06-05,13:35:15,WashingtonDC6D,38.884,-76.952
2085,7D133678,Multiple_Gunshots,2014-06-05,14:46:04,WashingtonDC7D,38.841,-76.994
2086,7D133723,Multiple_Gunshots,2014-06-05,18:26:06,WashingtonDC7D,38.834,-76.992
2087,6D106447,Single_Gunshot,2014-06-05,18:55:14,WashingtonDC6D,38.886,-76.955
2088,7D133755,Multiple_Gunshots,2014-06-05,20:48:20,WashingtonDC7D,38.845,-76.977
2089,7D133757,Multiple_Gunshots,2014-06-05,21:13:43,WashingtonDC7D,38.833,-77.005
2090,6D106458,Single_Gunshot,2014-06-05,23:04:03,WashingtonDC6D,38.904,-76.916
2091,7D133763,Multiple_Gunshots,2014-06-06,00:05:29,WashingtonDC7D,38.851,-76.966
2092,7D133764,Multiple_Gunshots,2014-06-06,00:05:36,WashingtonDC7D,38.85,-76.965
2093,7D133765,Multiple_Gunshots,2014-06-06,00:29:51,WashingtonDC7D,38.845,-76.999
2094,5D41219,Single_Gunshot,2014-06-06,00:32:11,WashingtonDC5D,38.909,-76.985
2095,1D57938,Single_Gunshot,2014-06-06,00:32:12,WashingtonDC1D,38.909,-76.985
2096,6D106459,Single_Gunshot,2014-06-06,01:13:39,WashingtonDC6D,38.868,-76.985
2097,6D106460,Single_Gunshot,2014-06-06,01:52:10,WashingtonDC6D,38.869,-76.987
2098,7D133776,Single_Gunshot,2014-06-06,07:37:37,WashingtonDC7D,38.856,-76.966
2099,5D41221,Single_Gunshot,2014-06-06,08:11:01,WashingtonDC5D,38.926,-76.985
2100,6D106468,Single_Gunshot,2014-06-06,13:09:46,WashingtonDC6D,38.897,-76.944
2101,6D106481,Multiple_Gunshots,2014-06-06,21:05:42,WashingtonDC6D,38.887,-76.951
2102,6D106504,Multiple_Gunshots,2014-06-06,22:12:01,WashingtonDC6D,38.864,-76.971
2103,6D106509,Multiple_Gunshots,2014-06-06,22:47:54,WashingtonDC6D,38.887,-76.951
2104,7D133864,Multiple_Gunshots,2014-06-07,00:21:51,WashingtonDC7D,38.833,-77.006
2105,6D106533,Multiple_Gunshots,2014-06-07,01:42:49,WashingtonDC6D,38.908,-76.921
2106,7D133870,Multiple_Gunshots,2014-06-07,02:00:44,WashingtonDC7D,38.842,-76.999
2107,5D41288,Multiple_Gunshots,2014-06-07,02:42:52,WashingtonDC5D,38.911,-77.013
2108,5D41289,Multiple_Gunshots,2014-06-07,03:51:17,WashingtonDC5D,38.929,-76.97
2109,6D106543,Single_Gunshot,2014-06-07,06:21:58,WashingtonDC6D,38.905,-76.929
2110,7D133888,Single_Gunshot,2014-06-07,06:44:30,WashingtonDC7D,38.852,-76.981
2111,6D106549,Single_Gunshot,2014-06-07,10:52:57,WashingtonDC6D,38.907,-76.932
2112,7D133891,Multiple_Gunshots,2014-06-07,11:04:15,WashingtonDC7D,38.844,-76.973
2113,7D133892,Multiple_Gunshots,2014-06-07,11:04:43,WashingtonDC7D,38.844,-76.973
2114,6D106550,Multiple_Gunshots,2014-06-07,11:22:16,WashingtonDC6D,38.898,-76.919
2115,7D133893,Single_Gunshot,2014-06-07,11:54:09,WashingtonDC7D,38.843,-76.986
2116,7D133904,Single_Gunshot,2014-06-07,20:16:59,WashingtonDC7D,38.832,-77.005
2117,7D133906,Single_Gunshot,2014-06-07,20:17:16,WashingtonDC7D,38.832,-77.005
2118,6D106621,Single_Gunshot,2014-06-07,23:26:13,WashingtonDC6D,38.894,-76.945
2119,5D41318,Single_Gunshot,2014-06-08,00:34:21,WashingtonDC5D,38.918,-77.015
2120,3D43966,Single_Gunshot,2014-06-08,00:34:21,WashingtonDC3D,38.919,-77.016
2121,6D106624,Single_Gunshot,2014-06-08,00:58:24,WashingtonDC6D,38.899,-76.943
2122,6D106625,Gunshot_or_Firecracker,2014-06-08,01:01:08,WashingtonDC6D,38.9,-76.944
2123,7D134005,Multiple_Gunshots,2014-06-08,05:12:51,WashingtonDC7D,38.857,-76.974
2124,6D106630,Multiple_Gunshots,2014-06-08,05:12:51,WashingtonDC6D,38.859,-76.973
2125,7D134007,Multiple_Gunshots,2014-06-08,10:41:37,WashingtonDC7D,38.844,-77.001
2126,7D134014,Multiple_Gunshots,2014-06-08,12:25:53,WashingtonDC7D,38.839,-76.994
2127,7D134015,Multiple_Gunshots,2014-06-08,12:26:10,WashingtonDC7D,38.839,-76.994
2128,6D106647,Multiple_Gunshots,2014-06-08,16:51:37,WashingtonDC6D,38.88,-76.953
2129,6D106648,Multiple_Gunshots,2014-06-08,17:12:54,WashingtonDC6D,38.857,-76.974
2130,7D134068,Gunshot_or_Firecracker,2014-06-08,20:01:35,WashingtonDC7D,38.845,-77.0
2131,7D134103,Multiple_Gunshots,2014-06-08,20:44:45,WashingtonDC7D,38.828,-76.998
2132,7D134112,Multiple_Gunshots,2014-06-08,20:45:47,WashingtonDC7D,38.828,-76.998
2133,7D135302,Multiple_Gunshots,2014-06-09,13:03:54,WashingtonDC7D,38.832,-77.004
2134,6D106688,Single_Gunshot,2014-06-09,18:06:55,WashingtonDC6D,38.893,-76.917
2135,7D135326,Multiple_Gunshots,2014-06-09,19:47:33,WashingtonDC7D,38.832,-76.997
2136,6D106702,Multiple_Gunshots,2014-06-09,21:31:23,WashingtonDC6D,38.878,-76.955
2137,7D135374,Multiple_Gunshots,2014-06-09,21:54:53,WashingtonDC7D,38.843,-77.0
2138,6D106710,Gunshot_or_Firecracker,2014-06-09,22:30:08,WashingtonDC6D,38.904,-76.933
2139,6D106711,Multiple_Gunshots,2014-06-09,23:30:37,WashingtonDC6D,38.889,-76.952
2140,4D35313,Single_Gunshot,2014-06-09,23:32:21,WashingtonDC4D,38.957,-77.024
2141,6D106714,Multiple_Gunshots,2014-06-10,00:24:30,WashingtonDC6D,38.902,-76.93
2142,1D57988,Single_Gunshot,2014-06-10,03:04:26,WashingtonDC1D,38.894,-76.977
2143,6D106716,Multiple_Gunshots,2014-06-10,03:32:45,WashingtonDC6D,38.889,-76.927
2144,6D106723,Multiple_Gunshots,2014-06-10,16:03:45,WashingtonDC6D,38.902,-76.932
2145,7D135930,Multiple_Gunshots,2014-06-10,19:55:31,WashingtonDC7D,38.832,-76.998
2146,7D135931,Multiple_Gunshots,2014-06-10,19:55:40,WashingtonDC7D,38.832,-76.998
2147,6D106749,Gunshot_or_Firecracker,2014-06-10,21:12:52,WashingtonDC6D,38.894,-76.912
2148,6D106757,Multiple_Gunshots,2014-06-10,22:40:58,WashingtonDC6D,38.9,-76.937
2149,6D106759,Single_Gunshot,2014-06-10,22:41:04,WashingtonDC6D,38.901,-76.937
2150,6D106761,Multiple_Gunshots,2014-06-10,22:41:26,WashingtonDC6D,38.901,-76.937
2151,6D106765,Single_Gunshot,2014-06-10,23:32:55,WashingtonDC6D,38.894,-76.939
2152,1D58001,Single_Gunshot,2014-06-10,23:48:11,WashingtonDC1D,38.875,-77.013
2153,1D58008,Single_Gunshot,2014-06-11,00:47:09,WashingtonDC1D,38.901,-76.987
2154,6D106768,Single_Gunshot,2014-06-11,04:03:33,WashingtonDC6D,38.897,-76.927
2155,7D135975,Multiple_Gunshots,2014-06-11,06:14:03,WashingtonDC7D,38.827,-77.001
2156,7D135977,Single_Gunshot,2014-06-11,06:14:27,WashingtonDC7D,38.829,-77.004
2157,7D136190,Multiple_Gunshots,2014-06-11,13:31:24,WashingtonDC7D,38.851,-76.978
2158,4D35325,Gunshot_or_Firecracker,2014-06-11,15:11:37,WashingtonDC4D,38.943,-77.024
2159,3D43974,Single_Gunshot,2014-06-11,18:50:44,WashingtonDC3D,38.942,-77.025
2160,1D58015,Single_Gunshot,2014-06-11,19:08:26,WashingtonDC1D,38.907,-76.976
2161,7D136219,Gunshot_or_Firecracker,2014-06-11,19:27:54,WashingtonDC7D,38.832,-76.997
2162,5D41441,Gunshot_or_Firecracker,2014-06-11,19:29:45,WashingtonDC5D,38.921,-76.983
2163,7D136226,Multiple_Gunshots,2014-06-11,19:30:00,WashingtonDC7D,38.846,-76.999
2164,5D41442,Single_Gunshot,2014-06-11,19:31:58,WashingtonDC5D,38.921,-76.983
2165,3D43976,Multiple_Gunshots,2014-06-11,20:03:12,WashingtonDC3D,38.935,-77.022
2166,3D43977,Multiple_Gunshots,2014-06-11,20:03:17,WashingtonDC3D,38.935,-77.022
2167,5D41448,Gunshot_or_Firecracker,2014-06-11,20:16:27,WashingtonDC5D,38.923,-76.988
2168,4D35338,Gunshot_or_Firecracker,2014-06-11,21:08:30,WashingtonDC4D,38.943,-77.024
2169,4D35339,Gunshot_or_Firecracker,2014-06-11,21:17:43,WashingtonDC4D,38.954,-77.021
2170,6D106776,Single_Gunshot,2014-06-11,23:02:22,WashingtonDC6D,38.889,-76.951
2171,7D136854,Multiple_Gunshots,2014-06-12,00:32:20,WashingtonDC7D,38.842,-76.986
2172,6D106777,Multiple_Gunshots,2014-06-12,01:18:21,WashingtonDC6D,38.886,-76.946
2173,6D106778,Single_Gunshot,2014-06-12,02:08:27,WashingtonDC6D,38.889,-76.922
2174,6D106780,Multiple_Gunshots,2014-06-12,03:20:27,WashingtonDC6D,38.88,-76.925
2175,7D136870,Multiple_Gunshots,2014-06-12,10:07:44,WashingtonDC7D,38.829,-77.002
2176,7D136871,Multiple_Gunshots,2014-06-12,10:07:59,WashingtonDC7D,38.829,-77.001
2177,3D43979,Multiple_Gunshots,2014-06-12,13:30:29,WashingtonDC3D,38.907,-77.02
2178,3D43984,Multiple_Gunshots,2014-06-12,16:46:16,WashingtonDC3D,38.919,-77.033
2179,4D35342,Gunshot_or_Firecracker,2014-06-12,19:11:41,WashingtonDC4D,38.948,-77.019
2180,7D137099,Gunshot_or_Firecracker,2014-06-12,20:43:30,WashingtonDC7D,38.844,-76.973
2181,1D58019,Multiple_Gunshots,2014-06-13,03:41:39,WashingtonDC1D,38.874,-77.012
2182,7D137390,Multiple_Gunshots,2014-06-13,16:21:33,WashingtonDC7D,38.832,-76.997
2183,5D41467,Gunshot_or_Firecracker,2014-06-13,19:51:04,WashingtonDC5D,38.909,-76.986
2184,6D106862,Single_Gunshot,2014-06-13,20:07:11,WashingtonDC6D,38.884,-76.926
2185,1D58026,Single_Gunshot,2014-06-13,21:24:05,WashingtonDC1D,38.901,-76.985
2186,5D41488,Gunshot_or_Firecracker,2014-06-13,21:32:14,WashingtonDC5D,38.922,-76.988
2187,7D137549,Multiple_Gunshots,2014-06-13,21:36:10,WashingtonDC7D,38.827,-77.001
2188,5D41524,Multiple_Gunshots,2014-06-13,22:38:19,WashingtonDC5D,38.903,-76.975
2189,1D58056,Multiple_Gunshots,2014-06-13,22:38:19,WashingtonDC1D,38.902,-76.975
2190,6D106888,Multiple_Gunshots,2014-06-14,00:18:06,WashingtonDC6D,38.882,-76.934
2191,3D43989,Single_Gunshot,2014-06-14,01:05:48,WashingtonDC3D,38.93,-77.03
2192,5D41528,Gunshot_or_Firecracker,2014-06-14,02:37:08,WashingtonDC5D,38.9,-76.988
2193,1D58063,Multiple_Gunshots,2014-06-14,03:00:04,WashingtonDC1D,38.879,-77.011
2194,6D106899,Single_Gunshot,2014-06-14,03:18:56,WashingtonDC6D,38.885,-76.953
2195,7D137611,Multiple_Gunshots,2014-06-14,03:35:05,WashingtonDC7D,38.829,-76.999
2196,7D137613,Multiple_Gunshots,2014-06-14,03:35:09,WashingtonDC7D,38.828,-77.001
2197,7D137614,Multiple_Gunshots,2014-06-14,03:35:11,WashingtonDC7D,38.828,-77.001
2198,6D106900,Single_Gunshot,2014-06-14,07:49:35,WashingtonDC6D,38.902,-76.94
2199,6D106901,Single_Gunshot,2014-06-14,10:04:53,WashingtonDC6D,38.895,-76.949
2200,5D41532,Single_Gunshot,2014-06-14,10:34:25,WashingtonDC5D,38.912,-76.987
2201,4D35359,Gunshot_or_Firecracker,2014-06-14,11:24:27,WashingtonDC4D,38.95,-77.027
2202,7D137647,Single_Gunshot,2014-06-14,13:01:23,WashingtonDC7D,38.827,-76.999
2203,7D137648,Single_Gunshot,2014-06-14,13:03:36,WashingtonDC7D,38.827,-76.999
2204,5D41533,Single_Gunshot,2014-06-14,13:06:36,WashingtonDC5D,38.923,-76.986
2205,1D58066,Single_Gunshot,2014-06-14,13:18:06,WashingtonDC1D,38.901,-76.985
2206,1D58067,Single_Gunshot,2014-06-14,13:19:07,WashingtonDC1D,38.876,-77.012
2207,1D58077,Single_Gunshot,2014-06-14,18:05:46,WashingtonDC1D,38.901,-76.986
2208,1D58078,Single_Gunshot,2014-06-14,18:17:38,WashingtonDC1D,38.902,-76.985
2209,7D137698,Multiple_Gunshots,2014-06-14,18:37:49,WashingtonDC7D,38.857,-76.974
2210,1D58080,Single_Gunshot,2014-06-14,18:37:58,WashingtonDC1D,38.903,-76.988
2211,7D137702,Multiple_Gunshots,2014-06-14,19:06:28,WashingtonDC7D,38.842,-76.998
2212,7D137724,Multiple_Gunshots,2014-06-14,20:44:01,WashingtonDC7D,38.851,-76.973
2213,1D58082,Single_Gunshot,2014-06-14,20:57:38,WashingtonDC1D,38.892,-76.967
2214,7D137733,Single_Gunshot,2014-06-14,20:58:48,WashingtonDC7D,38.859,-76.988
2215,6D106928,Multiple_Gunshots,2014-06-14,21:14:03,WashingtonDC6D,38.884,-76.953
2216,4D35370,Gunshot_or_Firecracker,2014-06-14,21:29:55,WashingtonDC4D,38.943,-77.024
2217,7D137743,Multiple_Gunshots,2014-06-14,21:51:33,WashingtonDC7D,38.854,-76.985
2218,7D137777,Multiple_Gunshots,2014-06-14,22:30:39,WashingtonDC7D,38.853,-76.97
2219,7D137820,Multiple_Gunshots,2014-06-15,00:29:36,WashingtonDC7D,38.826,-76.999
2220,7D137822,Multiple_Gunshots,2014-06-15,00:32:10,WashingtonDC7D,38.848,-76.958
2221,7D137823,Multiple_Gunshots,2014-06-15,00:33:56,WashingtonDC7D,38.856,-76.972
2222,6D107017,Multiple_Gunshots,2014-06-15,01:19:50,WashingtonDC6D,38.885,-76.953
2223,7D137836,Multiple_Gunshots,2014-06-15,02:55:46,WashingtonDC7D,38.848,-76.958
2224,7D137838,Multiple_Gunshots,2014-06-15,02:55:55,WashingtonDC7D,38.838,-76.995
2225,3D44004,Multiple_Gunshots,2014-06-15,03:32:08,WashingtonDC3D,38.934,-77.023
2226,1D58093,Multiple_Gunshots,2014-06-15,05:04:28,WashingtonDC1D,38.902,-76.979
2227,5D41579,Multiple_Gunshots,2014-06-15,08:52:22,WashingtonDC5D,38.913,-76.986
2228,7D137884,Multiple_Gunshots,2014-06-15,17:52:03,WashingtonDC7D,38.835,-76.993
2229,7D137899,Multiple_Gunshots,2014-06-15,17:55:18,WashingtonDC7D,38.835,-76.993
2230,7D137905,Multiple_Gunshots,2014-06-15,17:55:45,WashingtonDC7D,38.835,-76.993
2231,7D137908,Multiple_Gunshots,2014-06-15,17:55:57,WashingtonDC7D,38.834,-76.994
2232,7D137911,Multiple_Gunshots,2014-06-15,18:08:44,WashingtonDC7D,38.835,-76.993
2233,6D107046,Single_Gunshot,2014-06-15,18:18:09,WashingtonDC6D,38.887,-76.95
2234,1D58107,Single_Gunshot,2014-06-15,19:08:14,WashingtonDC1D,38.888,-76.98
2235,7D137931,Multiple_Gunshots,2014-06-15,20:15:21,WashingtonDC7D,38.834,-76.992
2236,7D137942,Multiple_Gunshots,2014-06-15,20:43:35,WashingtonDC7D,38.86,-76.984
2237,6D107079,Multiple_Gunshots,2014-06-15,20:43:40,WashingtonDC6D,38.86,-76.983
2238,7D137943,Multiple_Gunshots,2014-06-15,20:43:51,WashingtonDC7D,38.86,-76.984
2239,7D137948,Multiple_Gunshots,2014-06-15,20:44:55,WashingtonDC7D,38.843,-76.986
2240,7D137957,Single_Gunshot,2014-06-15,20:50:12,WashingtonDC7D,38.847,-76.999
2241,7D137959,Gunshot_or_Firecracker,2014-06-15,20:51:01,WashingtonDC7D,38.848,-76.999
2242,7D137960,Single_Gunshot,2014-06-15,20:51:27,WashingtonDC7D,38.847,-76.999
2243,6D107110,Multiple_Gunshots,2014-06-15,21:58:51,WashingtonDC6D,38.858,-76.973
2244,6D107113,Multiple_Gunshots,2014-06-15,22:28:51,WashingtonDC6D,38.877,-76.939
2245,7D138134,Gunshot_or_Firecracker,2014-06-15,22:35:06,WashingtonDC7D,38.841,-76.993
2246,4D35396,Multiple_Gunshots,2014-06-15,22:45:32,WashingtonDC4D,38.944,-77.021
2247,6D107156,Single_Gunshot,2014-06-15,22:49:13,WashingtonDC6D,38.902,-76.93
2248,6D107184,Single_Gunshot,2014-06-15,23:13:19,WashingtonDC6D,38.878,-76.932
2249,6D107189,Single_Gunshot,2014-06-15,23:39:03,WashingtonDC6D,38.891,-76.92
2250,6D107194,Single_Gunshot,2014-06-16,00:12:46,WashingtonDC6D,38.896,-76.929
2251,6D107195,Multiple_Gunshots,2014-06-16,00:15:13,WashingtonDC6D,38.887,-76.917
2252,6D107196,Multiple_Gunshots,2014-06-16,00:15:16,WashingtonDC6D,38.894,-76.919
2253,6D107198,Single_Gunshot,2014-06-16,00:25:20,WashingtonDC6D,38.899,-76.944
2254,6D107199,Single_Gunshot,2014-06-16,00:26:10,WashingtonDC6D,38.899,-76.944
2255,6D107200,Single_Gunshot,2014-06-16,00:27:05,WashingtonDC6D,38.899,-76.944
2256,6D107212,Multiple_Gunshots,2014-06-16,01:19:57,WashingtonDC6D,38.892,-76.925
2257,6D107244,Single_Gunshot,2014-06-16,19:26:49,WashingtonDC6D,38.886,-76.926
2258,7D138231,Multiple_Gunshots,2014-06-16,19:48:14,WashingtonDC7D,38.832,-76.997
2259,7D138254,Multiple_Gunshots,2014-06-16,20:05:33,WashingtonDC7D,38.834,-76.993
2260,7D138260,Multiple_Gunshots,2014-06-16,20:23:18,WashingtonDC7D,38.834,-76.994
2261,7D138262,Multiple_Gunshots,2014-06-16,20:23:30,WashingtonDC7D,38.834,-76.994
2262,5D41682,Gunshot_or_Firecracker,2014-06-16,21:21:24,WashingtonDC5D,38.905,-76.981
2263,4D35415,Single_Gunshot,2014-06-17,03:00:18,WashingtonDC4D,38.941,-77.021
2264,4D35416,Single_Gunshot,2014-06-17,03:00:22,WashingtonDC4D,38.941,-77.021
2265,7D138294,Multiple_Gunshots,2014-06-17,08:21:55,WashingtonDC7D,38.836,-76.999
2266,7D138305,Multiple_Gunshots,2014-06-17,11:08:31,WashingtonDC7D,38.843,-76.98
2267,7D138306,Multiple_Gunshots,2014-06-17,11:08:40,WashingtonDC7D,38.843,-76.979
2268,7D138332,Multiple_Gunshots,2014-06-17,19:17:15,WashingtonDC7D,38.843,-76.979
2269,7D138334,Multiple_Gunshots,2014-06-17,19:18:20,WashingtonDC7D,38.844,-76.979
2270,7D138336,Multiple_Gunshots,2014-06-17,19:26:38,WashingtonDC7D,38.844,-76.98
2271,7D138353,Multiple_Gunshots,2014-06-17,19:49:24,WashingtonDC7D,38.845,-76.977
2272,7D138358,Multiple_Gunshots,2014-06-17,20:03:32,WashingtonDC7D,38.858,-76.974
2273,7D138366,Multiple_Gunshots,2014-06-17,20:09:04,WashingtonDC7D,38.843,-76.986
2274,7D138367,Multiple_Gunshots,2014-06-17,20:09:12,WashingtonDC7D,38.843,-76.986
2275,7D138368,Multiple_Gunshots,2014-06-17,20:09:20,WashingtonDC7D,38.844,-76.986
2276,7D138376,Multiple_Gunshots,2014-06-17,20:17:50,WashingtonDC7D,38.843,-76.986
2277,7D138381,Multiple_Gunshots,2014-06-17,20:28:31,WashingtonDC7D,38.844,-76.988
2278,7D138386,Multiple_Gunshots,2014-06-17,21:04:09,WashingtonDC7D,38.846,-76.972
2279,7D138430,Multiple_Gunshots,2014-06-17,21:59:28,WashingtonDC7D,38.844,-76.973
2280,7D138444,Multiple_Gunshots,2014-06-17,22:40:29,WashingtonDC7D,38.845,-77.002
2281,6D107390,Multiple_Gunshots,2014-06-17,23:33:09,WashingtonDC6D,38.892,-76.952
2282,6D107391,Single_Gunshot,2014-06-17,23:33:12,WashingtonDC6D,38.892,-76.951
2283,7D138448,Multiple_Gunshots,2014-06-18,00:47:58,WashingtonDC7D,38.845,-76.997
2284,5D41732,Multiple_Gunshots,2014-06-18,01:24:00,WashingtonDC5D,38.917,-76.98
2285,7D138450,Multiple_Gunshots,2014-06-18,02:00:47,WashingtonDC7D,38.825,-76.982
2286,7D138451,Multiple_Gunshots,2014-06-18,02:00:58,WashingtonDC7D,38.826,-76.985
2287,7D138489,Gunshot_or_Firecracker,2014-06-18,20:10:33,WashingtonDC7D,38.848,-76.976
2288,7D138496,Multiple_Gunshots,2014-06-18,20:44:32,WashingtonDC7D,38.844,-76.979
2289,6D107409,Multiple_Gunshots,2014-06-18,22:26:52,WashingtonDC6D,38.883,-76.936
2290,6D107412,Single_Gunshot,2014-06-18,22:46:09,WashingtonDC6D,38.899,-76.919
2291,6D107420,Single_Gunshot,2014-06-18,23:12:03,WashingtonDC6D,38.885,-76.926
2292,5D41764,Single_Gunshot,2014-06-18,23:35:45,WashingtonDC5D,38.912,-76.985
2293,4D35442,Single_Gunshot,2014-06-19,00:15:08,WashingtonDC4D,38.943,-77.024
2294,4D35443,Multiple_Gunshots,2014-06-19,00:15:16,WashingtonDC4D,38.943,-77.024
2295,6D107427,Single_Gunshot,2014-06-19,12:54:51,WashingtonDC6D,38.912,-76.937
2296,6D107428,Multiple_Gunshots,2014-06-19,12:54:59,WashingtonDC6D,38.912,-76.937
2297,6D107430,Single_Gunshot,2014-06-19,13:12:43,WashingtonDC6D,38.912,-76.938
2298,6D107431,Single_Gunshot,2014-06-19,13:12:57,WashingtonDC6D,38.912,-76.937
2299,6D107455,Multiple_Gunshots,2014-06-19,20:51:06,WashingtonDC6D,38.911,-76.936
2300,4D35445,Single_Gunshot,2014-06-19,20:56:21,WashingtonDC4D,38.953,-77.021
2301,7D138720,Multiple_Gunshots,2014-06-19,21:30:21,WashingtonDC7D,38.843,-76.987
2302,6D107488,Single_Gunshot,2014-06-19,23:08:09,WashingtonDC6D,38.893,-76.912
2303,6D107495,Single_Gunshot,2014-06-20,00:05:04,WashingtonDC6D,38.875,-76.93
2304,7D138801,Multiple_Gunshots,2014-06-20,01:12:45,WashingtonDC7D,38.856,-76.974
2305,6D107498,Single_Gunshot,2014-06-20,03:40:52,WashingtonDC6D,38.886,-76.93
2306,6D107499,Multiple_Gunshots,2014-06-20,03:44:46,WashingtonDC6D,38.907,-76.95
2307,6D107504,Multiple_Gunshots,2014-06-20,09:24:53,WashingtonDC6D,38.906,-76.948
2308,7D138815,Multiple_Gunshots,2014-06-20,10:47:51,WashingtonDC7D,38.834,-76.992
2309,7D138839,Multiple_Gunshots,2014-06-20,17:12:28,WashingtonDC7D,38.85,-76.974
2310,7D138840,Multiple_Gunshots,2014-06-20,17:12:35,WashingtonDC7D,38.85,-76.974
2311,1D58162,Gunshot_or_Firecracker,2014-06-20,20:28:37,WashingtonDC1D,38.9,-76.986
2312,7D138949,Multiple_Gunshots,2014-06-20,20:56:31,WashingtonDC7D,38.835,-76.987
2313,7D138950,Multiple_Gunshots,2014-06-20,20:56:37,WashingtonDC7D,38.835,-76.987
2314,7D138951,Multiple_Gunshots,2014-06-20,20:56:41,WashingtonDC7D,38.834,-76.987
2315,7D138952,Multiple_Gunshots,2014-06-20,20:56:43,WashingtonDC7D,38.835,-76.987
2316,7D138967,Multiple_Gunshots,2014-06-20,20:59:35,WashingtonDC7D,38.835,-76.987
2317,7D138971,Gunshot_or_Firecracker,2014-06-20,20:59:44,WashingtonDC7D,38.835,-76.987
2318,6D107535,Gunshot_or_Firecracker,2014-06-20,21:10:02,WashingtonDC6D,38.884,-76.925
2319,7D139013,Multiple_Gunshots,2014-06-20,21:27:52,WashingtonDC7D,38.849,-76.973
2320,6D107552,Gunshot_or_Firecracker,2014-06-20,21:40:27,WashingtonDC6D,38.882,-76.925
2321,6D107554,Multiple_Gunshots,2014-06-20,21:41:12,WashingtonDC6D,38.893,-76.92
2322,5D41825,Multiple_Gunshots,2014-06-20,21:45:08,WashingtonDC5D,38.9,-76.973
2323,5D41828,Multiple_Gunshots,2014-06-20,21:46:30,WashingtonDC5D,38.9,-76.973
2324,1D58175,Multiple_Gunshots,2014-06-20,21:46:30,WashingtonDC1D,38.9,-76.973
2325,5D41829,Single_Gunshot,2014-06-20,21:46:42,WashingtonDC5D,38.904,-76.985
2326,7D139032,Multiple_Gunshots,2014-06-20,21:55:48,WashingtonDC7D,38.843,-76.986
2327,7D139038,Multiple_Gunshots,2014-06-20,21:57:44,WashingtonDC7D,38.844,-76.985
2328,6D107560,Gunshot_or_Firecracker,2014-06-20,22:00:55,WashingtonDC6D,38.889,-76.953
2329,4D35462,Gunshot_or_Firecracker,2014-06-20,22:11:39,WashingtonDC4D,38.956,-77.024
2330,1D58189,Single_Gunshot,2014-06-20,22:13:35,WashingtonDC1D,38.898,-76.975
2331,4D35465,Multiple_Gunshots,2014-06-20,22:14:11,WashingtonDC4D,38.952,-77.026
2332,7D139074,Multiple_Gunshots,2014-06-20,23:07:22,WashingtonDC7D,38.843,-76.987
2333,7D139083,Multiple_Gunshots,2014-06-20,23:10:36,WashingtonDC7D,38.844,-76.981
2334,5D41869,Multiple_Gunshots,2014-06-20,23:26:09,WashingtonDC5D,38.9,-76.976
2335,7D139097,Multiple_Gunshots,2014-06-20,23:43:20,WashingtonDC7D,38.844,-76.999
2336,6D107590,Single_Gunshot,2014-06-20,23:45:15,WashingtonDC6D,38.894,-76.923
2337,6D107591,Single_Gunshot,2014-06-20,23:53:58,WashingtonDC6D,38.903,-76.951
2338,7D139120,Multiple_Gunshots,2014-06-21,00:29:13,WashingtonDC7D,38.843,-76.987
2339,7D139128,Gunshot_or_Firecracker,2014-06-21,01:35:08,WashingtonDC7D,38.843,-76.985
2340,6D107595,Single_Gunshot,2014-06-21,02:22:08,WashingtonDC6D,38.887,-76.952
2341,6D107596,Multiple_Gunshots,2014-06-21,02:50:48,WashingtonDC6D,38.901,-76.931
2342,7D139134,Multiple_Gunshots,2014-06-21,02:54:38,WashingtonDC7D,38.857,-76.992
2343,7D139135,Multiple_Gunshots,2014-06-21,02:54:50,WashingtonDC7D,38.857,-76.991
2344,5D41877,Single_Gunshot,2014-06-21,03:09:47,WashingtonDC5D,38.906,-76.995
2345,5D41878,Gunshot_or_Firecracker,2014-06-21,03:19:14,WashingtonDC5D,38.897,-76.991
2346,5D41879,Gunshot_or_Firecracker,2014-06-21,03:19:16,WashingtonDC5D,38.913,-76.997
2347,1D58213,Multiple_Gunshots,2014-06-21,03:19:20,WashingtonDC1D,38.906,-76.993
2348,3D44032,Multiple_Gunshots,2014-06-21,03:36:12,WashingtonDC3D,38.919,-77.038
2349,7D139159,Single_Gunshot,2014-06-21,13:26:49,WashingtonDC7D,38.855,-76.99
2350,6D107609,Multiple_Gunshots,2014-06-21,15:06:53,WashingtonDC6D,38.882,-76.969
2351,1D58248,Multiple_Gunshots,2014-06-21,15:06:54,WashingtonDC1D,38.887,-76.974
2352,6D107622,Multiple_Gunshots,2014-06-21,16:02:40,WashingtonDC6D,38.883,-76.956
2353,7D139246,Multiple_Gunshots,2014-06-21,19:01:55,WashingtonDC7D,38.856,-76.974
2354,7D139248,Multiple_Gunshots,2014-06-21,19:06:26,WashingtonDC7D,38.856,-76.974
2355,1D58292,Single_Gunshot,2014-06-21,19:15:00,WashingtonDC1D,38.9,-76.986
2356,7D139273,Multiple_Gunshots,2014-06-21,20:17:38,WashingtonDC7D,38.829,-77.005
2357,7D139287,Multiple_Gunshots,2014-06-21,20:29:30,WashingtonDC7D,38.829,-77.005
2358,7D139301,Multiple_Gunshots,2014-06-21,20:39:15,WashingtonDC7D,38.857,-76.973
2359,7D139303,Multiple_Gunshots,2014-06-21,20:40:49,WashingtonDC7D,38.857,-76.973
2360,7D139307,Multiple_Gunshots,2014-06-21,20:45:41,WashingtonDC7D,38.842,-76.987
2361,7D139309,Gunshot_or_Firecracker,2014-06-21,20:45:47,WashingtonDC7D,38.859,-76.966
2362,7D139364,Multiple_Gunshots,2014-06-21,21:15:05,WashingtonDC7D,38.857,-76.973
2363,7D139365,Single_Gunshot,2014-06-21,21:16:19,WashingtonDC7D,38.843,-76.981
2364,7D139370,Gunshot_or_Firecracker,2014-06-21,21:30:36,WashingtonDC7D,38.859,-76.992
2365,6D107755,Gunshot_or_Firecracker,2014-06-21,21:50:38,WashingtonDC6D,38.895,-76.924
2366,6D107769,Gunshot_or_Firecracker,2014-06-21,22:23:31,WashingtonDC6D,38.884,-76.922
2367,1D58415,Single_Gunshot,2014-06-21,22:59:18,WashingtonDC1D,38.892,-76.965
2368,6D107779,Single_Gunshot,2014-06-21,23:18:30,WashingtonDC6D,38.887,-76.957
2369,7D139460,Multiple_Gunshots,2014-06-22,00:06:02,WashingtonDC7D,38.855,-76.971
2370,6D107789,Multiple_Gunshots,2014-06-22,00:31:51,WashingtonDC6D,38.91,-76.938
2371,6D107790,Single_Gunshot,2014-06-22,00:35:37,WashingtonDC6D,38.888,-76.916
2372,7D139483,Multiple_Gunshots,2014-06-22,00:38:25,WashingtonDC7D,38.833,-77.006
2373,7D139484,Multiple_Gunshots,2014-06-22,00:40:04,WashingtonDC7D,38.835,-76.989
2374,6D107792,Single_Gunshot,2014-06-22,02:27:30,WashingtonDC6D,38.885,-76.928
2375,3D44049,Multiple_Gunshots,2014-06-22,03:02:37,WashingtonDC3D,38.914,-77.016
2376,6D107793,Single_Gunshot,2014-06-22,03:34:25,WashingtonDC6D,38.904,-76.952
2377,7D139501,Multiple_Gunshots,2014-06-22,03:44:42,WashingtonDC7D,38.827,-77.003
2378,6D107809,Multiple_Gunshots,2014-06-22,15:27:49,WashingtonDC6D,38.885,-76.953
2379,1D58453,Single_Gunshot,2014-06-22,15:46:16,WashingtonDC1D,38.875,-77.013
2380,3D44055,Gunshot_or_Firecracker,2014-06-22,18:21:44,WashingtonDC3D,38.937,-77.031
2381,7D139557,Multiple_Gunshots,2014-06-22,19:22:18,WashingtonDC7D,38.832,-76.997
2382,7D139648,Multiple_Gunshots,2014-06-22,21:07:26,WashingtonDC7D,38.843,-76.987
2383,6D107882,Multiple_Gunshots,2014-06-22,21:07:52,WashingtonDC6D,38.86,-76.965
2384,7D139698,Multiple_Gunshots,2014-06-22,21:35:01,WashingtonDC7D,38.864,-76.975
2385,7D139716,Multiple_Gunshots,2014-06-22,21:36:57,WashingtonDC7D,38.827,-76.999
2386,7D139732,Multiple_Gunshots,2014-06-22,21:40:44,WashingtonDC7D,38.827,-76.999
2387,7D139744,Multiple_Gunshots,2014-06-22,21:43:19,WashingtonDC7D,38.832,-76.997
2388,7D139776,Multiple_Gunshots,2014-06-22,21:57:29,WashingtonDC7D,38.848,-76.978
2389,5D42006,Gunshot_or_Firecracker,2014-06-22,22:22:46,WashingtonDC5D,38.921,-76.983
2390,6D107964,Multiple_Gunshots,2014-06-22,22:48:34,WashingtonDC6D,38.899,-76.965
2391,5D42023,Multiple_Gunshots,2014-06-22,22:49:03,WashingtonDC5D,38.9,-76.972
2392,1D58535,Multiple_Gunshots,2014-06-22,22:49:03,WashingtonDC1D,38.9,-76.972
2393,1D58536,Gunshot_or_Firecracker,2014-06-22,22:49:15,WashingtonDC1D,38.9,-76.972
2394,6D107967,Single_Gunshot,2014-06-22,23:05:22,WashingtonDC6D,38.877,-76.932
2395,7D139860,Multiple_Gunshots,2014-06-22,23:24:30,WashingtonDC7D,38.845,-76.979
2396,4D35490,Gunshot_or_Firecracker,2014-06-23,00:00:28,WashingtonDC4D,38.952,-77.026
2397,7D139863,Multiple_Gunshots,2014-06-23,01:14:50,WashingtonDC7D,38.853,-76.965
2398,7D139867,Multiple_Gunshots,2014-06-23,02:00:23,WashingtonDC7D,38.836,-76.997
2399,6D107995,Multiple_Gunshots,2014-06-23,08:42:10,WashingtonDC6D,38.89,-76.951
2400,7D139929,Multiple_Gunshots,2014-06-23,17:44:20,WashingtonDC7D,38.837,-76.99
2401,7D139953,Multiple_Gunshots,2014-06-23,19:57:08,WashingtonDC7D,38.833,-76.998
2402,7D139999,Multiple_Gunshots,2014-06-23,20:51:50,WashingtonDC7D,38.863,-76.982
2403,6D108049,Multiple_Gunshots,2014-06-23,20:51:53,WashingtonDC6D,38.865,-76.975
2404,6D108051,Multiple_Gunshots,2014-06-23,20:52:03,WashingtonDC6D,38.865,-76.975
2405,7D140001,Multiple_Gunshots,2014-06-23,20:52:06,WashingtonDC7D,38.864,-76.975
2406,7D140019,Multiple_Gunshots,2014-06-23,21:01:00,WashingtonDC7D,38.845,-76.978
2407,7D140021,Multiple_Gunshots,2014-06-23,21:01:10,WashingtonDC7D,38.845,-76.978
2408,5D42046,Gunshot_or_Firecracker,2014-06-23,21:09:26,WashingtonDC5D,38.902,-76.975
2409,7D140038,Single_Gunshot,2014-06-23,21:23:47,WashingtonDC7D,38.844,-76.978
2410,7D140089,Multiple_Gunshots,2014-06-23,22:42:51,WashingtonDC7D,38.845,-76.999
2411,7D140106,Multiple_Gunshots,2014-06-23,23:52:15,WashingtonDC7D,38.843,-76.986
2412,7D140110,Multiple_Gunshots,2014-06-24,00:01:54,WashingtonDC7D,38.845,-76.985
2413,7D140116,Multiple_Gunshots,2014-06-24,03:15:32,WashingtonDC7D,38.849,-77.002
2414,7D140120,Multiple_Gunshots,2014-06-24,09:24:01,WashingtonDC7D,38.831,-76.997
2415,7D140127,Single_Gunshot,2014-06-24,11:36:42,WashingtonDC7D,38.844,-76.993
2416,6D108144,Gunshot_or_Firecracker,2014-06-24,19:52:27,WashingtonDC6D,38.882,-76.926
2417,7D140221,Multiple_Gunshots,2014-06-24,20:39:31,WashingtonDC7D,38.865,-76.978
2418,6D108152,Gunshot_or_Firecracker,2014-06-24,20:39:52,WashingtonDC6D,38.865,-76.975
2419,7D140263,Multiple_Gunshots,2014-06-24,20:53:26,WashingtonDC7D,38.832,-76.999
2420,7D140269,Multiple_Gunshots,2014-06-24,20:56:22,WashingtonDC7D,38.859,-76.991
2421,7D140271,Gunshot_or_Firecracker,2014-06-24,20:56:49,WashingtonDC7D,38.832,-77.002
2422,7D140290,Multiple_Gunshots,2014-06-24,21:05:36,WashingtonDC7D,38.843,-76.987
2423,6D108183,Multiple_Gunshots,2014-06-24,21:18:20,WashingtonDC6D,38.897,-76.938
2424,7D140332,Single_Gunshot,2014-06-24,21:23:21,WashingtonDC7D,38.834,-76.991
2425,6D108188,Multiple_Gunshots,2014-06-24,21:35:43,WashingtonDC6D,38.888,-76.95
2426,7D140356,Multiple_Gunshots,2014-06-24,21:57:29,WashingtonDC7D,38.843,-76.986
2427,7D140370,Multiple_Gunshots,2014-06-24,22:11:27,WashingtonDC7D,38.824,-77.007
2428,3D44095,Single_Gunshot,2014-06-24,22:12:02,WashingtonDC3D,38.939,-77.019
2429,7D140435,Multiple_Gunshots,2014-06-25,00:25:52,WashingtonDC7D,38.845,-76.976
2430,6D108216,Single_Gunshot,2014-06-25,00:27:08,WashingtonDC6D,38.905,-76.935
2431,5D42077,Single_Gunshot,2014-06-25,02:18:41,WashingtonDC5D,38.914,-76.985
2432,5D42079,Single_Gunshot,2014-06-25,03:19:30,WashingtonDC5D,38.914,-77.002
2433,5D42081,Multiple_Gunshots,2014-06-25,11:25:39,WashingtonDC5D,38.913,-77.003
2434,6D108227,Multiple_Gunshots,2014-06-25,16:24:19,WashingtonDC6D,38.877,-76.921
2435,6D108228,Multiple_Gunshots,2014-06-25,16:24:29,WashingtonDC6D,38.878,-76.921
2436,6D108230,Single_Gunshot,2014-06-25,17:34:01,WashingtonDC6D,38.902,-76.93
2437,6D108237,Multiple_Gunshots,2014-06-25,18:53:29,WashingtonDC6D,38.877,-76.92
2438,6D108238,Multiple_Gunshots,2014-06-25,18:53:38,WashingtonDC6D,38.88,-76.923
2439,7D140510,Multiple_Gunshots,2014-06-25,19:24:17,WashingtonDC7D,38.827,-76.999
2440,7D140532,Multiple_Gunshots,2014-06-25,19:55:28,WashingtonDC7D,38.832,-76.997
2441,7D140533,Multiple_Gunshots,2014-06-25,19:55:35,WashingtonDC7D,38.832,-76.997
2442,7D140534,Multiple_Gunshots,2014-06-25,19:57:34,WashingtonDC7D,38.834,-76.995
2443,7D140539,Multiple_Gunshots,2014-06-25,20:10:45,WashingtonDC7D,38.832,-76.997
2444,7D140550,Multiple_Gunshots,2014-06-25,20:15:36,WashingtonDC7D,38.855,-76.971
2445,7D140551,Single_Gunshot,2014-06-25,20:16:03,WashingtonDC7D,38.855,-76.971
2446,6D108283,Multiple_Gunshots,2014-06-25,20:17:03,WashingtonDC6D,38.859,-76.971
2447,6D108284,Gunshot_or_Firecracker,2014-06-25,20:20:46,WashingtonDC6D,38.877,-76.93
2448,6D108294,Gunshot_or_Firecracker,2014-06-25,20:30:19,WashingtonDC6D,38.897,-76.921
2449,7D140619,Multiple_Gunshots,2014-06-25,21:18:50,WashingtonDC7D,38.826,-77.0
2450,7D140633,Multiple_Gunshots,2014-06-25,21:39:13,WashingtonDC7D,38.855,-76.972
2451,7D140637,Gunshot_or_Firecracker,2014-06-25,21:40:05,WashingtonDC7D,38.827,-76.999
2452,5D42088,Single_Gunshot,2014-06-25,22:13:43,WashingtonDC5D,38.906,-76.966
2453,6D108324,Single_Gunshot,2014-06-25,22:51:54,WashingtonDC6D,38.911,-76.937
2454,5D42090,Gunshot_or_Firecracker,2014-06-25,22:55:43,WashingtonDC5D,38.912,-76.985
2455,5D42091,Gunshot_or_Firecracker,2014-06-25,23:22:28,WashingtonDC5D,38.907,-76.987
2456,6D108333,Single_Gunshot,2014-06-26,02:57:02,WashingtonDC6D,38.892,-76.928
2457,6D108334,Single_Gunshot,2014-06-26,02:58:27,WashingtonDC6D,38.893,-76.936
2458,7D140877,Single_Gunshot,2014-06-26,12:18:52,WashingtonDC7D,38.857,-76.973
2459,6D108336,Single_Gunshot,2014-06-26,12:43:49,WashingtonDC6D,38.886,-76.947
2460,7D140896,Gunshot_or_Firecracker,2014-06-26,16:37:24,WashingtonDC7D,38.831,-76.999
2461,7D140928,Multiple_Gunshots,2014-06-26,19:08:53,WashingtonDC7D,38.824,-76.998
2462,6D108358,Gunshot_or_Firecracker,2014-06-26,19:50:06,WashingtonDC6D,38.894,-76.956
2463,7D140943,Multiple_Gunshots,2014-06-26,20:06:00,WashingtonDC7D,38.847,-76.972
2464,7D140995,Multiple_Gunshots,2014-06-26,20:49:47,WashingtonDC7D,38.837,-77.002
2465,7D141001,Multiple_Gunshots,2014-06-26,20:52:11,WashingtonDC7D,38.827,-77.0
2466,7D141008,Multiple_Gunshots,2014-06-26,20:55:49,WashingtonDC7D,38.864,-76.976
2467,7D141009,Multiple_Gunshots,2014-06-26,20:56:01,WashingtonDC7D,38.863,-76.976
2468,7D141010,Multiple_Gunshots,2014-06-26,20:56:08,WashingtonDC7D,38.857,-76.975
2469,7D141013,Multiple_Gunshots,2014-06-26,20:58:01,WashingtonDC7D,38.841,-76.989
2470,7D141015,Multiple_Gunshots,2014-06-26,20:58:04,WashingtonDC7D,38.841,-76.989
2471,7D141025,Multiple_Gunshots,2014-06-26,21:07:42,WashingtonDC7D,38.855,-76.974
2472,7D141037,Multiple_Gunshots,2014-06-26,21:11:12,WashingtonDC7D,38.839,-76.998
2473,7D141042,Multiple_Gunshots,2014-06-26,21:12:42,WashingtonDC7D,38.856,-76.974
2474,4D35546,Gunshot_or_Firecracker,2014-06-26,21:32:53,WashingtonDC4D,38.957,-77.03
2475,7D141076,Multiple_Gunshots,2014-06-26,21:35:53,WashingtonDC7D,38.838,-76.998
2476,7D141080,Multiple_Gunshots,2014-06-26,21:39:57,WashingtonDC7D,38.838,-76.999
2477,3D44127,Single_Gunshot,2014-06-26,21:41:09,WashingtonDC3D,38.931,-77.04
2478,7D141109,Multiple_Gunshots,2014-06-26,22:12:25,WashingtonDC7D,38.845,-76.984
2479,7D141130,Multiple_Gunshots,2014-06-26,22:28:50,WashingtonDC7D,38.848,-76.971
2480,7D141131,Multiple_Gunshots,2014-06-26,22:29:05,WashingtonDC7D,38.848,-76.971
2481,7D141133,Single_Gunshot,2014-06-26,22:31:40,WashingtonDC7D,38.827,-76.999
2482,6D108459,Multiple_Gunshots,2014-06-26,22:56:50,WashingtonDC6D,38.872,-76.967
2483,5D42117,Multiple_Gunshots,2014-06-26,22:58:54,WashingtonDC5D,38.902,-76.995
2484,7D141154,Multiple_Gunshots,2014-06-26,23:13:21,WashingtonDC7D,38.848,-76.97
2485,7D141155,Multiple_Gunshots,2014-06-26,23:13:25,WashingtonDC7D,38.848,-76.97
2486,7D141156,Multiple_Gunshots,2014-06-26,23:13:26,WashingtonDC7D,38.848,-76.97
2487,7D141157,Multiple_Gunshots,2014-06-26,23:13:35,WashingtonDC7D,38.848,-76.97
2488,7D141159,Multiple_Gunshots,2014-06-26,23:13:56,WashingtonDC7D,38.844,-76.987
2489,5D42121,Single_Gunshot,2014-06-26,23:28:00,WashingtonDC5D,38.922,-76.99
2490,6D108473,Single_Gunshot,2014-06-26,23:45:27,WashingtonDC6D,38.9,-76.94
2491,6D108475,Multiple_Gunshots,2014-06-26,23:47:12,WashingtonDC6D,38.887,-76.917
2492,7D141163,Multiple_Gunshots,2014-06-26,23:48:38,WashingtonDC7D,38.827,-77.008
2493,4D35555,Single_Gunshot,2014-06-27,00:17:35,WashingtonDC4D,38.956,-77.022
2494,6D108479,Multiple_Gunshots,2014-06-27,00:20:55,WashingtonDC6D,38.877,-76.927
2495,6D108481,Single_Gunshot,2014-06-27,00:50:27,WashingtonDC6D,38.899,-76.943
2496,4D35557,Single_Gunshot,2014-06-27,00:52:22,WashingtonDC4D,38.947,-77.021
2497,6D108485,Multiple_Gunshots,2014-06-27,00:53:08,WashingtonDC6D,38.911,-76.937
2498,6D108490,Single_Gunshot,2014-06-27,03:07:28,WashingtonDC6D,38.894,-76.923
2499,6D108491,Single_Gunshot,2014-06-27,03:25:54,WashingtonDC6D,38.874,-76.978
2500,7D141187,Multiple_Gunshots,2014-06-27,10:03:39,WashingtonDC7D,38.87,-76.994
2501,7D141189,Multiple_Gunshots,2014-06-27,10:03:49,WashingtonDC7D,38.87,-76.994
2502,7D141192,Multiple_Gunshots,2014-06-27,10:04:14,WashingtonDC7D,38.87,-76.994
2503,7D141207,Multiple_Gunshots,2014-06-27,12:01:08,WashingtonDC7D,38.848,-76.97
2504,7D141210,Multiple_Gunshots,2014-06-27,12:01:32,WashingtonDC7D,38.848,-76.971
2505,7D141217,Multiple_Gunshots,2014-06-27,15:06:07,WashingtonDC7D,38.832,-77.006
2506,7D141241,Multiple_Gunshots,2014-06-27,16:46:12,WashingtonDC7D,38.849,-76.971
2507,6D108505,Multiple_Gunshots,2014-06-27,18:18:55,WashingtonDC6D,38.887,-76.948
2508,6D108506,Single_Gunshot,2014-06-27,18:26:25,WashingtonDC6D,38.887,-76.951
2509,1D58678,Single_Gunshot,2014-06-27,19:14:44,WashingtonDC1D,38.896,-76.978
2510,7D141307,Multiple_Gunshots,2014-06-27,19:50:29,WashingtonDC7D,38.841,-76.989
2511,7D141309,Single_Gunshot,2014-06-27,19:50:33,WashingtonDC7D,38.841,-76.989
2512,7D141325,Multiple_Gunshots,2014-06-27,20:07:31,WashingtonDC7D,38.849,-76.975
2513,6D108526,Multiple_Gunshots,2014-06-27,20:29:10,WashingtonDC6D,38.883,-76.96
2514,7D141356,Multiple_Gunshots,2014-06-27,20:47:12,WashingtonDC7D,38.856,-76.973
2515,7D141369,Multiple_Gunshots,2014-06-27,20:59:24,WashingtonDC7D,38.827,-76.999
2516,6D108537,Multiple_Gunshots,2014-06-27,21:06:28,WashingtonDC6D,38.894,-76.913
2517,7D141392,Multiple_Gunshots,2014-06-27,21:24:01,WashingtonDC7D,38.827,-77.0
2518,7D141400,Multiple_Gunshots,2014-06-27,21:28:05,WashingtonDC7D,38.856,-76.974
2519,7D141406,Multiple_Gunshots,2014-06-27,21:29:39,WashingtonDC7D,38.847,-76.974
2520,7D141414,Multiple_Gunshots,2014-06-27,21:33:54,WashingtonDC7D,38.848,-76.974
2521,7D141429,Multiple_Gunshots,2014-06-27,21:42:26,WashingtonDC7D,38.847,-76.974
2522,7D141438,Multiple_Gunshots,2014-06-27,21:43:14,WashingtonDC7D,38.847,-76.973
2523,6D108597,Single_Gunshot,2014-06-27,21:49:09,WashingtonDC6D,38.901,-76.936
2524,7D141471,Multiple_Gunshots,2014-06-27,22:25:07,WashingtonDC7D,38.847,-76.974
2525,7D141473,Multiple_Gunshots,2014-06-27,22:25:24,WashingtonDC7D,38.848,-76.974
2526,6D108611,Single_Gunshot,2014-06-27,22:26:15,WashingtonDC6D,38.885,-76.957
2527,7D141483,Multiple_Gunshots,2014-06-27,22:34:25,WashingtonDC7D,38.859,-76.997
2528,1D58715,Multiple_Gunshots,2014-06-27,23:01:35,WashingtonDC1D,38.875,-77.011
2529,6D108647,Single_Gunshot,2014-06-27,23:07:15,WashingtonDC6D,38.877,-76.932
2530,7D141529,Multiple_Gunshots,2014-06-27,23:09:15,WashingtonDC7D,38.85,-76.983
2531,4D35581,Single_Gunshot,2014-06-27,23:30:08,WashingtonDC4D,38.951,-77.022
2532,7D141540,Multiple_Gunshots,2014-06-27,23:51:31,WashingtonDC7D,38.854,-76.972
2533,6D108678,Multiple_Gunshots,2014-06-28,00:11:18,WashingtonDC6D,38.865,-76.976
2534,6D108679,Multiple_Gunshots,2014-06-28,00:11:24,WashingtonDC6D,38.864,-76.976
2535,6D108681,Multiple_Gunshots,2014-06-28,00:11:34,WashingtonDC6D,38.863,-76.974
2536,7D141551,Multiple_Gunshots,2014-06-28,00:11:35,WashingtonDC7D,38.864,-76.979
2537,7D141552,Multiple_Gunshots,2014-06-28,00:11:41,WashingtonDC7D,38.864,-76.978
2538,1D58719,Multiple_Gunshots,2014-06-28,00:11:41,WashingtonDC1D,38.887,-76.981
2539,4D35590,Single_Gunshot,2014-06-28,00:18:21,WashingtonDC4D,38.939,-77.031
2540,6D108684,Multiple_Gunshots,2014-06-28,00:19:51,WashingtonDC6D,38.888,-76.933
2541,5D42154,Gunshot_or_Firecracker,2014-06-28,00:59:57,WashingtonDC5D,38.902,-76.976
2542,7D141563,Single_Gunshot,2014-06-28,01:31:49,WashingtonDC7D,38.831,-77.004
2543,6D108693,Gunshot_or_Firecracker,2014-06-28,01:38:19,WashingtonDC6D,38.888,-76.933
2544,4D35593,Multiple_Gunshots,2014-06-28,01:55:06,WashingtonDC4D,38.941,-77.022
2545,3D44159,Gunshot_or_Firecracker,2014-06-28,01:55:15,WashingtonDC3D,38.942,-77.021
2546,3D44161,Single_Gunshot,2014-06-28,01:57:17,WashingtonDC3D,38.939,-77.023
2547,4D35595,Gunshot_or_Firecracker,2014-06-28,01:57:36,WashingtonDC4D,38.941,-77.022
2548,3D44162,Gunshot_or_Firecracker,2014-06-28,01:57:37,WashingtonDC3D,38.94,-77.023
2549,5D42158,Multiple_Gunshots,2014-06-28,02:15:56,WashingtonDC5D,38.909,-77.005
2550,7D141567,Multiple_Gunshots,2014-06-28,04:15:49,WashingtonDC7D,38.845,-76.999
2551,6D108702,Single_Gunshot,2014-06-28,09:12:38,WashingtonDC6D,38.876,-76.965
2552,6D108703,Single_Gunshot,2014-06-28,09:14:18,WashingtonDC6D,38.876,-76.965
2553,4D35602,Multiple_Gunshots,2014-06-28,09:43:48,WashingtonDC4D,38.956,-77.02
2554,7D141581,Multiple_Gunshots,2014-06-28,11:27:56,WashingtonDC7D,38.834,-76.992
2555,7D141583,Multiple_Gunshots,2014-06-28,11:28:22,WashingtonDC7D,38.835,-76.992
2556,7D141589,Multiple_Gunshots,2014-06-28,11:45:39,WashingtonDC7D,38.845,-76.985
2557,7D141601,Multiple_Gunshots,2014-06-28,15:49:37,WashingtonDC7D,38.847,-76.973
2558,7D141640,Multiple_Gunshots,2014-06-28,19:34:55,WashingtonDC7D,38.839,-76.997
2559,7D141729,Single_Gunshot,2014-06-28,21:23:28,WashingtonDC7D,38.851,-76.969
2560,6D108937,Single_Gunshot,2014-06-28,23:41:56,WashingtonDC6D,38.901,-76.94
2561,7D141961,Multiple_Gunshots,2014-06-29,00:03:33,WashingtonDC7D,38.834,-76.996
2562,6D108969,Multiple_Gunshots,2014-06-29,00:16:37,WashingtonDC6D,38.897,-76.931
2563,6D108971,Single_Gunshot,2014-06-29,00:21:15,WashingtonDC6D,38.874,-76.93
2564,3D44183,Single_Gunshot,2014-06-29,00:23:18,WashingtonDC3D,38.924,-77.024
2565,6D108976,Single_Gunshot,2014-06-29,00:26:25,WashingtonDC6D,38.875,-76.93
2566,6D108987,Single_Gunshot,2014-06-29,00:51:11,WashingtonDC6D,38.857,-76.974
2567,6D108991,Multiple_Gunshots,2014-06-29,00:57:23,WashingtonDC6D,38.875,-76.93
2568,6D108996,Multiple_Gunshots,2014-06-29,01:26:07,WashingtonDC6D,38.885,-76.954
2569,7D141998,Multiple_Gunshots,2014-06-29,04:18:11,WashingtonDC7D,38.825,-77.006
2570,4D35670,Multiple_Gunshots,2014-06-29,05:06:03,WashingtonDC4D,38.955,-77.022
2571,7D142007,Multiple_Gunshots,2014-06-29,12:13:43,WashingtonDC7D,38.861,-76.998
2572,6D109049,Multiple_Gunshots,2014-06-29,12:17:56,WashingtonDC6D,38.876,-76.965
2573,7D142014,Multiple_Gunshots,2014-06-29,12:44:10,WashingtonDC7D,38.861,-76.998
2574,7D142019,Multiple_Gunshots,2014-06-29,13:23:41,WashingtonDC7D,38.847,-76.973
2575,7D142045,Multiple_Gunshots,2014-06-29,14:31:25,WashingtonDC7D,38.846,-76.973
2576,4D35685,Multiple_Gunshots,2014-06-29,14:43:11,WashingtonDC4D,38.952,-77.021
2577,4D35687,Gunshot_or_Firecracker,2014-06-29,14:43:19,WashingtonDC4D,38.952,-77.021
2578,4D35688,Multiple_Gunshots,2014-06-29,14:43:28,WashingtonDC4D,38.952,-77.02
2579,7D142058,Multiple_Gunshots,2014-06-29,14:46:22,WashingtonDC7D,38.846,-76.972
2580,7D142063,Multiple_Gunshots,2014-06-29,15:00:08,WashingtonDC7D,38.846,-76.973
2581,7D142080,Multiple_Gunshots,2014-06-29,15:31:15,WashingtonDC7D,38.847,-76.972
2582,7D142084,Multiple_Gunshots,2014-06-29,15:31:45,WashingtonDC7D,38.846,-76.972
2583,7D142086,Multiple_Gunshots,2014-06-29,15:34:50,WashingtonDC7D,38.861,-76.998
2584,7D142089,Multiple_Gunshots,2014-06-29,15:41:25,WashingtonDC7D,38.848,-76.972
2585,7D142090,Multiple_Gunshots,2014-06-29,15:41:46,WashingtonDC7D,38.846,-76.972
2586,7D142110,Multiple_Gunshots,2014-06-29,15:52:29,WashingtonDC7D,38.845,-76.972
2587,7D142111,Gunshot_or_Firecracker,2014-06-29,16:13:16,WashingtonDC7D,38.848,-76.973
2588,7D142112,Multiple_Gunshots,2014-06-29,16:13:22,WashingtonDC7D,38.848,-76.973
2589,7D142115,Multiple_Gunshots,2014-06-29,16:18:51,WashingtonDC7D,38.846,-76.972
2590,6D109073,Gunshot_or_Firecracker,2014-06-29,17:37:49,WashingtonDC6D,38.872,-76.94
2591,7D142213,Multiple_Gunshots,2014-06-29,18:04:40,WashingtonDC7D,38.846,-76.973
2592,7D142263,Multiple_Gunshots,2014-06-29,18:47:46,WashingtonDC7D,38.836,-76.978
2593,7D142268,Multiple_Gunshots,2014-06-29,18:55:47,WashingtonDC7D,38.833,-76.997
2594,7D142307,Multiple_Gunshots,2014-06-29,19:03:25,WashingtonDC7D,38.846,-76.986
2595,7D142310,Multiple_Gunshots,2014-06-29,19:03:46,WashingtonDC7D,38.845,-76.978
2596,7D142332,Multiple_Gunshots,2014-06-29,19:17:45,WashingtonDC7D,38.847,-76.972
2597,7D142359,Multiple_Gunshots,2014-06-29,19:36:22,WashingtonDC7D,38.833,-76.996
2598,7D142424,Multiple_Gunshots,2014-06-29,20:11:05,WashingtonDC7D,38.846,-76.973
2599,7D142442,Multiple_Gunshots,2014-06-29,20:23:29,WashingtonDC7D,38.849,-76.979
2600,7D142469,Multiple_Gunshots,2014-06-29,20:33:35,WashingtonDC7D,38.846,-76.972
2601,7D142578,Single_Gunshot,2014-06-29,21:03:11,WashingtonDC7D,38.861,-76.98
2602,7D142598,Multiple_Gunshots,2014-06-29,21:05:43,WashingtonDC7D,38.843,-76.979
2603,3D44233,Gunshot_or_Firecracker,2014-06-29,21:18:09,WashingtonDC3D,38.904,-77.01
2604,7D142664,Multiple_Gunshots,2014-06-29,21:19:14,WashingtonDC7D,38.844,-76.979
2605,7D142668,Multiple_Gunshots,2014-06-29,21:19:27,WashingtonDC7D,38.844,-76.979
2606,7D142687,Multiple_Gunshots,2014-06-29,21:25:00,WashingtonDC7D,38.845,-76.997
2607,7D142696,Multiple_Gunshots,2014-06-29,21:28:30,WashingtonDC7D,38.846,-76.973
2608,5D42263,Multiple_Gunshots,2014-06-29,21:31:02,WashingtonDC5D,38.904,-77.011
2609,7D142701,Multiple_Gunshots,2014-06-29,21:31:13,WashingtonDC7D,38.844,-76.978
2610,7D142702,Multiple_Gunshots,2014-06-29,21:31:19,WashingtonDC7D,38.845,-76.978
2611,1D58835,Single_Gunshot,2014-06-29,23:20:23,WashingtonDC1D,38.887,-76.963
2612,7D142936,Multiple_Gunshots,2014-06-30,18:09:22,WashingtonDC7D,38.836,-76.99
2613,7D142940,Single_Gunshot,2014-06-30,18:20:23,WashingtonDC7D,38.835,-76.99
2614,7D142952,Gunshot_or_Firecracker,2014-06-30,18:51:23,WashingtonDC7D,38.845,-76.978
2615,7D142953,Multiple_Gunshots,2014-06-30,18:51:41,WashingtonDC7D,38.845,-76.978
2616,7D142955,Multiple_Gunshots,2014-06-30,18:52:19,WashingtonDC7D,38.845,-76.978
2617,7D142958,Gunshot_or_Firecracker,2014-06-30,18:55:26,WashingtonDC7D,38.845,-76.978
2618,7D142959,Multiple_Gunshots,2014-06-30,18:56:14,WashingtonDC7D,38.845,-76.977
2619,7D142960,Multiple_Gunshots,2014-06-30,18:56:24,WashingtonDC7D,38.845,-76.977
2620,7D142963,Multiple_Gunshots,2014-06-30,18:58:55,WashingtonDC7D,38.845,-76.977
2621,1D58849,Gunshot_or_Firecracker,2014-06-30,19:00:22,WashingtonDC1D,38.876,-77.013
2622,7D142965,Multiple_Gunshots,2014-06-30,19:02:30,WashingtonDC7D,38.845,-76.978
2623,7D142966,Multiple_Gunshots,2014-06-30,19:06:06,WashingtonDC7D,38.843,-76.985
2624,7D142974,Multiple_Gunshots,2014-06-30,19:25:24,WashingtonDC7D,38.845,-76.977
2625,6D109442,Gunshot_or_Firecracker,2014-06-30,19:34:13,WashingtonDC6D,38.886,-76.955
2626,4D35752,Single_Gunshot,2014-06-30,20:32:08,WashingtonDC4D,38.953,-77.018
2627,7D143020,Multiple_Gunshots,2014-06-30,20:56:23,WashingtonDC7D,38.844,-76.979
2628,7D143043,Multiple_Gunshots,2014-06-30,21:06:09,WashingtonDC7D,38.827,-76.999
2629,4D35760,Gunshot_or_Firecracker,2014-06-30,21:09:48,WashingtonDC4D,38.952,-77.013
2630,7D143077,Multiple_Gunshots,2014-06-30,21:16:57,WashingtonDC7D,38.859,-76.998
2631,7D143080,Multiple_Gunshots,2014-06-30,21:17:49,WashingtonDC7D,38.827,-76.999
2632,7D143086,Single_Gunshot,2014-06-30,21:19:27,WashingtonDC7D,38.826,-76.999
2633,7D143088,Multiple_Gunshots,2014-06-30,21:20:21,WashingtonDC7D,38.859,-76.998
2634,7D143092,Multiple_Gunshots,2014-06-30,21:21:42,WashingtonDC7D,38.852,-76.97
2635,7D143094,Single_Gunshot,2014-06-30,21:21:51,WashingtonDC7D,38.852,-76.97
2636,7D143097,Multiple_Gunshots,2014-06-30,21:22:20,WashingtonDC7D,38.827,-76.999
2637,7D143100,Multiple_Gunshots,2014-06-30,21:23:08,WashingtonDC7D,38.859,-76.998
2638,7D143101,Multiple_Gunshots,2014-06-30,21:23:21,WashingtonDC7D,38.841,-76.993
2639,4D35774,Gunshot_or_Firecracker,2014-06-30,21:23:36,WashingtonDC4D,38.948,-77.025
2640,7D143104,Multiple_Gunshots,2014-06-30,21:24:37,WashingtonDC7D,38.86,-76.995
2641,7D143111,Multiple_Gunshots,2014-06-30,21:26:16,WashingtonDC7D,38.842,-76.986
2642,7D143145,Multiple_Gunshots,2014-06-30,21:39:32,WashingtonDC7D,38.843,-76.986
2643,4D35790,Gunshot_or_Firecracker,2014-06-30,22:08:45,WashingtonDC4D,38.927,-77.024
2644,3D44277,Gunshot_or_Firecracker,2014-06-30,22:15:42,WashingtonDC3D,38.924,-77.032
2645,1D58882,Single_Gunshot,2014-06-30,22:58:05,WashingtonDC1D,38.878,-77.014
2646,6D109652,Single_Gunshot,2014-06-30,22:58:13,WashingtonDC6D,38.894,-76.923
2647,4D35810,Gunshot_or_Firecracker,2014-06-30,22:58:22,WashingtonDC4D,38.927,-77.024
2648,4D35811,Gunshot_or_Firecracker,2014-06-30,22:58:28,WashingtonDC4D,38.927,-77.024
2649,3D44307,Gunshot_or_Firecracker,2014-06-30,23:17:08,WashingtonDC3D,38.927,-77.024
2650,4D35820,Multiple_Gunshots,2014-07-01,02:23:01,WashingtonDC4D,38.943,-77.024
2651,4D35821,Single_Gunshot,2014-07-01,02:23:05,WashingtonDC4D,38.943,-77.024
2652,4D35823,Single_Gunshot,2014-07-01,02:23:14,WashingtonDC4D,38.943,-77.024
2653,4D35824,Single_Gunshot,2014-07-01,03:12:05,WashingtonDC4D,38.959,-77.018
2654,7D143298,Single_Gunshot,2014-07-01,12:45:43,WashingtonDC7D,38.848,-76.972
2655,7D143304,Multiple_Gunshots,2014-07-01,13:25:31,WashingtonDC7D,38.86,-76.999
2656,7D143422,Multiple_Gunshots,2014-07-01,18:52:50,WashingtonDC7D,38.825,-77.009
2657,7D143438,Multiple_Gunshots,2014-07-01,19:02:32,WashingtonDC7D,38.845,-76.978
2658,7D143440,Multiple_Gunshots,2014-07-01,19:03:40,WashingtonDC7D,38.861,-76.998
2659,7D143490,Multiple_Gunshots,2014-07-01,19:39:40,WashingtonDC7D,38.845,-76.978
2660,7D143499,Multiple_Gunshots,2014-07-01,19:44:30,WashingtonDC7D,38.861,-76.997
2661,7D143537,Multiple_Gunshots,2014-07-01,20:01:07,WashingtonDC7D,38.844,-76.979
2662,7D143538,Multiple_Gunshots,2014-07-01,20:01:16,WashingtonDC7D,38.844,-76.979
2663,7D143540,Multiple_Gunshots,2014-07-01,20:02:12,WashingtonDC7D,38.844,-76.979
2664,7D143590,Multiple_Gunshots,2014-07-01,20:28:04,WashingtonDC7D,38.844,-76.979
2665,6D109753,Gunshot_or_Firecracker,2014-07-01,20:28:34,WashingtonDC6D,38.886,-76.927
2666,7D143593,Multiple_Gunshots,2014-07-01,20:29:46,WashingtonDC7D,38.845,-76.978
2667,7D143605,Multiple_Gunshots,2014-07-01,20:35:45,WashingtonDC7D,38.844,-76.979
2668,7D143628,Multiple_Gunshots,2014-07-01,20:42:29,WashingtonDC7D,38.844,-76.978
2669,7D143644,Multiple_Gunshots,2014-07-01,20:54:13,WashingtonDC7D,38.844,-76.978
2670,7D143645,Multiple_Gunshots,2014-07-01,20:54:20,WashingtonDC7D,38.844,-76.978
2671,7D143651,Multiple_Gunshots,2014-07-01,20:55:22,WashingtonDC7D,38.845,-76.978
2672,5D42390,Gunshot_or_Firecracker,2014-07-01,21:03:59,WashingtonDC5D,38.916,-77.002
2673,7D143681,Multiple_Gunshots,2014-07-01,21:05:44,WashingtonDC7D,38.855,-76.971
2674,6D109778,Multiple_Gunshots,2014-07-01,21:09:27,WashingtonDC6D,38.884,-76.935
2675,5D42394,Multiple_Gunshots,2014-07-01,21:10:55,WashingtonDC5D,38.905,-77.011
2676,7D143740,Multiple_Gunshots,2014-07-01,21:22:42,WashingtonDC7D,38.856,-76.966
2677,5D42409,Multiple_Gunshots,2014-07-01,21:24:26,WashingtonDC5D,38.904,-77.01
2678,7D143749,Multiple_Gunshots,2014-07-01,21:24:52,WashingtonDC7D,38.855,-76.971
2679,7D143757,Multiple_Gunshots,2014-07-01,21:27:01,WashingtonDC7D,38.862,-76.973
2680,7D143788,Multiple_Gunshots,2014-07-01,21:35:05,WashingtonDC7D,38.834,-76.995
2681,6D109814,Gunshot_or_Firecracker,2014-07-01,21:46:14,WashingtonDC6D,38.857,-76.972
2682,7D143811,Multiple_Gunshots,2014-07-01,21:46:48,WashingtonDC7D,38.845,-76.978
2683,7D143883,Gunshot_or_Firecracker,2014-07-01,22:14:12,WashingtonDC7D,38.851,-76.969
2684,3D44369,Single_Gunshot,2014-07-01,22:50:52,WashingtonDC3D,38.918,-77.016
2685,7D143976,Multiple_Gunshots,2014-07-01,22:59:57,WashingtonDC7D,38.832,-76.997
2686,7D143996,Multiple_Gunshots,2014-07-01,23:06:08,WashingtonDC7D,38.832,-76.997
2687,7D143997,Multiple_Gunshots,2014-07-01,23:07:57,WashingtonDC7D,38.844,-76.978
2688,6D109883,Gunshot_or_Firecracker,2014-07-01,23:11:33,WashingtonDC6D,38.869,-76.969
2689,7D144011,Gunshot_or_Firecracker,2014-07-01,23:13:28,WashingtonDC7D,38.832,-76.997
2690,7D144037,Multiple_Gunshots,2014-07-01,23:19:48,WashingtonDC7D,38.86,-76.989
2691,6D109894,Single_Gunshot,2014-07-01,23:26:22,WashingtonDC6D,38.866,-76.975
2692,7D144052,Multiple_Gunshots,2014-07-01,23:28:34,WashingtonDC7D,38.86,-77.001
2693,7D144057,Multiple_Gunshots,2014-07-01,23:34:04,WashingtonDC7D,38.86,-76.989
2694,7D144060,Multiple_Gunshots,2014-07-01,23:35:24,WashingtonDC7D,38.86,-76.989
2695,7D144071,Multiple_Gunshots,2014-07-01,23:51:09,WashingtonDC7D,38.851,-76.964
2696,6D109941,Single_Gunshot,2014-07-02,02:46:16,WashingtonDC6D,38.893,-76.952
2697,6D109942,Single_Gunshot,2014-07-02,02:46:18,WashingtonDC6D,38.893,-76.952
2698,6D109944,Single_Gunshot,2014-07-02,02:46:23,WashingtonDC6D,38.893,-76.952
2699,6D109946,Single_Gunshot,2014-07-02,02:46:31,WashingtonDC6D,38.893,-76.952
2700,6D109947,Single_Gunshot,2014-07-02,02:46:33,WashingtonDC6D,38.893,-76.952
2701,6D109951,Multiple_Gunshots,2014-07-02,02:46:49,WashingtonDC6D,38.893,-76.952
2702,6D109954,Multiple_Gunshots,2014-07-02,02:50:01,WashingtonDC6D,38.893,-76.952
2703,5D42465,Multiple_Gunshots,2014-07-02,06:23:02,WashingtonDC5D,38.907,-77.009
2704,7D144140,Multiple_Gunshots,2014-07-02,12:02:22,WashingtonDC7D,38.846,-76.972
2705,7D144141,Multiple_Gunshots,2014-07-02,12:02:29,WashingtonDC7D,38.845,-76.972
2706,7D144143,Multiple_Gunshots,2014-07-02,12:39:05,WashingtonDC7D,38.827,-76.998
2707,7D144144,Multiple_Gunshots,2014-07-02,12:39:13,WashingtonDC7D,38.827,-76.998
2708,7D144154,Multiple_Gunshots,2014-07-02,12:54:19,WashingtonDC7D,38.827,-76.998
2709,7D144189,Multiple_Gunshots,2014-07-02,15:01:27,WashingtonDC7D,38.862,-76.984
2710,7D144201,Multiple_Gunshots,2014-07-02,15:48:12,WashingtonDC7D,38.826,-77.004
2711,7D144202,Multiple_Gunshots,2014-07-02,15:53:36,WashingtonDC7D,38.86,-76.998
2712,7D144209,Multiple_Gunshots,2014-07-02,16:06:52,WashingtonDC7D,38.826,-77.008
2713,7D144260,Multiple_Gunshots,2014-07-02,17:56:06,WashingtonDC7D,38.859,-76.966
2714,7D144261,Multiple_Gunshots,2014-07-02,17:56:13,WashingtonDC7D,38.859,-76.966
2715,7D144269,Multiple_Gunshots,2014-07-02,18:06:30,WashingtonDC7D,38.858,-76.996
2716,1D58939,Single_Gunshot,2014-07-02,18:28:03,WashingtonDC1D,38.874,-77.012
2717,7D144295,Multiple_Gunshots,2014-07-02,18:36:00,WashingtonDC7D,38.833,-76.992
2718,7D144303,Multiple_Gunshots,2014-07-02,18:40:35,WashingtonDC7D,38.832,-76.991
2719,6D110001,Gunshot_or_Firecracker,2014-07-02,18:56:11,WashingtonDC6D,38.893,-76.919
2720,7D144319,Gunshot_or_Firecracker,2014-07-02,19:11:49,WashingtonDC7D,38.847,-76.973
2721,1D58941,Single_Gunshot,2014-07-02,19:27:37,WashingtonDC1D,38.875,-77.012
2722,7D144352,Multiple_Gunshots,2014-07-02,19:32:29,WashingtonDC7D,38.847,-76.972
2723,7D144381,Multiple_Gunshots,2014-07-02,19:49:34,WashingtonDC7D,38.832,-76.992
2724,3D44414,Gunshot_or_Firecracker,2014-07-02,19:52:14,WashingtonDC3D,38.941,-77.025
2725,7D144388,Multiple_Gunshots,2014-07-02,19:52:15,WashingtonDC7D,38.844,-76.979
2726,7D144389,Multiple_Gunshots,2014-07-02,19:52:23,WashingtonDC7D,38.844,-76.979
2727,1D58947,Single_Gunshot,2014-07-02,20:00:55,WashingtonDC1D,38.895,-76.985
2728,7D144419,Multiple_Gunshots,2014-07-02,20:07:27,WashingtonDC7D,38.848,-76.968
2729,1D58949,Single_Gunshot,2014-07-02,20:10:27,WashingtonDC1D,38.877,-77.018
2730,7D144450,Multiple_Gunshots,2014-07-02,20:19:40,WashingtonDC7D,38.843,-76.979
2731,7D144452,Multiple_Gunshots,2014-07-02,20:20:26,WashingtonDC7D,38.843,-76.979
2732,3D44446,Gunshot_or_Firecracker,2014-07-02,20:54:16,WashingtonDC3D,38.941,-77.019
2733,3D44452,Gunshot_or_Firecracker,2014-07-02,21:03:50,WashingtonDC3D,38.938,-77.024
2734,7D144586,Multiple_Gunshots,2014-07-02,21:06:10,WashingtonDC7D,38.855,-76.971
2735,6D110074,Gunshot_or_Firecracker,2014-07-02,21:07:14,WashingtonDC6D,38.874,-76.966
2736,7D144676,Multiple_Gunshots,2014-07-02,21:23:32,WashingtonDC7D,38.824,-77.007
2737,6D110146,Multiple_Gunshots,2014-07-02,21:30:19,WashingtonDC6D,38.899,-76.924
2738,7D144709,Multiple_Gunshots,2014-07-02,21:30:52,WashingtonDC7D,38.856,-76.968
2739,7D144711,Multiple_Gunshots,2014-07-02,21:31:11,WashingtonDC7D,38.844,-76.979
2740,1D58966,Multiple_Gunshots,2014-07-02,21:32:56,WashingtonDC1D,38.871,-77.003
2741,7D144718,Multiple_Gunshots,2014-07-02,21:32:57,WashingtonDC7D,38.87,-77.001
2742,7D144726,Multiple_Gunshots,2014-07-02,21:33:17,WashingtonDC7D,38.869,-77.001
2743,1D58972,Multiple_Gunshots,2014-07-02,21:33:19,WashingtonDC1D,38.871,-77.003
2744,1D58978,Multiple_Gunshots,2014-07-02,21:33:49,WashingtonDC1D,38.871,-77.003
2745,1D58980,Multiple_Gunshots,2014-07-02,21:34:01,WashingtonDC1D,38.871,-77.003
2746,1D58988,Single_Gunshot,2014-07-02,21:34:52,WashingtonDC1D,38.871,-77.003
2747,1D58991,Multiple_Gunshots,2014-07-02,21:35:03,WashingtonDC1D,38.871,-77.003
2748,1D58994,Multiple_Gunshots,2014-07-02,21:35:11,WashingtonDC1D,38.871,-77.003
2749,7D144751,Multiple_Gunshots,2014-07-02,21:35:17,WashingtonDC7D,38.871,-77.003
2750,7D144757,Multiple_Gunshots,2014-07-02,21:35:56,WashingtonDC7D,38.855,-76.971
2751,7D144758,Multiple_Gunshots,2014-07-02,21:36:02,WashingtonDC7D,38.855,-76.971
2752,1D59003,Multiple_Gunshots,2014-07-02,21:36:04,WashingtonDC1D,38.871,-77.003
2753,1D59007,Single_Gunshot,2014-07-02,21:36:42,WashingtonDC1D,38.871,-77.004
2754,1D59009,Multiple_Gunshots,2014-07-02,21:36:55,WashingtonDC1D,38.871,-77.003
2755,7D144767,Multiple_Gunshots,2014-07-02,21:36:56,WashingtonDC7D,38.859,-76.971
2756,1D59011,Gunshot_or_Firecracker,2014-07-02,21:38:13,WashingtonDC1D,38.872,-77.004
2757,7D144782,Multiple_Gunshots,2014-07-02,21:44:55,WashingtonDC7D,38.855,-76.971
2758,1D59016,Gunshot_or_Firecracker,2014-07-02,21:45:23,WashingtonDC1D,38.879,-77.015
2759,7D144799,Multiple_Gunshots,2014-07-02,21:49:27,WashingtonDC7D,38.857,-76.971
2760,4D36060,Gunshot_or_Firecracker,2014-07-02,21:50:37,WashingtonDC4D,38.953,-77.021
2761,1D59040,Gunshot_or_Firecracker,2014-07-02,22:00:23,WashingtonDC1D,38.893,-76.976
2762,1D59043,Multiple_Gunshots,2014-07-02,22:01:46,WashingtonDC1D,38.881,-76.988
2763,4D36080,Gunshot_or_Firecracker,2014-07-02,22:25:10,WashingtonDC4D,38.94,-77.02
2764,1D59076,Single_Gunshot,2014-07-02,22:25:27,WashingtonDC1D,38.888,-76.978
2765,1D59077,Single_Gunshot,2014-07-02,22:26:09,WashingtonDC1D,38.887,-76.978
2766,4D36087,Gunshot_or_Firecracker,2014-07-02,22:33:36,WashingtonDC4D,38.943,-77.024
2767,4D36095,Multiple_Gunshots,2014-07-02,22:34:01,WashingtonDC4D,38.943,-77.024
2768,4D36106,Multiple_Gunshots,2014-07-02,22:52:20,WashingtonDC4D,38.941,-77.022
2769,6D110291,Multiple_Gunshots,2014-07-02,22:55:57,WashingtonDC6D,38.886,-76.925
2770,4D36111,Gunshot_or_Firecracker,2014-07-02,23:01:10,WashingtonDC4D,38.955,-77.022
2771,4D36110,Single_Gunshot,2014-07-02,23:01:10,WashingtonDC4D,38.955,-77.021
2772,4D36131,Single_Gunshot,2014-07-02,23:13:54,WashingtonDC4D,38.944,-77.023
2773,4D36132,Single_Gunshot,2014-07-02,23:14:01,WashingtonDC4D,38.944,-77.023
2774,4D36133,Single_Gunshot,2014-07-02,23:14:06,WashingtonDC4D,38.944,-77.023
2775,4D36135,Single_Gunshot,2014-07-02,23:14:09,WashingtonDC4D,38.945,-77.023
2776,4D36136,Single_Gunshot,2014-07-02,23:14:15,WashingtonDC4D,38.944,-77.023
2777,4D36138,Single_Gunshot,2014-07-02,23:14:18,WashingtonDC4D,38.945,-77.023
2778,4D36140,Gunshot_or_Firecracker,2014-07-02,23:14:28,WashingtonDC4D,38.945,-77.023
2779,1D59094,Single_Gunshot,2014-07-02,23:14:36,WashingtonDC1D,38.896,-76.983
2780,4D36143,Single_Gunshot,2014-07-02,23:14:54,WashingtonDC4D,38.948,-77.034
2781,7D145158,Multiple_Gunshots,2014-07-03,00:04:42,WashingtonDC7D,38.857,-76.978
2782,6D110397,Single_Gunshot,2014-07-03,00:18:17,WashingtonDC6D,38.886,-76.925
2783,6D110399,Single_Gunshot,2014-07-03,00:18:27,WashingtonDC6D,38.886,-76.925
2784,6D110400,Single_Gunshot,2014-07-03,00:18:29,WashingtonDC6D,38.886,-76.925
2785,6D110411,Single_Gunshot,2014-07-03,00:26:15,WashingtonDC6D,38.886,-76.925
2786,6D110412,Single_Gunshot,2014-07-03,00:26:19,WashingtonDC6D,38.886,-76.925
2787,5D42562,Single_Gunshot,2014-07-03,01:27:52,WashingtonDC5D,38.927,-76.997
2788,5D42564,Gunshot_or_Firecracker,2014-07-03,01:28:19,WashingtonDC5D,38.927,-76.997
2789,6D110457,Multiple_Gunshots,2014-07-03,13:35:05,WashingtonDC6D,38.883,-76.96
2790,7D145470,Multiple_Gunshots,2014-07-03,16:33:32,WashingtonDC7D,38.843,-76.986
2791,6D110505,Multiple_Gunshots,2014-07-03,16:46:18,WashingtonDC6D,38.899,-76.928
2792,7D145513,Multiple_Gunshots,2014-07-03,16:47:48,WashingtonDC7D,38.851,-76.976
2793,7D145519,Multiple_Gunshots,2014-07-03,16:48:08,WashingtonDC7D,38.852,-76.982
2794,7D145656,Multiple_Gunshots,2014-07-03,17:26:32,WashingtonDC7D,38.856,-76.972
2795,1D59128,Single_Gunshot,2014-07-03,17:33:39,WashingtonDC1D,38.896,-76.983
2796,7D145661,Multiple_Gunshots,2014-07-03,17:35:53,WashingtonDC7D,38.856,-76.973
2797,6D110522,Multiple_Gunshots,2014-07-03,17:41:10,WashingtonDC6D,38.862,-76.985
2798,7D145681,Single_Gunshot,2014-07-03,17:42:11,WashingtonDC7D,38.839,-76.995
2799,1D59132,Single_Gunshot,2014-07-03,17:44:46,WashingtonDC1D,38.896,-76.983
2800,7D145724,Multiple_Gunshots,2014-07-03,17:55:06,WashingtonDC7D,38.842,-76.986
2801,7D145725,Multiple_Gunshots,2014-07-03,17:55:11,WashingtonDC7D,38.842,-76.986
2802,7D145726,Multiple_Gunshots,2014-07-03,17:56:57,WashingtonDC7D,38.844,-76.979
2803,7D145727,Multiple_Gunshots,2014-07-03,17:57:05,WashingtonDC7D,38.844,-76.979
2804,7D145731,Multiple_Gunshots,2014-07-03,17:59:30,WashingtonDC7D,38.842,-76.986
2805,7D145735,Multiple_Gunshots,2014-07-03,18:01:51,WashingtonDC7D,38.831,-76.997
2806,7D145750,Multiple_Gunshots,2014-07-03,18:06:24,WashingtonDC7D,38.842,-76.986
2807,7D145756,Multiple_Gunshots,2014-07-03,18:08:19,WashingtonDC7D,38.857,-76.972
2808,7D145764,Multiple_Gunshots,2014-07-03,18:12:11,WashingtonDC7D,38.857,-76.972
2809,6D110529,Multiple_Gunshots,2014-07-03,18:18:11,WashingtonDC6D,38.881,-76.938
2810,6D110530,Multiple_Gunshots,2014-07-03,18:18:17,WashingtonDC6D,38.881,-76.938
2811,7D145773,Gunshot_or_Firecracker,2014-07-03,18:21:18,WashingtonDC7D,38.854,-76.986
2812,7D145779,Multiple_Gunshots,2014-07-03,18:28:00,WashingtonDC7D,38.854,-76.972
2813,1D59136,Single_Gunshot,2014-07-03,18:30:30,WashingtonDC1D,38.896,-76.983
2814,7D145790,Multiple_Gunshots,2014-07-03,18:34:45,WashingtonDC7D,38.844,-76.979
2815,6D110532,Gunshot_or_Firecracker,2014-07-03,18:34:59,WashingtonDC6D,38.895,-76.938
2816,7D145799,Multiple_Gunshots,2014-07-03,18:38:51,WashingtonDC7D,38.839,-76.998
2817,7D145803,Multiple_Gunshots,2014-07-03,18:43:06,WashingtonDC7D,38.844,-76.979
2818,7D145804,Multiple_Gunshots,2014-07-03,18:45:54,WashingtonDC7D,38.827,-76.998
2819,7D145806,Multiple_Gunshots,2014-07-03,18:46:05,WashingtonDC7D,38.828,-76.998
2820,7D145809,Multiple_Gunshots,2014-07-03,18:52:54,WashingtonDC7D,38.827,-77.006
2821,6D110544,Multiple_Gunshots,2014-07-03,18:57:18,WashingtonDC6D,38.886,-76.949
2822,5D42591,Gunshot_or_Firecracker,2014-07-03,18:57:46,WashingtonDC5D,38.901,-76.976
2823,6D110546,Single_Gunshot,2014-07-03,19:00:20,WashingtonDC6D,38.909,-76.935
2824,6D110550,Multiple_Gunshots,2014-07-03,19:02:44,WashingtonDC6D,38.884,-76.955
2825,7D145815,Gunshot_or_Firecracker,2014-07-03,19:04:09,WashingtonDC7D,38.861,-76.999
2826,7D145816,Multiple_Gunshots,2014-07-03,19:04:16,WashingtonDC7D,38.861,-76.999
2827,1D59143,Single_Gunshot,2014-07-03,19:06:26,WashingtonDC1D,38.896,-76.983
2828,7D145822,Multiple_Gunshots,2014-07-03,19:08:24,WashingtonDC7D,38.844,-76.978
2829,6D110558,Multiple_Gunshots,2014-07-03,19:09:09,WashingtonDC6D,38.901,-76.934
2830,7D145825,Multiple_Gunshots,2014-07-03,19:09:45,WashingtonDC7D,38.847,-76.973
2831,6D110559,Multiple_Gunshots,2014-07-03,19:10:29,WashingtonDC6D,38.861,-77.0
2832,7D145828,Gunshot_or_Firecracker,2014-07-03,19:10:37,WashingtonDC7D,38.861,-76.999
2833,7D145830,Multiple_Gunshots,2014-07-03,19:10:46,WashingtonDC7D,38.861,-76.999
2834,7D145834,Multiple_Gunshots,2014-07-03,19:11:59,WashingtonDC7D,38.844,-76.977
2835,6D110567,Multiple_Gunshots,2014-07-03,19:16:00,WashingtonDC6D,38.879,-76.93
2836,7D145848,Multiple_Gunshots,2014-07-03,19:19:50,WashingtonDC7D,38.847,-77.0
2837,6D110576,Gunshot_or_Firecracker,2014-07-03,19:20:59,WashingtonDC6D,38.885,-76.954
2838,6D110579,Multiple_Gunshots,2014-07-03,19:22:30,WashingtonDC6D,38.885,-76.956
2839,7D145860,Multiple_Gunshots,2014-07-03,19:22:52,WashingtonDC7D,38.852,-76.966
2840,7D145891,Multiple_Gunshots,2014-07-03,19:40:49,WashingtonDC7D,38.827,-77.005
2841,7D145893,Multiple_Gunshots,2014-07-03,19:41:34,WashingtonDC7D,38.859,-76.992
2842,7D145899,Multiple_Gunshots,2014-07-03,19:45:44,WashingtonDC7D,38.823,-77.011
2843,6D110590,Multiple_Gunshots,2014-07-03,19:47:05,WashingtonDC6D,38.878,-76.952
2844,7D145907,Multiple_Gunshots,2014-07-03,19:47:22,WashingtonDC7D,38.825,-77.009
2845,7D145924,Multiple_Gunshots,2014-07-03,19:52:40,WashingtonDC7D,38.855,-76.99
2846,7D145939,Multiple_Gunshots,2014-07-03,19:56:46,WashingtonDC7D,38.854,-76.972
2847,7D145956,Multiple_Gunshots,2014-07-03,20:05:48,WashingtonDC7D,38.847,-76.977
2848,7D145967,Multiple_Gunshots,2014-07-03,20:09:24,WashingtonDC7D,38.84,-76.989
2849,6D110598,Gunshot_or_Firecracker,2014-07-03,20:10:41,WashingtonDC6D,38.904,-76.934
2850,1D59148,Single_Gunshot,2014-07-03,20:13:52,WashingtonDC1D,38.895,-76.982
2851,7D145984,Multiple_Gunshots,2014-07-03,20:16:56,WashingtonDC7D,38.838,-76.997
2852,7D146014,Gunshot_or_Firecracker,2014-07-03,20:23:59,WashingtonDC7D,38.84,-76.989
2853,6D110614,Multiple_Gunshots,2014-07-03,20:30:31,WashingtonDC6D,38.879,-76.973
2854,7D146038,Multiple_Gunshots,2014-07-03,20:33:23,WashingtonDC7D,38.82,-77.016
2855,4D36249,Gunshot_or_Firecracker,2014-07-03,20:35:50,WashingtonDC4D,38.968,-77.02
2856,7D146041,Multiple_Gunshots,2014-07-03,20:37:10,WashingtonDC7D,38.844,-76.98
2857,4D36251,Gunshot_or_Firecracker,2014-07-03,20:40:56,WashingtonDC4D,38.964,-77.021
2858,6D110641,Multiple_Gunshots,2014-07-03,20:41:56,WashingtonDC6D,38.861,-76.984
2859,7D146049,Multiple_Gunshots,2014-07-03,20:42:14,WashingtonDC7D,38.859,-76.99
2860,7D146050,Multiple_Gunshots,2014-07-03,20:42:24,WashingtonDC7D,38.859,-76.99
2861,7D146052,Multiple_Gunshots,2014-07-03,20:42:37,WashingtonDC7D,38.82,-77.015
2862,7D146055,Multiple_Gunshots,2014-07-03,20:44:00,WashingtonDC7D,38.844,-76.979
2863,7D146076,Multiple_Gunshots,2014-07-03,20:50:00,WashingtonDC7D,38.846,-76.995
2864,7D146082,Multiple_Gunshots,2014-07-03,20:52:39,WashingtonDC7D,38.847,-76.971
2865,7D146083,Multiple_Gunshots,2014-07-03,20:52:53,WashingtonDC7D,38.847,-76.971
2866,3D44531,Gunshot_or_Firecracker,2014-07-03,20:52:58,WashingtonDC3D,38.94,-77.019
2867,1D59155,Single_Gunshot,2014-07-03,20:53:37,WashingtonDC1D,38.896,-76.983
2868,7D146086,Multiple_Gunshots,2014-07-03,20:53:50,WashingtonDC7D,38.839,-76.997
2869,7D146089,Multiple_Gunshots,2014-07-03,20:54:14,WashingtonDC7D,38.844,-76.98
2870,6D110655,Single_Gunshot,2014-07-03,20:54:29,WashingtonDC6D,38.885,-76.956
2871,7D146090,Multiple_Gunshots,2014-07-03,20:54:37,WashingtonDC7D,38.83,-77.002
2872,7D146091,Multiple_Gunshots,2014-07-03,20:54:43,WashingtonDC7D,38.83,-77.002
2873,7D146094,Multiple_Gunshots,2014-07-03,20:56:11,WashingtonDC7D,38.861,-76.998
2874,7D146096,Multiple_Gunshots,2014-07-03,20:56:29,WashingtonDC7D,38.83,-77.002
2875,7D146099,Multiple_Gunshots,2014-07-03,20:56:38,WashingtonDC7D,38.83,-77.002
2876,4D36273,Multiple_Gunshots,2014-07-03,20:56:55,WashingtonDC4D,38.966,-77.02
2877,4D36275,Gunshot_or_Firecracker,2014-07-03,20:57:09,WashingtonDC4D,38.965,-77.021
2878,7D146104,Multiple_Gunshots,2014-07-03,20:58:31,WashingtonDC7D,38.83,-77.002
2879,6D110666,Multiple_Gunshots,2014-07-03,21:00:57,WashingtonDC6D,38.893,-76.914
2880,6D110667,Multiple_Gunshots,2014-07-03,21:01:09,WashingtonDC6D,38.893,-76.914
2881,6D110669,Gunshot_or_Firecracker,2014-07-03,21:01:36,WashingtonDC6D,38.894,-76.919
2882,7D146117,Multiple_Gunshots,2014-07-03,21:03:54,WashingtonDC7D,38.844,-76.979
2883,7D146118,Gunshot_or_Firecracker,2014-07-03,21:04:03,WashingtonDC7D,38.844,-76.979
2884,7D146119,Gunshot_or_Firecracker,2014-07-03,21:04:10,WashingtonDC7D,38.843,-76.979
2885,7D146122,Multiple_Gunshots,2014-07-03,21:05:45,WashingtonDC7D,38.825,-77.009
2886,7D146127,Multiple_Gunshots,2014-07-03,21:07:58,WashingtonDC7D,38.825,-77.009
2887,7D146129,Multiple_Gunshots,2014-07-03,21:08:09,WashingtonDC7D,38.844,-76.979
2888,7D146132,Multiple_Gunshots,2014-07-03,21:08:36,WashingtonDC7D,38.84,-76.998
2889,4D36289,Multiple_Gunshots,2014-07-03,21:10:56,WashingtonDC4D,38.959,-77.021
2890,7D146156,Multiple_Gunshots,2014-07-03,21:12:10,WashingtonDC7D,38.839,-77.006
2891,6D110684,Multiple_Gunshots,2014-07-03,21:12:39,WashingtonDC6D,38.885,-76.942
2892,3D44545,Single_Gunshot,2014-07-03,21:15:45,WashingtonDC3D,38.937,-77.021
2893,3D44547,Gunshot_or_Firecracker,2014-07-03,21:16:13,WashingtonDC3D,38.947,-77.025
2894,3D44548,Gunshot_or_Firecracker,2014-07-03,21:16:32,WashingtonDC3D,38.905,-77.011
2895,7D146179,Multiple_Gunshots,2014-07-03,21:17:51,WashingtonDC7D,38.84,-76.996
2896,7D146180,Multiple_Gunshots,2014-07-03,21:18:21,WashingtonDC7D,38.858,-76.974
2897,4D36311,Single_Gunshot,2014-07-03,21:19:00,WashingtonDC4D,38.964,-77.021
2898,1D59182,Single_Gunshot,2014-07-03,21:19:49,WashingtonDC1D,38.893,-76.976
2899,7D146186,Multiple_Gunshots,2014-07-03,21:20:34,WashingtonDC7D,38.844,-76.979
2900,7D146198,Gunshot_or_Firecracker,2014-07-03,21:21:49,WashingtonDC7D,38.826,-76.999
2901,3D44552,Single_Gunshot,2014-07-03,21:21:54,WashingtonDC3D,38.94,-77.025
2902,7D146199,Multiple_Gunshots,2014-07-03,21:22:02,WashingtonDC7D,38.839,-77.006
2903,7D146205,Multiple_Gunshots,2014-07-03,21:22:52,WashingtonDC7D,38.844,-76.979
2904,7D146206,Multiple_Gunshots,2014-07-03,21:23:00,WashingtonDC7D,38.844,-76.979
2905,7D146208,Gunshot_or_Firecracker,2014-07-03,21:24:06,WashingtonDC7D,38.843,-76.986
2906,1D59192,Multiple_Gunshots,2014-07-03,21:25:44,WashingtonDC1D,38.9,-76.976
2907,7D146218,Gunshot_or_Firecracker,2014-07-03,21:26:18,WashingtonDC7D,38.854,-76.982
2908,7D146221,Multiple_Gunshots,2014-07-03,21:27:25,WashingtonDC7D,38.846,-76.975
2909,7D146223,Multiple_Gunshots,2014-07-03,21:27:36,WashingtonDC7D,38.846,-76.975
2910,7D146224,Multiple_Gunshots,2014-07-03,21:27:47,WashingtonDC7D,38.846,-76.975
2911,5D42658,Multiple_Gunshots,2014-07-03,21:27:49,WashingtonDC5D,38.909,-76.998
2912,7D146225,Multiple_Gunshots,2014-07-03,21:27:58,WashingtonDC7D,38.85,-76.981
2913,1D59196,Multiple_Gunshots,2014-07-03,21:28:09,WashingtonDC1D,38.908,-76.983
2914,7D146227,Multiple_Gunshots,2014-07-03,21:28:35,WashingtonDC7D,38.84,-76.998
2915,4D36338,Gunshot_or_Firecracker,2014-07-03,21:28:51,WashingtonDC4D,38.96,-77.018
2916,7D146229,Single_Gunshot,2014-07-03,21:29:02,WashingtonDC7D,38.827,-76.997
2917,7D146237,Multiple_Gunshots,2014-07-03,21:30:21,WashingtonDC7D,38.852,-76.982
2918,7D146242,Multiple_Gunshots,2014-07-03,21:31:27,WashingtonDC7D,38.847,-76.973
2919,7D146245,Multiple_Gunshots,2014-07-03,21:31:52,WashingtonDC7D,38.846,-76.975
2920,4D36361,Multiple_Gunshots,2014-07-03,21:32:09,WashingtonDC4D,38.948,-77.008
2921,5D42670,Multiple_Gunshots,2014-07-03,21:32:18,WashingtonDC5D,38.905,-77.013
2922,7D146249,Multiple_Gunshots,2014-07-03,21:32:34,WashingtonDC7D,38.843,-76.979
2923,7D146252,Multiple_Gunshots,2014-07-03,21:34:07,WashingtonDC7D,38.843,-76.979
2924,5D42678,Gunshot_or_Firecracker,2014-07-03,21:34:43,WashingtonDC5D,38.907,-77.01
2925,7D146255,Multiple_Gunshots,2014-07-03,21:35:02,WashingtonDC7D,38.843,-76.979
2926,7D146258,Multiple_Gunshots,2014-07-03,21:35:23,WashingtonDC7D,38.848,-76.973
2927,7D146260,Multiple_Gunshots,2014-07-03,21:35:36,WashingtonDC7D,38.848,-76.973
2928,7D146348,Multiple_Gunshots,2014-07-03,21:54:54,WashingtonDC7D,38.843,-76.987
2929,7D146523,Multiple_Gunshots,2014-07-03,22:32:29,WashingtonDC7D,38.834,-76.984
2930,7D146527,Multiple_Gunshots,2014-07-03,22:32:45,WashingtonDC7D,38.835,-76.983
2931,6D110960,Multiple_Gunshots,2014-07-03,22:57:24,WashingtonDC6D,38.894,-76.946
2932,7D146670,Multiple_Gunshots,2014-07-03,23:21:51,WashingtonDC7D,38.846,-76.969
2933,7D146749,Multiple_Gunshots,2014-07-03,23:51:28,WashingtonDC7D,38.86,-76.998
2934,7D146769,Multiple_Gunshots,2014-07-03,23:58:21,WashingtonDC7D,38.844,-76.999
2935,5D42821,Gunshot_or_Firecracker,2014-07-03,23:58:27,WashingtonDC5D,38.92,-77.011
2936,7D146779,Multiple_Gunshots,2014-07-04,00:01:47,WashingtonDC7D,38.858,-76.968
2937,7D146781,Multiple_Gunshots,2014-07-04,00:01:56,WashingtonDC7D,38.858,-76.968
2938,7D146787,Multiple_Gunshots,2014-07-04,00:08:32,WashingtonDC7D,38.826,-77.005
2939,7D146789,Multiple_Gunshots,2014-07-04,00:08:41,WashingtonDC7D,38.826,-77.005
2940,7D146791,Multiple_Gunshots,2014-07-04,00:08:43,WashingtonDC7D,38.826,-77.005
2941,7D146792,Multiple_Gunshots,2014-07-04,00:08:48,WashingtonDC7D,38.826,-77.005
2942,7D146793,Multiple_Gunshots,2014-07-04,00:08:58,WashingtonDC7D,38.826,-77.005
2943,6D111118,Single_Gunshot,2014-07-04,00:12:29,WashingtonDC6D,38.893,-76.929
2944,4D36552,Single_Gunshot,2014-07-04,00:20:28,WashingtonDC4D,38.947,-77.034
2945,3D44726,Multiple_Gunshots,2014-07-04,00:20:49,WashingtonDC3D,38.927,-77.031
2946,3D44738,Multiple_Gunshots,2014-07-04,00:26:48,WashingtonDC3D,38.911,-77.022
2947,5D42832,Multiple_Gunshots,2014-07-04,00:27:26,WashingtonDC5D,38.911,-77.02
2948,3D44743,Single_Gunshot,2014-07-04,00:28:19,WashingtonDC3D,38.911,-77.022
2949,3D44744,Gunshot_or_Firecracker,2014-07-04,00:28:21,WashingtonDC3D,38.911,-77.022
2950,3D44747,Single_Gunshot,2014-07-04,00:30:11,WashingtonDC3D,38.915,-77.026
2951,6D111168,Multiple_Gunshots,2014-07-04,00:55:36,WashingtonDC6D,38.874,-76.93
2952,1D59396,Multiple_Gunshots,2014-07-04,00:58:29,WashingtonDC1D,38.899,-76.982
2953,5D42841,Multiple_Gunshots,2014-07-04,01:20:01,WashingtonDC5D,38.929,-76.996
2954,6D111220,Single_Gunshot,2014-07-04,03:37:48,WashingtonDC6D,38.912,-76.933
2955,4D36575,Multiple_Gunshots,2014-07-04,04:02:21,WashingtonDC4D,38.944,-77.023
2956,4D36576,Multiple_Gunshots,2014-07-04,04:02:31,WashingtonDC4D,38.944,-77.023
2957,4D36577,Gunshot_or_Firecracker,2014-07-04,04:02:37,WashingtonDC4D,38.944,-77.023
2958,4D36578,Multiple_Gunshots,2014-07-04,04:02:39,WashingtonDC4D,38.944,-77.023
2959,3D44760,Single_Gunshot,2014-07-04,04:02:42,WashingtonDC3D,38.943,-77.024
2960,3D44761,Gunshot_or_Firecracker,2014-07-04,04:02:45,WashingtonDC3D,38.943,-77.024
2961,4D36579,Single_Gunshot,2014-07-04,04:02:46,WashingtonDC4D,38.945,-77.023
2962,4D36580,Single_Gunshot,2014-07-04,04:02:51,WashingtonDC4D,38.944,-77.023
2963,5D42848,Multiple_Gunshots,2014-07-04,05:46:47,WashingtonDC5D,38.906,-77.012
2964,7D146891,Multiple_Gunshots,2014-07-04,07:26:33,WashingtonDC7D,38.833,-77.003
2965,5D42853,Multiple_Gunshots,2014-07-04,09:26:45,WashingtonDC5D,38.908,-77.009
2966,7D146898,Multiple_Gunshots,2014-07-04,09:57:03,WashingtonDC7D,38.827,-77.005
2967,7D146903,Multiple_Gunshots,2014-07-04,10:09:25,WashingtonDC7D,38.834,-76.991
2968,6D111262,Multiple_Gunshots,2014-07-04,10:53:57,WashingtonDC6D,38.896,-76.934
2969,7D146924,Gunshot_or_Firecracker,2014-07-04,11:10:24,WashingtonDC7D,38.847,-77.0
2970,7D146960,Multiple_Gunshots,2014-07-04,12:08:24,WashingtonDC7D,38.846,-76.983
2971,7D146979,Multiple_Gunshots,2014-07-04,12:40:40,WashingtonDC7D,38.842,-77.002
2972,7D146999,Multiple_Gunshots,2014-07-04,13:06:50,WashingtonDC7D,38.858,-76.996
2973,1D59491,Gunshot_or_Firecracker,2014-07-04,15:45:07,WashingtonDC1D,38.878,-77.014
2974,7D147229,Multiple_Gunshots,2014-07-04,16:05:35,WashingtonDC7D,38.849,-76.974
2975,7D147297,Multiple_Gunshots,2014-07-04,16:42:34,WashingtonDC7D,38.825,-77.011
2976,7D147382,Multiple_Gunshots,2014-07-04,17:16:03,WashingtonDC7D,38.827,-76.998
2977,7D147511,Gunshot_or_Firecracker,2014-07-04,18:02:24,WashingtonDC7D,38.838,-76.999
2978,5D42928,Multiple_Gunshots,2014-07-04,18:07:57,WashingtonDC5D,38.895,-76.982
2979,6D111699,Single_Gunshot,2014-07-04,18:14:48,WashingtonDC6D,38.905,-76.936
2980,7D147595,Single_Gunshot,2014-07-04,18:36:58,WashingtonDC7D,38.845,-76.984
2981,6D111785,Multiple_Gunshots,2014-07-04,18:45:48,WashingtonDC6D,38.882,-76.931
2982,6D111803,Multiple_Gunshots,2014-07-04,18:51:18,WashingtonDC6D,38.879,-76.935
2983,6D111824,Gunshot_or_Firecracker,2014-07-04,18:55:39,WashingtonDC6D,38.875,-76.936
2984,6D111837,Multiple_Gunshots,2014-07-04,18:59:56,WashingtonDC6D,38.901,-76.934
2985,5D42970,Multiple_Gunshots,2014-07-04,19:06:59,WashingtonDC5D,38.896,-76.982
2986,7D147716,Single_Gunshot,2014-07-04,19:09:24,WashingtonDC7D,38.858,-76.972
2987,6D111890,Multiple_Gunshots,2014-07-04,19:11:10,WashingtonDC6D,38.886,-76.926
2988,7D147775,Single_Gunshot,2014-07-04,19:20:53,WashingtonDC7D,38.862,-77.001
2989,1D59624,Single_Gunshot,2014-07-04,19:21:02,WashingtonDC1D,38.885,-76.982
2990,6D111944,Single_Gunshot,2014-07-04,19:22:11,WashingtonDC6D,38.906,-76.934
2991,6D111972,Multiple_Gunshots,2014-07-04,19:27:05,WashingtonDC6D,38.893,-76.924
2992,5D43022,Multiple_Gunshots,2014-07-04,19:33:02,WashingtonDC5D,38.929,-76.992
2993,7D147849,Multiple_Gunshots,2014-07-04,19:35:50,WashingtonDC7D,38.841,-76.99
2994,7D147873,Multiple_Gunshots,2014-07-04,19:41:04,WashingtonDC7D,38.861,-76.973
2995,5D43040,Gunshot_or_Firecracker,2014-07-04,19:42:24,WashingtonDC5D,38.921,-76.999
2996,7D147891,Single_Gunshot,2014-07-04,19:44:26,WashingtonDC7D,38.843,-76.986
2997,3D44996,Gunshot_or_Firecracker,2014-07-04,19:44:58,WashingtonDC3D,38.927,-77.035
2998,7D147894,Single_Gunshot,2014-07-04,19:45:19,WashingtonDC7D,38.843,-76.997
2999,7D147909,Multiple_Gunshots,2014-07-04,19:47:50,WashingtonDC7D,38.828,-76.998
3000,7D147910,Multiple_Gunshots,2014-07-04,19:47:55,WashingtonDC7D,38.828,-76.998
3001,7D147913,Single_Gunshot,2014-07-04,19:49:17,WashingtonDC7D,38.86,-76.998
3002,7D147920,Single_Gunshot,2014-07-04,19:50:59,WashingtonDC7D,38.844,-76.996
3003,7D147921,Single_Gunshot,2014-07-04,19:51:09,WashingtonDC7D,38.843,-76.986
3004,6D112113,Single_Gunshot,2014-07-04,19:52:45,WashingtonDC6D,38.887,-76.95
3005,7D147928,Single_Gunshot,2014-07-04,19:53:30,WashingtonDC7D,38.842,-76.987
3006,4D37040,Gunshot_or_Firecracker,2014-07-04,19:53:57,WashingtonDC4D,38.955,-77.017
3007,7D147932,Single_Gunshot,2014-07-04,19:54:39,WashingtonDC7D,38.842,-76.987
3008,4D37047,Gunshot_or_Firecracker,2014-07-04,19:55:21,WashingtonDC4D,38.953,-77.028
3009,7D147938,Single_Gunshot,2014-07-04,19:56:06,WashingtonDC7D,38.848,-76.979
3010,4D37054,Gunshot_or_Firecracker,2014-07-04,19:56:40,WashingtonDC4D,38.941,-77.015
3011,7D147946,Single_Gunshot,2014-07-04,19:56:59,WashingtonDC7D,38.831,-76.997
3012,7D147953,Multiple_Gunshots,2014-07-04,19:57:36,WashingtonDC7D,38.843,-76.986
3013,5D43084,Multiple_Gunshots,2014-07-04,20:01:28,WashingtonDC5D,38.893,-76.98
3014,7D147984,Single_Gunshot,2014-07-04,20:01:29,WashingtonDC7D,38.832,-76.997
3015,6D112157,Multiple_Gunshots,2014-07-04,20:01:42,WashingtonDC6D,38.882,-76.931
3016,7D147989,Multiple_Gunshots,2014-07-04,20:02:07,WashingtonDC7D,38.826,-76.998
3017,1D59720,Single_Gunshot,2014-07-04,20:04:16,WashingtonDC1D,38.902,-76.985
3018,7D148002,Single_Gunshot,2014-07-04,20:04:25,WashingtonDC7D,38.827,-77.004
3019,6D112181,Gunshot_or_Firecracker,2014-07-04,20:06:15,WashingtonDC6D,38.882,-76.931
3020,6D112183,Multiple_Gunshots,2014-07-04,20:06:23,WashingtonDC6D,38.882,-76.931
3021,4D37095,Multiple_Gunshots,2014-07-04,20:07:12,WashingtonDC4D,38.953,-77.019
3022,7D148031,Single_Gunshot,2014-07-04,20:08:19,WashingtonDC7D,38.845,-76.984
3023,5D43102,Gunshot_or_Firecracker,2014-07-04,20:09:10,WashingtonDC5D,38.905,-76.972
3024,5D43112,Multiple_Gunshots,2014-07-04,20:13:24,WashingtonDC5D,38.895,-76.982
3025,7D148084,Single_Gunshot,2014-07-04,20:14:24,WashingtonDC7D,38.853,-76.972
3026,7D148087,Single_Gunshot,2014-07-04,20:14:59,WashingtonDC7D,38.852,-76.966
3027,5D43116,Multiple_Gunshots,2014-07-04,20:15:06,WashingtonDC5D,38.926,-76.992
3028,6D112238,Multiple_Gunshots,2014-07-04,20:15:20,WashingtonDC6D,38.879,-76.935
3029,7D148090,Multiple_Gunshots,2014-07-04,20:15:27,WashingtonDC7D,38.829,-77.003
3030,7D148091,Multiple_Gunshots,2014-07-04,20:15:34,WashingtonDC7D,38.829,-77.003
3031,6D112241,Multiple_Gunshots,2014-07-04,20:15:54,WashingtonDC6D,38.893,-76.923
3032,7D148105,Multiple_Gunshots,2014-07-04,20:17:38,WashingtonDC7D,38.849,-76.965
3033,4D37143,Gunshot_or_Firecracker,2014-07-04,20:18:50,WashingtonDC4D,38.931,-77.026
3034,7D148125,Gunshot_or_Firecracker,2014-07-04,20:20:09,WashingtonDC7D,38.843,-76.984
3035,6D112289,Multiple_Gunshots,2014-07-04,20:21:49,WashingtonDC6D,38.873,-76.941
3036,5D43142,Multiple_Gunshots,2014-07-04,20:22:21,WashingtonDC5D,38.929,-76.957
3037,5D43145,Single_Gunshot,2014-07-04,20:23:11,WashingtonDC5D,38.922,-76.98
3038,6D112312,Multiple_Gunshots,2014-07-04,20:24:32,WashingtonDC6D,38.873,-76.941
3039,7D148160,Single_Gunshot,2014-07-04,20:25:02,WashingtonDC7D,38.843,-76.986
3040,7D148183,Multiple_Gunshots,2014-07-04,20:27:32,WashingtonDC7D,38.857,-76.991
3041,5D43176,Multiple_Gunshots,2014-07-04,20:28:26,WashingtonDC5D,38.899,-76.979
3042,7D148215,Multiple_Gunshots,2014-07-04,20:32:39,WashingtonDC7D,38.842,-77.003
3043,6D112388,Multiple_Gunshots,2014-07-04,20:32:59,WashingtonDC6D,38.896,-76.934
3044,6D112390,Multiple_Gunshots,2014-07-04,20:33:02,WashingtonDC6D,38.895,-76.934
3045,6D112396,Multiple_Gunshots,2014-07-04,20:33:27,WashingtonDC6D,38.893,-76.93
3046,4D37220,Single_Gunshot,2014-07-04,20:34:03,WashingtonDC4D,38.952,-77.019
3047,4D37222,Gunshot_or_Firecracker,2014-07-04,20:34:13,WashingtonDC4D,38.952,-77.02
3048,7D148229,Single_Gunshot,2014-07-04,20:34:46,WashingtonDC7D,38.837,-77.005
3049,7D148230,Multiple_Gunshots,2014-07-04,20:34:51,WashingtonDC7D,38.826,-77.016
3050,7D148231,Multiple_Gunshots,2014-07-04,20:34:54,WashingtonDC7D,38.84,-76.996
3051,7D148232,Multiple_Gunshots,2014-07-04,20:34:56,WashingtonDC7D,38.827,-77.011
3052,5D43204,Multiple_Gunshots,2014-07-04,20:36:07,WashingtonDC5D,38.932,-76.979
3053,7D148244,Multiple_Gunshots,2014-07-04,20:36:33,WashingtonDC7D,38.831,-77.004
3054,7D148245,Multiple_Gunshots,2014-07-04,20:36:37,WashingtonDC7D,38.856,-76.99
3055,4D37242,Gunshot_or_Firecracker,2014-07-04,20:36:50,WashingtonDC4D,38.942,-77.023
3056,6D112428,Multiple_Gunshots,2014-07-04,20:36:58,WashingtonDC6D,38.872,-76.94
3057,7D148247,Single_Gunshot,2014-07-04,20:37:09,WashingtonDC7D,38.836,-76.997
3058,7D148248,Single_Gunshot,2014-07-04,20:37:22,WashingtonDC7D,38.836,-76.997
3059,7D148250,Multiple_Gunshots,2014-07-04,20:37:37,WashingtonDC7D,38.856,-76.992
3060,7D148252,Single_Gunshot,2014-07-04,20:37:52,WashingtonDC7D,38.856,-76.992
3061,1D59841,Multiple_Gunshots,2014-07-04,20:38:22,WashingtonDC1D,38.898,-76.981
3062,7D148255,Single_Gunshot,2014-07-04,20:38:27,WashingtonDC7D,38.843,-76.985
3063,1D59844,Multiple_Gunshots,2014-07-04,20:38:34,WashingtonDC1D,38.898,-76.981
3064,7D148264,Multiple_Gunshots,2014-07-04,20:39:10,WashingtonDC7D,38.84,-76.994
3065,4D37264,Gunshot_or_Firecracker,2014-07-04,20:39:18,WashingtonDC4D,38.956,-77.022
3066,6D112447,Multiple_Gunshots,2014-07-04,20:39:30,WashingtonDC6D,38.896,-76.934
3067,7D148268,Multiple_Gunshots,2014-07-04,20:39:41,WashingtonDC7D,38.836,-76.993
3068,6D112451,Multiple_Gunshots,2014-07-04,20:39:43,WashingtonDC6D,38.896,-76.934
3069,4D37271,Gunshot_or_Firecracker,2014-07-04,20:39:55,WashingtonDC4D,38.955,-77.019
3070,7D148272,Multiple_Gunshots,2014-07-04,20:40:30,WashingtonDC7D,38.835,-77.002
3071,7D148274,Single_Gunshot,2014-07-04,20:40:40,WashingtonDC7D,38.842,-76.992
3072,4D37283,Multiple_Gunshots,2014-07-04,20:40:53,WashingtonDC4D,38.963,-77.018
3073,7D148276,Multiple_Gunshots,2014-07-04,20:40:56,WashingtonDC7D,38.826,-77.005
3074,1D59858,Gunshot_or_Firecracker,2014-07-04,20:41:20,WashingtonDC1D,38.896,-76.97
3075,6D112465,Multiple_Gunshots,2014-07-04,20:41:22,WashingtonDC6D,38.87,-76.967
3076,7D148282,Single_Gunshot,2014-07-04,20:41:49,WashingtonDC7D,38.841,-76.993
3077,5D43231,Gunshot_or_Firecracker,2014-07-04,20:42:20,WashingtonDC5D,38.925,-76.973
3078,5D43234,Multiple_Gunshots,2014-07-04,20:42:33,WashingtonDC5D,38.916,-77.001
3079,7D148289,Multiple_Gunshots,2014-07-04,20:42:38,WashingtonDC7D,38.839,-76.996
3080,6D112478,Multiple_Gunshots,2014-07-04,20:42:45,WashingtonDC6D,38.909,-76.939
3081,6D112479,Multiple_Gunshots,2014-07-04,20:42:49,WashingtonDC6D,38.909,-76.939
3082,7D148292,Single_Gunshot,2014-07-04,20:42:54,WashingtonDC7D,38.838,-76.996
3083,4D37302,Gunshot_or_Firecracker,2014-07-04,20:42:59,WashingtonDC4D,38.955,-77.018
3084,4D37304,Multiple_Gunshots,2014-07-04,20:43:08,WashingtonDC4D,38.955,-77.018
3085,7D148295,Single_Gunshot,2014-07-04,20:43:25,WashingtonDC7D,38.845,-76.985
3086,7D148300,Single_Gunshot,2014-07-04,20:43:56,WashingtonDC7D,38.843,-76.993
3087,7D148301,Single_Gunshot,2014-07-04,20:43:59,WashingtonDC7D,38.838,-77.004
3088,7D148302,Single_Gunshot,2014-07-04,20:44:02,WashingtonDC7D,38.843,-76.993
3089,7D148304,Single_Gunshot,2014-07-04,20:44:10,WashingtonDC7D,38.843,-76.993
3090,7D148305,Multiple_Gunshots,2014-07-04,20:44:16,WashingtonDC7D,38.84,-76.993
3091,4D37323,Gunshot_or_Firecracker,2014-07-04,20:45:30,WashingtonDC4D,38.943,-77.024
3092,4D37324,Gunshot_or_Firecracker,2014-07-04,20:45:32,WashingtonDC4D,38.942,-77.024
3093,7D148321,Multiple_Gunshots,2014-07-04,20:45:33,WashingtonDC7D,38.832,-77.004
3094,1D59909,Multiple_Gunshots,2014-07-04,20:49:28,WashingtonDC1D,38.895,-76.983
3095,5D43278,Multiple_Gunshots,2014-07-04,20:49:30,WashingtonDC5D,38.905,-76.983
3096,7D148346,Single_Gunshot,2014-07-04,20:50:40,WashingtonDC7D,38.833,-76.999
3097,5D43284,Multiple_Gunshots,2014-07-04,20:50:43,WashingtonDC5D,38.901,-76.979
3098,6D112513,Multiple_Gunshots,2014-07-04,20:50:47,WashingtonDC6D,38.886,-76.933
3099,4D37390,Gunshot_or_Firecracker,2014-07-04,20:51:11,WashingtonDC4D,38.95,-77.028
3100,7D148347,Multiple_Gunshots,2014-07-04,20:51:23,WashingtonDC7D,38.866,-76.986
3101,7D148348,Multiple_Gunshots,2014-07-04,20:51:40,WashingtonDC7D,38.842,-77.003
3102,7D148351,Single_Gunshot,2014-07-04,20:52:28,WashingtonDC7D,38.83,-77.005
3103,4D37402,Gunshot_or_Firecracker,2014-07-04,20:52:32,WashingtonDC4D,38.941,-77.018
3104,3D45196,Multiple_Gunshots,2014-07-04,20:52:33,WashingtonDC3D,38.94,-77.019
3105,4D37403,Multiple_Gunshots,2014-07-04,20:52:37,WashingtonDC4D,38.941,-77.018
3106,5D43297,Multiple_Gunshots,2014-07-04,20:53:44,WashingtonDC5D,38.918,-77.003
3107,6D112551,Multiple_Gunshots,2014-07-04,20:54:45,WashingtonDC6D,38.89,-76.937
3108,5D43306,Gunshot_or_Firecracker,2014-07-04,20:55:38,WashingtonDC5D,38.925,-76.996
3109,7D148363,Single_Gunshot,2014-07-04,20:55:43,WashingtonDC7D,38.839,-77.004
3110,5D43310,Multiple_Gunshots,2014-07-04,20:56:02,WashingtonDC5D,38.906,-76.99
3111,5D43312,Multiple_Gunshots,2014-07-04,20:56:16,WashingtonDC5D,38.929,-76.995
3112,5D43314,Gunshot_or_Firecracker,2014-07-04,20:56:39,WashingtonDC5D,38.918,-77.003
3113,5D43323,Multiple_Gunshots,2014-07-04,20:57:34,WashingtonDC5D,38.919,-76.999
3114,3D45222,Multiple_Gunshots,2014-07-04,20:57:36,WashingtonDC3D,38.928,-77.024
3115,5D43324,Multiple_Gunshots,2014-07-04,20:57:42,WashingtonDC5D,38.919,-76.997
3116,5D43330,Multiple_Gunshots,2014-07-04,20:57:55,WashingtonDC5D,38.907,-76.987
3117,4D37459,Multiple_Gunshots,2014-07-04,20:58:51,WashingtonDC4D,38.958,-77.022
3118,4D37460,Multiple_Gunshots,2014-07-04,20:58:58,WashingtonDC4D,38.958,-77.022
3119,4D37464,Single_Gunshot,2014-07-04,20:59:22,WashingtonDC4D,38.954,-77.028
3120,4D37465,Single_Gunshot,2014-07-04,20:59:23,WashingtonDC4D,38.954,-77.029
3121,4D37467,Gunshot_or_Firecracker,2014-07-04,20:59:30,WashingtonDC4D,38.961,-77.02
3122,5D43345,Multiple_Gunshots,2014-07-04,21:00:00,WashingtonDC5D,38.922,-77.002
3123,4D37522,Multiple_Gunshots,2014-07-04,21:03:38,WashingtonDC4D,38.951,-77.023
3124,4D37535,Gunshot_or_Firecracker,2014-07-04,21:04:35,WashingtonDC4D,38.942,-77.034
3125,4D37536,Single_Gunshot,2014-07-04,21:04:36,WashingtonDC4D,38.943,-77.039
3126,4D37544,Gunshot_or_Firecracker,2014-07-04,21:05:16,WashingtonDC4D,38.955,-77.022
3127,7D148369,Multiple_Gunshots,2014-07-04,21:05:29,WashingtonDC7D,38.86,-76.997
3128,4D37548,Gunshot_or_Firecracker,2014-07-04,21:05:35,WashingtonDC4D,38.95,-77.019
3129,1D59993,Gunshot_or_Firecracker,2014-07-04,21:06:15,WashingtonDC1D,38.876,-77.012
3130,1D59994,Multiple_Gunshots,2014-07-04,21:06:22,WashingtonDC1D,38.879,-77.014
3131,4D37564,Gunshot_or_Firecracker,2014-07-04,21:06:57,WashingtonDC4D,38.952,-77.021
3132,1D60004,Gunshot_or_Firecracker,2014-07-04,21:07:04,WashingtonDC1D,38.876,-77.014
3133,5D43381,Multiple_Gunshots,2014-07-04,21:07:09,WashingtonDC5D,38.91,-76.985
3134,4D37570,Multiple_Gunshots,2014-07-04,21:07:19,WashingtonDC4D,38.951,-77.024
3135,4D37601,Gunshot_or_Firecracker,2014-07-04,21:10:10,WashingtonDC4D,38.955,-77.03
3136,4D37602,Single_Gunshot,2014-07-04,21:10:15,WashingtonDC4D,38.949,-77.032
3137,4D37656,Multiple_Gunshots,2014-07-04,21:15:48,WashingtonDC4D,38.94,-77.019
3138,4D37657,Single_Gunshot,2014-07-04,21:15:52,WashingtonDC4D,38.941,-77.019
3139,5D43422,Multiple_Gunshots,2014-07-04,21:15:57,WashingtonDC5D,38.917,-77.012
3140,4D37704,Gunshot_or_Firecracker,2014-07-04,21:23:29,WashingtonDC4D,38.951,-77.025
3141,4D37709,Multiple_Gunshots,2014-07-04,21:24:11,WashingtonDC4D,38.95,-77.022
3142,4D37711,Gunshot_or_Firecracker,2014-07-04,21:24:19,WashingtonDC4D,38.947,-77.02
3143,4D37714,Single_Gunshot,2014-07-04,21:24:36,WashingtonDC4D,38.957,-77.017
3144,5D43438,Multiple_Gunshots,2014-07-04,22:05:41,WashingtonDC5D,38.914,-77.005
3145,4D38181,Single_Gunshot,2014-07-04,23:07:07,WashingtonDC4D,38.959,-77.022
3146,4D38182,Gunshot_or_Firecracker,2014-07-04,23:07:08,WashingtonDC4D,38.95,-77.018
3147,5D43513,Multiple_Gunshots,2014-07-04,23:07:11,WashingtonDC5D,38.909,-76.987
3148,3D45865,Gunshot_or_Firecracker,2014-07-04,23:14:15,WashingtonDC3D,38.936,-77.025
3149,5D43545,Multiple_Gunshots,2014-07-04,23:14:19,WashingtonDC5D,38.91,-76.988
3150,3D45866,Multiple_Gunshots,2014-07-04,23:14:20,WashingtonDC3D,38.926,-77.024
3151,5D43546,Multiple_Gunshots,2014-07-04,23:14:27,WashingtonDC5D,38.914,-76.985
3152,4D38233,Single_Gunshot,2014-07-04,23:14:32,WashingtonDC4D,38.954,-77.026
3153,3D45867,Single_Gunshot,2014-07-04,23:14:32,WashingtonDC3D,38.922,-77.029
3154,4D38234,Multiple_Gunshots,2014-07-04,23:14:33,WashingtonDC4D,38.948,-77.024
3155,3D45868,Gunshot_or_Firecracker,2014-07-04,23:14:44,WashingtonDC3D,38.929,-77.026
3156,4D38235,Multiple_Gunshots,2014-07-04,23:14:49,WashingtonDC4D,38.949,-77.024
3157,4D38237,Single_Gunshot,2014-07-04,23:14:59,WashingtonDC4D,38.946,-77.024
3158,4D38238,Multiple_Gunshots,2014-07-04,23:15:02,WashingtonDC4D,38.947,-77.025
3159,4D38240,Multiple_Gunshots,2014-07-04,23:15:07,WashingtonDC4D,38.947,-77.025
3160,5D43551,Multiple_Gunshots,2014-07-04,23:15:22,WashingtonDC5D,38.907,-76.985
3161,4D38241,Gunshot_or_Firecracker,2014-07-04,23:15:27,WashingtonDC4D,38.949,-77.026
3162,3D45927,Multiple_Gunshots,2014-07-04,23:21:18,WashingtonDC3D,38.932,-77.029
3163,6D112618,Multiple_Gunshots,2014-07-04,23:21:25,WashingtonDC6D,38.878,-76.98
3164,4D38292,Single_Gunshot,2014-07-04,23:21:28,WashingtonDC4D,38.945,-77.025
3165,4D38293,Multiple_Gunshots,2014-07-04,23:21:34,WashingtonDC4D,38.944,-77.023
3166,7D148415,Multiple_Gunshots,2014-07-04,23:21:38,WashingtonDC7D,38.842,-77.003
3167,5D43582,Multiple_Gunshots,2014-07-04,23:21:39,WashingtonDC5D,38.911,-76.984
3168,4D38294,Single_Gunshot,2014-07-04,23:21:41,WashingtonDC4D,38.942,-77.022
3169,4D38295,Single_Gunshot,2014-07-04,23:21:42,WashingtonDC4D,38.946,-77.036
3170,4D38297,Single_Gunshot,2014-07-04,23:21:47,WashingtonDC4D,38.942,-77.02
3171,5D43583,Gunshot_or_Firecracker,2014-07-04,23:21:48,WashingtonDC5D,38.913,-76.995
3172,4D38298,Multiple_Gunshots,2014-07-04,23:21:48,WashingtonDC4D,38.95,-77.018
3173,1D60383,Gunshot_or_Firecracker,2014-07-04,23:21:51,WashingtonDC1D,38.896,-76.981
3174,4D38301,Multiple_Gunshots,2014-07-04,23:21:56,WashingtonDC4D,38.945,-77.023
3175,3D45935,Gunshot_or_Firecracker,2014-07-04,23:22:00,WashingtonDC3D,38.928,-77.031
3176,6D112619,Multiple_Gunshots,2014-07-04,23:22:02,WashingtonDC6D,38.875,-76.97
3177,4D38302,Single_Gunshot,2014-07-04,23:22:04,WashingtonDC4D,38.946,-77.022
3178,1D60384,Single_Gunshot,2014-07-04,23:22:05,WashingtonDC1D,38.875,-77.013
3179,4D38303,Single_Gunshot,2014-07-04,23:22:06,WashingtonDC4D,38.952,-77.021
3180,5D43584,Multiple_Gunshots,2014-07-04,23:22:09,WashingtonDC5D,38.907,-76.982
3181,4D38304,Single_Gunshot,2014-07-04,23:22:12,WashingtonDC4D,38.952,-77.021
3182,3D45936,Single_Gunshot,2014-07-04,23:22:12,WashingtonDC3D,38.917,-77.014
3183,4D38305,Single_Gunshot,2014-07-04,23:22:13,WashingtonDC4D,38.95,-77.023
3184,6D112620,Single_Gunshot,2014-07-04,23:22:15,WashingtonDC6D,38.872,-76.967
3185,4D38306,Gunshot_or_Firecracker,2014-07-04,23:22:15,WashingtonDC4D,38.952,-77.021
3186,1D60385,Single_Gunshot,2014-07-04,23:22:16,WashingtonDC1D,38.892,-76.981
3187,3D45937,Single_Gunshot,2014-07-04,23:22:17,WashingtonDC3D,38.917,-77.014
3188,4D38307,Single_Gunshot,2014-07-04,23:22:20,WashingtonDC4D,38.952,-77.021
3189,4D38308,Single_Gunshot,2014-07-04,23:22:21,WashingtonDC4D,38.952,-77.021
3190,6D112621,Multiple_Gunshots,2014-07-04,23:22:26,WashingtonDC6D,38.87,-76.966
3191,1D60386,Single_Gunshot,2014-07-04,23:22:26,WashingtonDC1D,38.891,-76.981
3192,4D38309,Multiple_Gunshots,2014-07-04,23:22:30,WashingtonDC4D,38.948,-77.022
3193,5D43586,Gunshot_or_Firecracker,2014-07-04,23:22:36,WashingtonDC5D,38.916,-76.997
3194,4D38311,Multiple_Gunshots,2014-07-04,23:22:38,WashingtonDC4D,38.945,-77.024
3195,3D45944,Multiple_Gunshots,2014-07-04,23:22:42,WashingtonDC3D,38.932,-77.024
3196,7D148416,Multiple_Gunshots,2014-07-04,23:22:50,WashingtonDC7D,38.847,-77.003
3197,4D38313,Multiple_Gunshots,2014-07-04,23:22:53,WashingtonDC4D,38.942,-77.03
3198,5D43588,Multiple_Gunshots,2014-07-04,23:22:56,WashingtonDC5D,38.912,-76.987
3199,4D38315,Multiple_Gunshots,2014-07-04,23:23:01,WashingtonDC4D,38.945,-77.024
3200,5D43589,Multiple_Gunshots,2014-07-04,23:23:06,WashingtonDC5D,38.915,-76.977
3201,1D60389,Single_Gunshot,2014-07-04,23:23:06,WashingtonDC1D,38.896,-76.981
3202,5D43590,Multiple_Gunshots,2014-07-04,23:23:07,WashingtonDC5D,38.913,-76.982
3203,4D38316,Multiple_Gunshots,2014-07-04,23:23:15,WashingtonDC4D,38.945,-77.023
3204,3D45948,Gunshot_or_Firecracker,2014-07-04,23:23:22,WashingtonDC3D,38.927,-77.025
3205,4D38318,Single_Gunshot,2014-07-04,23:23:27,WashingtonDC4D,38.942,-77.032
3206,4D38319,Single_Gunshot,2014-07-04,23:23:30,WashingtonDC4D,38.962,-77.018
3207,4D38321,Multiple_Gunshots,2014-07-04,23:23:34,WashingtonDC4D,38.944,-77.035
3208,5D43593,Single_Gunshot,2014-07-04,23:23:35,WashingtonDC5D,38.912,-76.978
3209,4D38322,Single_Gunshot,2014-07-04,23:23:36,WashingtonDC4D,38.958,-77.016
3210,4D38324,Gunshot_or_Firecracker,2014-07-04,23:23:45,WashingtonDC4D,38.949,-77.027
3211,4D38325,Single_Gunshot,2014-07-04,23:23:46,WashingtonDC4D,38.949,-77.027
3212,1D60391,Single_Gunshot,2014-07-04,23:23:46,WashingtonDC1D,38.876,-77.011
3213,7D148417,Gunshot_or_Firecracker,2014-07-04,23:23:47,WashingtonDC7D,38.835,-77.001
3214,4D38326,Multiple_Gunshots,2014-07-04,23:23:52,WashingtonDC4D,38.949,-77.022
3215,4D38328,Single_Gunshot,2014-07-04,23:23:58,WashingtonDC4D,38.941,-77.018
3216,3D45953,Multiple_Gunshots,2014-07-04,23:23:59,WashingtonDC3D,38.922,-77.029
3217,4D38329,Single_Gunshot,2014-07-04,23:24:01,WashingtonDC4D,38.946,-77.034
3218,1D60392,Single_Gunshot,2014-07-04,23:24:01,WashingtonDC1D,38.9,-76.992
3219,4D38330,Multiple_Gunshots,2014-07-04,23:24:02,WashingtonDC4D,38.959,-77.022
3220,7D148418,Multiple_Gunshots,2014-07-04,23:24:03,WashingtonDC7D,38.862,-76.989
3221,4D38331,Multiple_Gunshots,2014-07-04,23:24:04,WashingtonDC4D,38.948,-77.025
3222,6D112626,Multiple_Gunshots,2014-07-04,23:24:05,WashingtonDC6D,38.87,-76.971
3223,7D148419,Multiple_Gunshots,2014-07-04,23:24:14,WashingtonDC7D,38.847,-76.997
3224,4D38332,Multiple_Gunshots,2014-07-04,23:24:15,WashingtonDC4D,38.941,-77.022
3225,4D38333,Multiple_Gunshots,2014-07-04,23:24:17,WashingtonDC4D,38.944,-77.022
3226,6D112628,Multiple_Gunshots,2014-07-04,23:24:20,WashingtonDC6D,38.87,-76.972
3227,4D38335,Single_Gunshot,2014-07-04,23:24:24,WashingtonDC4D,38.941,-77.022
3228,1D60393,Single_Gunshot,2014-07-04,23:24:25,WashingtonDC1D,38.894,-76.99
3229,4D38336,Gunshot_or_Firecracker,2014-07-04,23:24:27,WashingtonDC4D,38.956,-77.022
3230,4D38343,Multiple_Gunshots,2014-07-04,23:24:46,WashingtonDC4D,38.946,-77.027
3231,4D38344,Single_Gunshot,2014-07-04,23:24:49,WashingtonDC4D,38.944,-77.017
3232,1D60397,Single_Gunshot,2014-07-04,23:24:49,WashingtonDC1D,38.896,-76.969
3233,4D38345,Gunshot_or_Firecracker,2014-07-04,23:24:50,WashingtonDC4D,38.947,-77.026
3234,7D148421,Multiple_Gunshots,2014-07-04,23:25:00,WashingtonDC7D,38.856,-76.991
3235,3D45960,Multiple_Gunshots,2014-07-04,23:25:04,WashingtonDC3D,38.93,-77.03
3236,7D148422,Single_Gunshot,2014-07-04,23:25:09,WashingtonDC7D,38.844,-76.988
3237,5D43597,Multiple_Gunshots,2014-07-04,23:25:10,WashingtonDC5D,38.915,-77.005
3238,4D38346,Multiple_Gunshots,2014-07-04,23:25:10,WashingtonDC4D,38.947,-77.024
3239,3D45961,Multiple_Gunshots,2014-07-04,23:25:14,WashingtonDC3D,38.924,-77.024
3240,5D43598,Multiple_Gunshots,2014-07-04,23:25:20,WashingtonDC5D,38.931,-76.97
3241,6D112631,Multiple_Gunshots,2014-07-04,23:25:25,WashingtonDC6D,38.882,-76.943
3242,5D43599,Multiple_Gunshots,2014-07-04,23:25:28,WashingtonDC5D,38.931,-76.97
3243,7D148423,Multiple_Gunshots,2014-07-04,23:25:30,WashingtonDC7D,38.843,-76.982
3244,4D38347,Single_Gunshot,2014-07-04,23:25:30,WashingtonDC4D,38.949,-77.023
3245,6D112632,Multiple_Gunshots,2014-07-04,23:25:33,WashingtonDC6D,38.887,-76.952
3246,4D38348,Single_Gunshot,2014-07-04,23:25:36,WashingtonDC4D,38.946,-77.022
3247,7D148424,Single_Gunshot,2014-07-04,23:25:37,WashingtonDC7D,38.849,-76.983
3248,4D38349,Multiple_Gunshots,2014-07-04,23:25:37,WashingtonDC4D,38.959,-77.017
3249,1D60400,Single_Gunshot,2014-07-04,23:25:39,WashingtonDC1D,38.896,-76.969
3250,4D38351,Multiple_Gunshots,2014-07-04,23:25:41,WashingtonDC4D,38.949,-77.022
3251,4D38352,Single_Gunshot,2014-07-04,23:25:45,WashingtonDC4D,38.958,-77.016
3252,4D38353,Gunshot_or_Firecracker,2014-07-04,23:25:46,WashingtonDC4D,38.956,-77.027
3253,5D43600,Gunshot_or_Firecracker,2014-07-04,23:25:52,WashingtonDC5D,38.909,-77.015
3254,4D38356,Multiple_Gunshots,2014-07-04,23:25:58,WashingtonDC4D,38.949,-77.023
3255,6D112635,Multiple_Gunshots,2014-07-04,23:26:04,WashingtonDC6D,38.87,-76.971
3256,4D38357,Multiple_Gunshots,2014-07-04,23:26:06,WashingtonDC4D,38.95,-77.023
3257,3D45969,Multiple_Gunshots,2014-07-04,23:26:06,WashingtonDC3D,38.92,-77.025
3258,1D60401,Single_Gunshot,2014-07-04,23:26:06,WashingtonDC1D,38.891,-76.979
3259,7D148425,Single_Gunshot,2014-07-04,23:26:08,WashingtonDC7D,38.844,-76.988
3260,4D38358,Multiple_Gunshots,2014-07-04,23:26:15,WashingtonDC4D,38.959,-77.022
3261,1D60402,Single_Gunshot,2014-07-04,23:26:15,WashingtonDC1D,38.891,-76.981
3262,4D38359,Multiple_Gunshots,2014-07-04,23:26:17,WashingtonDC4D,38.95,-77.025
3263,3D45973,Gunshot_or_Firecracker,2014-07-04,23:26:21,WashingtonDC3D,38.927,-77.032
3264,1D60403,Single_Gunshot,2014-07-04,23:26:31,WashingtonDC1D,38.898,-76.971
3265,7D148426,Single_Gunshot,2014-07-04,23:26:35,WashingtonDC7D,38.835,-77.001
3266,7D148427,Multiple_Gunshots,2014-07-04,23:26:36,WashingtonDC7D,38.844,-76.988
3267,4D38360,Multiple_Gunshots,2014-07-04,23:26:36,WashingtonDC4D,38.947,-77.026
3268,5D43603,Multiple_Gunshots,2014-07-04,23:26:46,WashingtonDC5D,38.931,-76.97
3269,7D148428,Single_Gunshot,2014-07-04,23:26:47,WashingtonDC7D,38.832,-77.005
3270,7D148429,Single_Gunshot,2014-07-04,23:26:51,WashingtonDC7D,38.84,-76.993
3271,4D38361,Multiple_Gunshots,2014-07-04,23:26:53,WashingtonDC4D,38.947,-77.024
3272,3D45977,Multiple_Gunshots,2014-07-04,23:26:53,WashingtonDC3D,38.926,-77.027
3273,7D148430,Multiple_Gunshots,2014-07-04,23:26:58,WashingtonDC7D,38.843,-76.987
3274,7D148431,Single_Gunshot,2014-07-04,23:27:00,WashingtonDC7D,38.843,-76.987
3275,7D148432,Single_Gunshot,2014-07-04,23:27:02,WashingtonDC7D,38.832,-76.99
3276,7D148433,Single_Gunshot,2014-07-04,23:27:07,WashingtonDC7D,38.836,-76.995
3277,4D38364,Multiple_Gunshots,2014-07-04,23:27:09,WashingtonDC4D,38.947,-77.024
3278,3D45979,Gunshot_or_Firecracker,2014-07-04,23:27:10,WashingtonDC3D,38.932,-77.024
3279,7D148434,Single_Gunshot,2014-07-04,23:27:20,WashingtonDC7D,38.835,-77.001
3280,5D43605,Multiple_Gunshots,2014-07-04,23:27:26,WashingtonDC5D,38.931,-76.97
3281,3D45982,Gunshot_or_Firecracker,2014-07-04,23:27:28,WashingtonDC3D,38.927,-77.032
3282,3D45983,Gunshot_or_Firecracker,2014-07-04,23:27:29,WashingtonDC3D,38.927,-77.032
3283,4D38365,Multiple_Gunshots,2014-07-04,23:27:30,WashingtonDC4D,38.946,-77.02
3284,3D45984,Single_Gunshot,2014-07-04,23:27:33,WashingtonDC3D,38.933,-77.022
3285,4D38366,Single_Gunshot,2014-07-04,23:27:34,WashingtonDC4D,38.941,-77.018
3286,7D148436,Gunshot_or_Firecracker,2014-07-04,23:27:40,WashingtonDC7D,38.838,-77.003
3287,3D45985,Multiple_Gunshots,2014-07-04,23:27:40,WashingtonDC3D,38.928,-77.025
3288,4D38367,Multiple_Gunshots,2014-07-04,23:27:42,WashingtonDC4D,38.948,-77.024
3289,7D148437,Multiple_Gunshots,2014-07-04,23:27:47,WashingtonDC7D,38.839,-76.994
3290,5D43607,Single_Gunshot,2014-07-04,23:27:47,WashingtonDC5D,38.926,-76.969
3291,3D45986,Single_Gunshot,2014-07-04,23:27:50,WashingtonDC3D,38.923,-77.034
3292,7D148439,Multiple_Gunshots,2014-07-04,23:27:58,WashingtonDC7D,38.837,-76.994
3293,4D38370,Multiple_Gunshots,2014-07-04,23:27:59,WashingtonDC4D,38.947,-77.027
3294,3D45991,Gunshot_or_Firecracker,2014-07-04,23:28:04,WashingtonDC3D,38.928,-77.025
3295,4D38372,Multiple_Gunshots,2014-07-04,23:28:13,WashingtonDC4D,38.948,-77.026
3296,5D43608,Single_Gunshot,2014-07-04,23:28:14,WashingtonDC5D,38.921,-76.978
3297,1D60407,Single_Gunshot,2014-07-04,23:28:22,WashingtonDC1D,38.876,-77.011
3298,4D38373,Multiple_Gunshots,2014-07-04,23:28:32,WashingtonDC4D,38.945,-77.026
3299,1D60409,Single_Gunshot,2014-07-04,23:28:40,WashingtonDC1D,38.872,-77.012
3300,7D148445,Multiple_Gunshots,2014-07-04,23:28:42,WashingtonDC7D,38.838,-76.993
3301,4D38374,Multiple_Gunshots,2014-07-04,23:28:50,WashingtonDC4D,38.947,-77.026
3302,7D148447,Single_Gunshot,2014-07-04,23:28:53,WashingtonDC7D,38.824,-76.994
3303,7D148448,Multiple_Gunshots,2014-07-04,23:28:54,WashingtonDC7D,38.837,-76.994
3304,3D46004,Gunshot_or_Firecracker,2014-07-04,23:28:56,WashingtonDC3D,38.929,-77.026
3305,3D46006,Gunshot_or_Firecracker,2014-07-04,23:29:00,WashingtonDC3D,38.927,-77.026
3306,4D38376,Multiple_Gunshots,2014-07-04,23:29:02,WashingtonDC4D,38.944,-77.028
3307,7D148450,Multiple_Gunshots,2014-07-04,23:29:04,WashingtonDC7D,38.833,-76.994
3308,4D38377,Gunshot_or_Firecracker,2014-07-04,23:29:10,WashingtonDC4D,38.94,-77.021
3309,3D46007,Gunshot_or_Firecracker,2014-07-04,23:29:10,WashingtonDC3D,38.932,-77.028
3310,7D148451,Single_Gunshot,2014-07-04,23:29:11,WashingtonDC7D,38.833,-76.999
3311,4D38378,Multiple_Gunshots,2014-07-04,23:29:14,WashingtonDC4D,38.947,-77.027
3312,3D46009,Gunshot_or_Firecracker,2014-07-04,23:29:15,WashingtonDC3D,38.927,-77.026
3313,4D38380,Single_Gunshot,2014-07-04,23:29:20,WashingtonDC4D,38.942,-77.024
3314,7D148453,Multiple_Gunshots,2014-07-04,23:29:22,WashingtonDC7D,38.838,-76.992
3315,7D148455,Single_Gunshot,2014-07-04,23:29:27,WashingtonDC7D,38.837,-76.999
3316,4D38381,Multiple_Gunshots,2014-07-04,23:29:28,WashingtonDC4D,38.947,-77.022
3317,4D38383,Single_Gunshot,2014-07-04,23:29:37,WashingtonDC4D,38.95,-77.023
3318,7D148456,Single_Gunshot,2014-07-04,23:29:40,WashingtonDC7D,38.835,-76.999
3319,3D46011,Single_Gunshot,2014-07-04,23:29:43,WashingtonDC3D,38.917,-77.014
3320,7D148458,Multiple_Gunshots,2014-07-04,23:29:47,WashingtonDC7D,38.836,-76.995
3321,1D60411,Single_Gunshot,2014-07-04,23:29:47,WashingtonDC1D,38.876,-77.011
3322,1D60412,Single_Gunshot,2014-07-04,23:29:56,WashingtonDC1D,38.873,-77.015
3323,7D148459,Single_Gunshot,2014-07-04,23:29:57,WashingtonDC7D,38.844,-76.995
3324,4D38388,Single_Gunshot,2014-07-04,23:29:59,WashingtonDC4D,38.953,-77.022
3325,4D38389,Multiple_Gunshots,2014-07-04,23:30:01,WashingtonDC4D,38.944,-77.024
3326,3D46014,Single_Gunshot,2014-07-04,23:30:02,WashingtonDC3D,38.936,-77.024
3327,7D148460,Single_Gunshot,2014-07-04,23:30:05,WashingtonDC7D,38.832,-77.005
3328,4D38390,Single_Gunshot,2014-07-04,23:30:09,WashingtonDC4D,38.951,-77.031
3329,4D38391,Multiple_Gunshots,2014-07-04,23:30:11,WashingtonDC4D,38.948,-77.024
3330,7D148462,Single_Gunshot,2014-07-04,23:30:21,WashingtonDC7D,38.828,-77.004
3331,4D38392,Single_Gunshot,2014-07-04,23:30:27,WashingtonDC4D,38.958,-77.018
3332,7D148463,Multiple_Gunshots,2014-07-04,23:30:28,WashingtonDC7D,38.837,-76.995
3333,5D43610,Multiple_Gunshots,2014-07-04,23:30:32,WashingtonDC5D,38.911,-77.006
3334,5D43611,Multiple_Gunshots,2014-07-04,23:30:41,WashingtonDC5D,38.912,-77.006
3335,4D38395,Single_Gunshot,2014-07-04,23:30:44,WashingtonDC4D,38.958,-77.018
3336,6D112644,Multiple_Gunshots,2014-07-04,23:30:45,WashingtonDC6D,38.87,-76.966
3337,5D43612,Multiple_Gunshots,2014-07-04,23:30:47,WashingtonDC5D,38.911,-77.006
3338,4D38396,Multiple_Gunshots,2014-07-04,23:30:48,WashingtonDC4D,38.946,-77.024
3339,5D43613,Gunshot_or_Firecracker,2014-07-04,23:30:52,WashingtonDC5D,38.907,-77.01
3340,6D112645,Multiple_Gunshots,2014-07-04,23:30:53,WashingtonDC6D,38.87,-76.966
3341,6D112646,Multiple_Gunshots,2014-07-04,23:31:06,WashingtonDC6D,38.887,-76.951
3342,7D148469,Single_Gunshot,2014-07-04,23:31:09,WashingtonDC7D,38.843,-76.987
3343,3D46029,Single_Gunshot,2014-07-04,23:31:15,WashingtonDC3D,38.924,-77.024
3344,3D46030,Gunshot_or_Firecracker,2014-07-04,23:31:16,WashingtonDC3D,38.927,-77.029
3345,4D38398,Multiple_Gunshots,2014-07-04,23:31:24,WashingtonDC4D,38.943,-77.024
3346,7D148471,Multiple_Gunshots,2014-07-04,23:31:25,WashingtonDC7D,38.839,-76.995
3347,4D38399,Multiple_Gunshots,2014-07-04,23:31:26,WashingtonDC4D,38.943,-77.024
3348,4D38400,Multiple_Gunshots,2014-07-04,23:31:32,WashingtonDC4D,38.943,-77.024
3349,7D148472,Single_Gunshot,2014-07-04,23:31:34,WashingtonDC7D,38.832,-77.005
3350,3D46033,Multiple_Gunshots,2014-07-04,23:31:35,WashingtonDC3D,38.926,-77.029
3351,6D112651,Multiple_Gunshots,2014-07-04,23:31:38,WashingtonDC6D,38.872,-76.967
3352,4D38401,Multiple_Gunshots,2014-07-04,23:31:42,WashingtonDC4D,38.936,-77.026
3353,7D148475,Single_Gunshot,2014-07-04,23:31:46,WashingtonDC7D,38.843,-76.986
3354,7D148476,Multiple_Gunshots,2014-07-04,23:31:50,WashingtonDC7D,38.836,-76.998
3355,6D112654,Single_Gunshot,2014-07-04,23:32:06,WashingtonDC6D,38.887,-76.951
3356,7D148478,Single_Gunshot,2014-07-04,23:32:09,WashingtonDC7D,38.832,-77.005
3357,7D148479,Single_Gunshot,2014-07-04,23:32:12,WashingtonDC7D,38.834,-76.998
3358,6D112655,Multiple_Gunshots,2014-07-04,23:32:12,WashingtonDC6D,38.902,-76.946
3359,3D46039,Gunshot_or_Firecracker,2014-07-04,23:32:13,WashingtonDC3D,38.931,-77.028
3360,3D46040,Gunshot_or_Firecracker,2014-07-04,23:32:16,WashingtonDC3D,38.928,-77.026
3361,7D148480,Multiple_Gunshots,2014-07-04,23:32:22,WashingtonDC7D,38.861,-76.997
3362,4D38407,Single_Gunshot,2014-07-04,23:32:23,WashingtonDC4D,38.957,-77.012
3363,3D46043,Single_Gunshot,2014-07-04,23:32:30,WashingtonDC3D,38.93,-77.02
3364,4D38410,Single_Gunshot,2014-07-04,23:32:32,WashingtonDC4D,38.956,-77.013
3365,6D112659,Single_Gunshot,2014-07-04,23:32:39,WashingtonDC6D,38.894,-76.957
3366,6D112660,Multiple_Gunshots,2014-07-04,23:32:41,WashingtonDC6D,38.888,-76.951
3367,4D38412,Gunshot_or_Firecracker,2014-07-04,23:32:43,WashingtonDC4D,38.958,-77.016
3368,5D43616,Single_Gunshot,2014-07-04,23:32:46,WashingtonDC5D,38.917,-77.006
3369,7D148484,Single_Gunshot,2014-07-04,23:32:48,WashingtonDC7D,38.83,-77.004
3370,1D60418,Single_Gunshot,2014-07-04,23:32:55,WashingtonDC1D,38.876,-77.011
3371,7D148486,Multiple_Gunshots,2014-07-04,23:32:57,WashingtonDC7D,38.834,-76.997
3372,4D38414,Multiple_Gunshots,2014-07-04,23:32:57,WashingtonDC4D,38.947,-77.024
3373,4D38415,Gunshot_or_Firecracker,2014-07-04,23:33:00,WashingtonDC4D,38.95,-77.023
3374,4D38416,Multiple_Gunshots,2014-07-04,23:33:01,WashingtonDC4D,38.95,-77.025
3375,7D148488,Single_Gunshot,2014-07-04,23:33:03,WashingtonDC7D,38.829,-77.0
3376,7D148487,Single_Gunshot,2014-07-04,23:33:03,WashingtonDC7D,38.83,-77.004
3377,3D46049,Single_Gunshot,2014-07-04,23:33:03,WashingtonDC3D,38.934,-77.026
3378,7D148489,Multiple_Gunshots,2014-07-04,23:33:06,WashingtonDC7D,38.831,-77.003
3379,7D148492,Multiple_Gunshots,2014-07-04,23:33:12,WashingtonDC7D,38.83,-76.995
3380,3D46050,Single_Gunshot,2014-07-04,23:33:19,WashingtonDC3D,38.925,-77.034
3381,4D38417,Multiple_Gunshots,2014-07-04,23:33:20,WashingtonDC4D,38.952,-77.023
3382,4D38419,Gunshot_or_Firecracker,2014-07-04,23:33:33,WashingtonDC4D,38.948,-77.025
3383,4D38420,Multiple_Gunshots,2014-07-04,23:33:40,WashingtonDC4D,38.952,-77.025
3384,6D112667,Multiple_Gunshots,2014-07-04,23:34:04,WashingtonDC6D,38.891,-76.955
3385,7D148510,Multiple_Gunshots,2014-07-04,23:34:30,WashingtonDC7D,38.837,-76.995
3386,6D112671,Multiple_Gunshots,2014-07-04,23:34:38,WashingtonDC6D,38.887,-76.941
3387,7D148511,Single_Gunshot,2014-07-04,23:34:41,WashingtonDC7D,38.833,-77.002
3388,7D148512,Single_Gunshot,2014-07-04,23:34:45,WashingtonDC7D,38.838,-76.997
3389,7D148513,Multiple_Gunshots,2014-07-04,23:34:49,WashingtonDC7D,38.837,-76.998
3390,5D43620,Multiple_Gunshots,2014-07-04,23:34:49,WashingtonDC5D,38.916,-77.007
3391,5D43621,Multiple_Gunshots,2014-07-04,23:34:54,WashingtonDC5D,38.916,-77.006
3392,6D112672,Multiple_Gunshots,2014-07-04,23:34:59,WashingtonDC6D,38.893,-76.951
3393,7D148516,Single_Gunshot,2014-07-04,23:35:00,WashingtonDC7D,38.839,-77.0
3394,3D46059,Single_Gunshot,2014-07-04,23:35:02,WashingtonDC3D,38.934,-77.026
3395,6D112673,Multiple_Gunshots,2014-07-04,23:35:04,WashingtonDC6D,38.872,-76.967
3396,3D46060,Gunshot_or_Firecracker,2014-07-04,23:35:04,WashingtonDC3D,38.932,-77.028
3397,5D43622,Multiple_Gunshots,2014-07-04,23:35:06,WashingtonDC5D,38.916,-77.006
3398,5D43623,Multiple_Gunshots,2014-07-04,23:35:09,WashingtonDC5D,38.916,-77.006
3399,4D38433,Gunshot_or_Firecracker,2014-07-04,23:35:13,WashingtonDC4D,38.942,-77.024
3400,3D46061,Multiple_Gunshots,2014-07-04,23:35:13,WashingtonDC3D,38.932,-77.028
3401,4D38434,Multiple_Gunshots,2014-07-04,23:35:22,WashingtonDC4D,38.943,-77.024
3402,3D46062,Multiple_Gunshots,2014-07-04,23:35:23,WashingtonDC3D,38.932,-77.028
3403,7D148522,Single_Gunshot,2014-07-04,23:35:24,WashingtonDC7D,38.842,-76.988
3404,1D60423,Multiple_Gunshots,2014-07-04,23:35:24,WashingtonDC1D,38.895,-76.985
3405,6D112676,Multiple_Gunshots,2014-07-04,23:35:25,WashingtonDC6D,38.891,-76.955
3406,4D38435,Single_Gunshot,2014-07-04,23:35:27,WashingtonDC4D,38.951,-77.023
3407,7D148523,Multiple_Gunshots,2014-07-04,23:35:28,WashingtonDC7D,38.836,-76.997
3408,6D112678,Multiple_Gunshots,2014-07-04,23:35:34,WashingtonDC6D,38.89,-76.949
3409,7D148525,Single_Gunshot,2014-07-04,23:35:36,WashingtonDC7D,38.843,-76.987
3410,4D38436,Multiple_Gunshots,2014-07-04,23:35:37,WashingtonDC4D,38.943,-77.027
3411,3D46064,Multiple_Gunshots,2014-07-04,23:35:37,WashingtonDC3D,38.928,-77.028
3412,7D148526,Single_Gunshot,2014-07-04,23:35:38,WashingtonDC7D,38.85,-77.0
3413,7D148527,Multiple_Gunshots,2014-07-04,23:35:42,WashingtonDC7D,38.828,-77.006
3414,7D148531,Multiple_Gunshots,2014-07-04,23:35:53,WashingtonDC7D,38.828,-77.006
3415,4D38437,Gunshot_or_Firecracker,2014-07-04,23:35:54,WashingtonDC4D,38.94,-77.026
3416,6D112679,Multiple_Gunshots,2014-07-04,23:35:58,WashingtonDC6D,38.888,-76.951
3417,7D148532,Single_Gunshot,2014-07-04,23:36:00,WashingtonDC7D,38.832,-76.997
3418,7D148533,Multiple_Gunshots,2014-07-04,23:36:01,WashingtonDC7D,38.828,-77.006
3419,4D38438,Single_Gunshot,2014-07-04,23:36:02,WashingtonDC4D,38.948,-77.033
3420,4D38439,Multiple_Gunshots,2014-07-04,23:36:04,WashingtonDC4D,38.946,-77.034
3421,4D38440,Gunshot_or_Firecracker,2014-07-04,23:36:12,WashingtonDC4D,38.935,-77.034
3422,3D46066,Gunshot_or_Firecracker,2014-07-04,23:36:12,WashingtonDC3D,38.934,-77.035
3423,7D148535,Multiple_Gunshots,2014-07-04,23:36:22,WashingtonDC7D,38.837,-76.996
3424,4D38441,Gunshot_or_Firecracker,2014-07-04,23:36:22,WashingtonDC4D,38.934,-77.033
3425,5D43628,Single_Gunshot,2014-07-04,23:36:31,WashingtonDC5D,38.924,-76.997
3426,4D38442,Gunshot_or_Firecracker,2014-07-04,23:36:36,WashingtonDC4D,38.946,-77.037
3427,4D38443,Multiple_Gunshots,2014-07-04,23:36:38,WashingtonDC4D,38.953,-77.025
3428,5D43629,Single_Gunshot,2014-07-04,23:36:40,WashingtonDC5D,38.912,-77.006
3429,4D38444,Multiple_Gunshots,2014-07-04,23:36:41,WashingtonDC4D,38.946,-77.035
3430,7D148537,Single_Gunshot,2014-07-04,23:36:42,WashingtonDC7D,38.828,-77.007
3431,7D148538,Single_Gunshot,2014-07-04,23:36:43,WashingtonDC7D,38.838,-77.004
3432,3D46071,Multiple_Gunshots,2014-07-04,23:36:44,WashingtonDC3D,38.928,-77.026
3433,6D112683,Multiple_Gunshots,2014-07-04,23:36:46,WashingtonDC6D,38.892,-76.953
3434,4D38445,Single_Gunshot,2014-07-04,23:36:47,WashingtonDC4D,38.947,-77.034
3435,5D43630,Multiple_Gunshots,2014-07-04,23:36:48,WashingtonDC5D,38.917,-77.013
3436,7D148540,Multiple_Gunshots,2014-07-04,23:36:50,WashingtonDC7D,38.835,-76.997
3437,4D38447,Multiple_Gunshots,2014-07-04,23:36:52,WashingtonDC4D,38.946,-77.036
3438,4D38449,Multiple_Gunshots,2014-07-04,23:37:02,WashingtonDC4D,38.95,-77.022
3439,7D148542,Multiple_Gunshots,2014-07-04,23:37:08,WashingtonDC7D,38.839,-76.993
3440,4D38450,Single_Gunshot,2014-07-04,23:37:08,WashingtonDC4D,38.95,-77.022
3441,4D38451,Single_Gunshot,2014-07-04,23:37:09,WashingtonDC4D,38.95,-77.022
3442,4D38452,Multiple_Gunshots,2014-07-04,23:37:12,WashingtonDC4D,38.95,-77.022
3443,4D38453,Single_Gunshot,2014-07-04,23:37:18,WashingtonDC4D,38.958,-77.021
3444,3D46081,Gunshot_or_Firecracker,2014-07-04,23:37:18,WashingtonDC3D,38.924,-77.026
3445,7D148543,Multiple_Gunshots,2014-07-04,23:37:20,WashingtonDC7D,38.838,-76.995
3446,4D38454,Multiple_Gunshots,2014-07-04,23:37:20,WashingtonDC4D,38.95,-77.022
3447,4D38455,Single_Gunshot,2014-07-04,23:37:23,WashingtonDC4D,38.95,-77.022
3448,1D60427,Multiple_Gunshots,2014-07-04,23:37:25,WashingtonDC1D,38.875,-77.012
3449,6D112685,Multiple_Gunshots,2014-07-04,23:37:27,WashingtonDC6D,38.892,-76.953
3450,7D148544,Single_Gunshot,2014-07-04,23:37:28,WashingtonDC7D,38.847,-77.004
3451,4D38456,Single_Gunshot,2014-07-04,23:37:30,WashingtonDC4D,38.95,-77.022
3452,3D46083,Gunshot_or_Firecracker,2014-07-04,23:37:32,WashingtonDC3D,38.931,-77.028
3453,7D148546,Multiple_Gunshots,2014-07-04,23:37:33,WashingtonDC7D,38.837,-77.0
3454,4D38457,Single_Gunshot,2014-07-04,23:37:36,WashingtonDC4D,38.95,-77.022
3455,5D43631,Multiple_Gunshots,2014-07-04,23:37:37,WashingtonDC5D,38.92,-76.981
3456,4D38458,Multiple_Gunshots,2014-07-04,23:37:39,WashingtonDC4D,38.95,-77.022
3457,7D148547,Single_Gunshot,2014-07-04,23:37:40,WashingtonDC7D,38.838,-76.991
3458,6D112688,Multiple_Gunshots,2014-07-04,23:37:49,WashingtonDC6D,38.893,-76.958
3459,3D46088,Gunshot_or_Firecracker,2014-07-04,23:37:53,WashingtonDC3D,38.923,-77.026
3460,4D38460,Multiple_Gunshots,2014-07-04,23:37:56,WashingtonDC4D,38.95,-77.022
3461,6D112689,Multiple_Gunshots,2014-07-04,23:37:59,WashingtonDC6D,38.893,-76.958
3462,7D148551,Single_Gunshot,2014-07-04,23:38:02,WashingtonDC7D,38.834,-76.991
3463,3D46091,Multiple_Gunshots,2014-07-04,23:38:02,WashingtonDC3D,38.922,-77.031
3464,7D148552,Single_Gunshot,2014-07-04,23:38:10,WashingtonDC7D,38.826,-77.006
3465,4D38462,Single_Gunshot,2014-07-04,23:38:17,WashingtonDC4D,38.959,-77.017
3466,7D148555,Single_Gunshot,2014-07-04,23:38:27,WashingtonDC7D,38.836,-76.995
3467,3D46093,Single_Gunshot,2014-07-04,23:38:27,WashingtonDC3D,38.927,-77.023
3468,3D46094,Gunshot_or_Firecracker,2014-07-04,23:38:28,WashingtonDC3D,38.934,-77.026
3469,6D112692,Single_Gunshot,2014-07-04,23:38:30,WashingtonDC6D,38.895,-76.947
3470,4D38465,Single_Gunshot,2014-07-04,23:38:35,WashingtonDC4D,38.946,-77.033
3471,5D43635,Gunshot_or_Firecracker,2014-07-04,23:38:38,WashingtonDC5D,38.92,-77.002
3472,3D46095,Gunshot_or_Firecracker,2014-07-04,23:38:39,WashingtonDC3D,38.922,-77.034
3473,4D38467,Single_Gunshot,2014-07-04,23:38:46,WashingtonDC4D,38.956,-77.013
3474,7D148556,Single_Gunshot,2014-07-04,23:38:50,WashingtonDC7D,38.846,-76.996
3475,5D43636,Multiple_Gunshots,2014-07-04,23:38:51,WashingtonDC5D,38.933,-76.97
3476,3D46097,Multiple_Gunshots,2014-07-04,23:38:51,WashingtonDC3D,38.927,-77.031
3477,7D148557,Single_Gunshot,2014-07-04,23:38:52,WashingtonDC7D,38.843,-76.99
3478,4D38468,Single_Gunshot,2014-07-04,23:38:56,WashingtonDC4D,38.945,-77.024
3479,3D46098,Multiple_Gunshots,2014-07-04,23:38:59,WashingtonDC3D,38.927,-77.031
3480,5D43637,Single_Gunshot,2014-07-04,23:39:00,WashingtonDC5D,38.922,-76.991
3481,7D148558,Single_Gunshot,2014-07-04,23:39:01,WashingtonDC7D,38.837,-77.0
3482,6D112694,Multiple_Gunshots,2014-07-04,23:39:03,WashingtonDC6D,38.893,-76.946
3483,4D38469,Gunshot_or_Firecracker,2014-07-04,23:39:04,WashingtonDC4D,38.951,-77.018
3484,3D46100,Multiple_Gunshots,2014-07-04,23:39:06,WashingtonDC3D,38.927,-77.031
3485,4D38470,Gunshot_or_Firecracker,2014-07-04,23:39:08,WashingtonDC4D,38.959,-77.021
3486,1D60435,Multiple_Gunshots,2014-07-04,23:39:09,WashingtonDC1D,38.889,-76.981
3487,4D38471,Multiple_Gunshots,2014-07-04,23:39:10,WashingtonDC4D,38.949,-77.025
3488,3D46101,Multiple_Gunshots,2014-07-04,23:39:14,WashingtonDC3D,38.927,-77.031
3489,4D38472,Single_Gunshot,2014-07-04,23:39:19,WashingtonDC4D,38.946,-77.021
3490,7D148560,Single_Gunshot,2014-07-04,23:39:21,WashingtonDC7D,38.846,-76.996
3491,7D148561,Single_Gunshot,2014-07-04,23:39:23,WashingtonDC7D,38.832,-77.011
3492,6D112698,Single_Gunshot,2014-07-04,23:39:24,WashingtonDC6D,38.905,-76.938
3493,4D38474,Multiple_Gunshots,2014-07-04,23:39:28,WashingtonDC4D,38.951,-77.027
3494,5D43639,Multiple_Gunshots,2014-07-04,23:39:30,WashingtonDC5D,38.931,-76.97
3495,3D46104,Single_Gunshot,2014-07-04,23:39:30,WashingtonDC3D,38.914,-77.013
3496,4D38475,Multiple_Gunshots,2014-07-04,23:39:34,WashingtonDC4D,38.955,-77.021
3497,7D148563,Single_Gunshot,2014-07-04,23:39:35,WashingtonDC7D,38.843,-76.986
3498,5D43640,Gunshot_or_Firecracker,2014-07-04,23:39:36,WashingtonDC5D,38.912,-77.005
3499,4D38476,Multiple_Gunshots,2014-07-04,23:39:38,WashingtonDC4D,38.953,-77.024
3500,7D148564,Single_Gunshot,2014-07-04,23:39:43,WashingtonDC7D,38.843,-76.985
3501,3D46106,Single_Gunshot,2014-07-04,23:39:47,WashingtonDC3D,38.927,-77.023
3502,4D38478,Multiple_Gunshots,2014-07-04,23:39:48,WashingtonDC4D,38.952,-77.019
3503,7D148565,Single_Gunshot,2014-07-04,23:39:49,WashingtonDC7D,38.844,-76.985
3504,3D46107,Single_Gunshot,2014-07-04,23:39:53,WashingtonDC3D,38.93,-77.027
3505,3D46108,Gunshot_or_Firecracker,2014-07-04,23:39:55,WashingtonDC3D,38.928,-77.026
3506,3D46109,Single_Gunshot,2014-07-04,23:39:57,WashingtonDC3D,38.928,-77.026
3507,7D148566,Multiple_Gunshots,2014-07-04,23:39:58,WashingtonDC7D,38.843,-76.986
3508,7D148567,Single_Gunshot,2014-07-04,23:40:05,WashingtonDC7D,38.836,-76.995
3509,1D60436,Single_Gunshot,2014-07-04,23:40:12,WashingtonDC1D,38.897,-76.982
3510,3D46112,Gunshot_or_Firecracker,2014-07-04,23:40:13,WashingtonDC3D,38.922,-77.029
3511,4D38479,Single_Gunshot,2014-07-04,23:40:14,WashingtonDC4D,38.95,-77.024
3512,4D38480,Single_Gunshot,2014-07-04,23:40:17,WashingtonDC4D,38.949,-77.023
3513,4D38481,Gunshot_or_Firecracker,2014-07-04,23:40:18,WashingtonDC4D,38.952,-77.017
3514,4D38482,Multiple_Gunshots,2014-07-04,23:40:19,WashingtonDC4D,38.952,-77.017
3515,7D148572,Single_Gunshot,2014-07-04,23:40:21,WashingtonDC7D,38.838,-76.997
3516,7D148573,Multiple_Gunshots,2014-07-04,23:40:24,WashingtonDC7D,38.843,-76.986
3517,5D43641,Single_Gunshot,2014-07-04,23:40:25,WashingtonDC5D,38.924,-76.993
3518,4D38484,Single_Gunshot,2014-07-04,23:40:26,WashingtonDC4D,38.966,-77.024
3519,6D112703,Multiple_Gunshots,2014-07-04,23:40:27,WashingtonDC6D,38.893,-76.962
3520,4D38485,Multiple_Gunshots,2014-07-04,23:40:27,WashingtonDC4D,38.958,-77.018
3521,5D43642,Single_Gunshot,2014-07-04,23:40:29,WashingtonDC5D,38.924,-76.997
3522,6D112704,Multiple_Gunshots,2014-07-04,23:40:33,WashingtonDC6D,38.893,-76.96
3523,3D46114,Gunshot_or_Firecracker,2014-07-04,23:40:33,WashingtonDC3D,38.931,-77.027
3524,7D148575,Single_Gunshot,2014-07-04,23:40:35,WashingtonDC7D,38.846,-76.997
3525,4D38487,Multiple_Gunshots,2014-07-04,23:40:37,WashingtonDC4D,38.951,-77.022
3526,7D148576,Multiple_Gunshots,2014-07-04,23:40:39,WashingtonDC7D,38.85,-76.982
3527,4D38488,Multiple_Gunshots,2014-07-04,23:40:44,WashingtonDC4D,38.955,-77.021
3528,6D112705,Single_Gunshot,2014-07-04,23:40:46,WashingtonDC6D,38.896,-76.915
3529,5D43643,Multiple_Gunshots,2014-07-04,23:40:49,WashingtonDC5D,38.923,-76.975
3530,3D46116,Multiple_Gunshots,2014-07-04,23:40:55,WashingtonDC3D,38.915,-77.013
3531,1D60437,Multiple_Gunshots,2014-07-04,23:40:56,WashingtonDC1D,38.901,-76.99
3532,7D148577,Single_Gunshot,2014-07-04,23:40:59,WashingtonDC7D,38.836,-76.995
3533,3D46117,Gunshot_or_Firecracker,2014-07-04,23:41:01,WashingtonDC3D,38.922,-77.029
3534,4D38489,Single_Gunshot,2014-07-04,23:41:02,WashingtonDC4D,38.96,-77.02
3535,4D38490,Multiple_Gunshots,2014-07-04,23:41:06,WashingtonDC4D,38.958,-77.018
3536,3D46118,Multiple_Gunshots,2014-07-04,23:41:07,WashingtonDC3D,38.937,-77.023
3537,1D60438,Multiple_Gunshots,2014-07-04,23:41:08,WashingtonDC1D,38.875,-77.011
3538,7D148578,Single_Gunshot,2014-07-04,23:41:13,WashingtonDC7D,38.838,-76.991
3539,4D38492,Single_Gunshot,2014-07-04,23:41:24,WashingtonDC4D,38.942,-77.032
3540,6D112710,Multiple_Gunshots,2014-07-04,23:41:26,WashingtonDC6D,38.893,-76.962
3541,3D46121,Single_Gunshot,2014-07-04,23:41:28,WashingtonDC3D,38.936,-77.024
3542,4D38493,Gunshot_or_Firecracker,2014-07-04,23:41:31,WashingtonDC4D,38.937,-77.024
3543,4D38495,Gunshot_or_Firecracker,2014-07-04,23:41:35,WashingtonDC4D,38.951,-77.019
3544,7D148579,Single_Gunshot,2014-07-04,23:41:36,WashingtonDC7D,38.846,-76.978
3545,3D46122,Single_Gunshot,2014-07-04,23:41:36,WashingtonDC3D,38.912,-77.026
3546,5D43644,Single_Gunshot,2014-07-04,23:41:37,WashingtonDC5D,38.924,-76.997
3547,3D46123,Single_Gunshot,2014-07-04,23:41:40,WashingtonDC3D,38.927,-77.022
3548,3D46124,Single_Gunshot,2014-07-04,23:41:44,WashingtonDC3D,38.93,-77.02
3549,1D60439,Single_Gunshot,2014-07-04,23:41:45,WashingtonDC1D,38.897,-76.981
3550,3D46125,Single_Gunshot,2014-07-04,23:41:49,WashingtonDC3D,38.917,-77.017
3551,7D148580,Single_Gunshot,2014-07-04,23:41:52,WashingtonDC7D,38.847,-76.997
3552,3D46126,Single_Gunshot,2014-07-04,23:41:58,WashingtonDC3D,38.93,-77.02
3553,7D148581,Multiple_Gunshots,2014-07-04,23:41:59,WashingtonDC7D,38.861,-76.997
3554,4D38497,Single_Gunshot,2014-07-04,23:42:00,WashingtonDC4D,38.958,-77.017
3555,6D112712,Multiple_Gunshots,2014-07-04,23:42:01,WashingtonDC6D,38.894,-76.959
3556,7D148582,Single_Gunshot,2014-07-04,23:42:05,WashingtonDC7D,38.849,-76.995
3557,6D112713,Single_Gunshot,2014-07-04,23:42:08,WashingtonDC6D,38.905,-76.938
3558,3D46127,Single_Gunshot,2014-07-04,23:42:08,WashingtonDC3D,38.927,-77.021
3559,7D148583,Multiple_Gunshots,2014-07-04,23:42:12,WashingtonDC7D,38.861,-76.997
3560,6D112715,Multiple_Gunshots,2014-07-04,23:42:17,WashingtonDC6D,38.894,-76.957
3561,7D148584,Gunshot_or_Firecracker,2014-07-04,23:42:19,WashingtonDC7D,38.838,-76.991
3562,4D38498,Multiple_Gunshots,2014-07-04,23:42:19,WashingtonDC4D,38.942,-77.024
3563,3D46129,Single_Gunshot,2014-07-04,23:42:22,WashingtonDC3D,38.927,-77.023
3564,7D148585,Single_Gunshot,2014-07-04,23:42:23,WashingtonDC7D,38.852,-77.001
3565,4D38499,Multiple_Gunshots,2014-07-04,23:42:27,WashingtonDC4D,38.942,-77.032
3566,6D112718,Single_Gunshot,2014-07-04,23:42:29,WashingtonDC6D,38.893,-76.951
3567,7D148587,Multiple_Gunshots,2014-07-04,23:42:31,WashingtonDC7D,38.861,-76.997
3568,4D38500,Multiple_Gunshots,2014-07-04,23:42:37,WashingtonDC4D,38.942,-77.032
3569,5D43651,Multiple_Gunshots,2014-07-04,23:42:39,WashingtonDC5D,38.914,-76.998
3570,4D38501,Multiple_Gunshots,2014-07-04,23:42:40,WashingtonDC4D,38.945,-77.027
3571,7D148588,Gunshot_or_Firecracker,2014-07-04,23:42:45,WashingtonDC7D,38.836,-76.995
3572,3D46131,Multiple_Gunshots,2014-07-04,23:42:45,WashingtonDC3D,38.924,-77.029
3573,1D60441,Single_Gunshot,2014-07-04,23:42:46,WashingtonDC1D,38.901,-76.985
3574,5D43652,Single_Gunshot,2014-07-04,23:42:50,WashingtonDC5D,38.904,-77.01
3575,5D43653,Single_Gunshot,2014-07-04,23:42:58,WashingtonDC5D,38.904,-76.99
3576,4D38502,Multiple_Gunshots,2014-07-04,23:42:59,WashingtonDC4D,38.945,-77.03
3577,1D60443,Single_Gunshot,2014-07-04,23:43:02,WashingtonDC1D,38.875,-77.011
3578,7D148589,Single_Gunshot,2014-07-04,23:43:06,WashingtonDC7D,38.839,-76.991
3579,3D46133,Multiple_Gunshots,2014-07-04,23:43:09,WashingtonDC3D,38.931,-77.021
3580,5D43654,Multiple_Gunshots,2014-07-04,23:43:13,WashingtonDC5D,38.91,-76.988
3581,3D46134,Single_Gunshot,2014-07-04,23:43:14,WashingtonDC3D,38.927,-77.022
3582,1D60444,Multiple_Gunshots,2014-07-04,23:43:14,WashingtonDC1D,38.908,-76.989
3583,4D38503,Multiple_Gunshots,2014-07-04,23:43:17,WashingtonDC4D,38.945,-77.027
3584,3D46136,Single_Gunshot,2014-07-04,23:43:19,WashingtonDC3D,38.931,-77.021
3585,1D60445,Multiple_Gunshots,2014-07-04,23:43:20,WashingtonDC1D,38.907,-76.989
3586,7D148593,Multiple_Gunshots,2014-07-04,23:43:25,WashingtonDC7D,38.838,-76.995
3587,5D43656,Gunshot_or_Firecracker,2014-07-04,23:43:32,WashingtonDC5D,38.91,-76.988
3588,3D46137,Gunshot_or_Firecracker,2014-07-04,23:43:33,WashingtonDC3D,38.922,-77.029
3589,3D46139,Gunshot_or_Firecracker,2014-07-04,23:43:36,WashingtonDC3D,38.927,-77.031
3590,4D38504,Multiple_Gunshots,2014-07-04,23:43:37,WashingtonDC4D,38.939,-77.028
3591,3D46140,Single_Gunshot,2014-07-04,23:43:37,WashingtonDC3D,38.919,-77.029
3592,3D46141,Multiple_Gunshots,2014-07-04,23:43:39,WashingtonDC3D,38.939,-77.032
3593,7D148595,Single_Gunshot,2014-07-04,23:43:40,WashingtonDC7D,38.836,-76.995
3594,5D43657,Single_Gunshot,2014-07-04,23:43:44,WashingtonDC5D,38.922,-76.991
3595,4D38505,Single_Gunshot,2014-07-04,23:43:44,WashingtonDC4D,38.943,-77.032
3596,7D148596,Single_Gunshot,2014-07-04,23:43:46,WashingtonDC7D,38.834,-76.991
3597,4D38506,Single_Gunshot,2014-07-04,23:43:46,WashingtonDC4D,38.942,-77.032
3598,4D38507,Single_Gunshot,2014-07-04,23:43:49,WashingtonDC4D,38.942,-77.032
3599,1D60447,Single_Gunshot,2014-07-04,23:43:49,WashingtonDC1D,38.906,-76.981
3600,3D46143,Multiple_Gunshots,2014-07-04,23:43:50,WashingtonDC3D,38.929,-77.025
3601,4D38508,Multiple_Gunshots,2014-07-04,23:43:52,WashingtonDC4D,38.942,-77.032
3602,7D148597,Single_Gunshot,2014-07-04,23:43:54,WashingtonDC7D,38.835,-77.001
3603,6D112725,Multiple_Gunshots,2014-07-04,23:43:54,WashingtonDC6D,38.893,-76.951
3604,1D60448,Single_Gunshot,2014-07-04,23:43:54,WashingtonDC1D,38.875,-77.011
3605,4D38509,Single_Gunshot,2014-07-04,23:43:56,WashingtonDC4D,38.946,-77.033
3606,3D46144,Single_Gunshot,2014-07-04,23:43:58,WashingtonDC3D,38.931,-77.028
3607,7D148598,Single_Gunshot,2014-07-04,23:44:03,WashingtonDC7D,38.835,-77.001
3608,6D112727,Multiple_Gunshots,2014-07-04,23:44:03,WashingtonDC6D,38.893,-76.95
3609,3D46145,Gunshot_or_Firecracker,2014-07-04,23:44:08,WashingtonDC3D,38.931,-77.028
3610,7D148599,Multiple_Gunshots,2014-07-04,23:44:09,WashingtonDC7D,38.838,-76.996
3611,6D112728,Multiple_Gunshots,2014-07-04,23:44:09,WashingtonDC6D,38.893,-76.951
3612,4D38510,Multiple_Gunshots,2014-07-04,23:44:11,WashingtonDC4D,38.942,-77.032
3613,5D43660,Gunshot_or_Firecracker,2014-07-04,23:44:12,WashingtonDC5D,38.912,-77.014
3614,6D112729,Multiple_Gunshots,2014-07-04,23:44:13,WashingtonDC6D,38.893,-76.946
3615,5D43661,Multiple_Gunshots,2014-07-04,23:44:13,WashingtonDC5D,38.924,-76.993
3616,4D38511,Single_Gunshot,2014-07-04,23:44:16,WashingtonDC4D,38.951,-77.031
3617,7D148600,Multiple_Gunshots,2014-07-04,23:44:17,WashingtonDC7D,38.835,-77.001
3618,7D148601,Single_Gunshot,2014-07-04,23:44:18,WashingtonDC7D,38.835,-77.001
3619,3D46146,Multiple_Gunshots,2014-07-04,23:44:18,WashingtonDC3D,38.933,-77.025
3620,4D38513,Gunshot_or_Firecracker,2014-07-04,23:44:23,WashingtonDC4D,38.942,-77.032
3621,4D38515,Single_Gunshot,2014-07-04,23:44:28,WashingtonDC4D,38.942,-77.032
3622,7D148604,Single_Gunshot,2014-07-04,23:44:31,WashingtonDC7D,38.836,-76.995
3623,3D46149,Single_Gunshot,2014-07-04,23:44:31,WashingtonDC3D,38.93,-77.02
3624,4D38517,Single_Gunshot,2014-07-04,23:44:35,WashingtonDC4D,38.949,-77.024
3625,3D46150,Multiple_Gunshots,2014-07-04,23:44:37,WashingtonDC3D,38.927,-77.026
3626,6D112731,Multiple_Gunshots,2014-07-04,23:44:39,WashingtonDC6D,38.909,-76.935
3627,7D148605,Single_Gunshot,2014-07-04,23:44:40,WashingtonDC7D,38.841,-76.989
3628,4D38519,Single_Gunshot,2014-07-04,23:44:41,WashingtonDC4D,38.945,-77.03
3629,5D43663,Multiple_Gunshots,2014-07-04,23:44:47,WashingtonDC5D,38.899,-76.969
3630,4D38520,Single_Gunshot,2014-07-04,23:44:47,WashingtonDC4D,38.954,-77.025
3631,1D60449,Multiple_Gunshots,2014-07-04,23:44:47,WashingtonDC1D,38.899,-76.969
3632,6D112733,Multiple_Gunshots,2014-07-04,23:44:48,WashingtonDC6D,38.908,-76.936
3633,7D148607,Single_Gunshot,2014-07-04,23:44:49,WashingtonDC7D,38.842,-77.002
3634,3D46152,Multiple_Gunshots,2014-07-04,23:44:50,WashingtonDC3D,38.926,-77.028
3635,5D43664,Multiple_Gunshots,2014-07-04,23:44:53,WashingtonDC5D,38.903,-77.011
3636,6D112734,Gunshot_or_Firecracker,2014-07-04,23:44:54,WashingtonDC6D,38.905,-76.938
3637,7D148608,Single_Gunshot,2014-07-04,23:44:57,WashingtonDC7D,38.839,-76.99
3638,4D38523,Multiple_Gunshots,2014-07-04,23:44:58,WashingtonDC4D,38.958,-77.021
3639,7D148609,Multiple_Gunshots,2014-07-04,23:45:02,WashingtonDC7D,38.841,-76.997
3640,7D148610,Single_Gunshot,2014-07-04,23:45:08,WashingtonDC7D,38.841,-76.993
3641,3D46154,Gunshot_or_Firecracker,2014-07-04,23:45:08,WashingtonDC3D,38.927,-77.031
3642,7D148611,Single_Gunshot,2014-07-04,23:45:10,WashingtonDC7D,38.845,-77.002
3643,4D38524,Multiple_Gunshots,2014-07-04,23:45:10,WashingtonDC4D,38.95,-77.023
3644,1D60451,Multiple_Gunshots,2014-07-04,23:45:11,WashingtonDC1D,38.899,-76.975
3645,7D148612,Multiple_Gunshots,2014-07-04,23:45:13,WashingtonDC7D,38.845,-77.002
3646,6D112735,Multiple_Gunshots,2014-07-04,23:45:13,WashingtonDC6D,38.868,-76.947
3647,7D148613,Single_Gunshot,2014-07-04,23:45:14,WashingtonDC7D,38.843,-77.003
3648,3D46155,Multiple_Gunshots,2014-07-04,23:45:14,WashingtonDC3D,38.927,-77.021
3649,4D38525,Single_Gunshot,2014-07-04,23:45:18,WashingtonDC4D,38.946,-77.031
3650,7D148614,Single_Gunshot,2014-07-04,23:45:19,WashingtonDC7D,38.842,-77.003
3651,6D112736,Multiple_Gunshots,2014-07-04,23:45:23,WashingtonDC6D,38.892,-76.953
3652,5D43666,Multiple_Gunshots,2014-07-04,23:45:23,WashingtonDC5D,38.901,-76.976
3653,7D148615,Multiple_Gunshots,2014-07-04,23:45:24,WashingtonDC7D,38.839,-76.995
3654,1D60453,Multiple_Gunshots,2014-07-04,23:45:24,WashingtonDC1D,38.901,-76.975
3655,4D38531,Multiple_Gunshots,2014-07-04,23:45:33,WashingtonDC4D,38.95,-77.024
3656,3D46160,Gunshot_or_Firecracker,2014-07-04,23:45:34,WashingtonDC3D,38.927,-77.021
3657,7D148616,Single_Gunshot,2014-07-04,23:45:35,WashingtonDC7D,38.838,-76.999
3658,1D60454,Multiple_Gunshots,2014-07-04,23:45:35,WashingtonDC1D,38.901,-76.975
3659,3D46161,Multiple_Gunshots,2014-07-04,23:45:37,WashingtonDC3D,38.927,-77.021
3660,6D112737,Single_Gunshot,2014-07-04,23:45:38,WashingtonDC6D,38.895,-76.925
3661,4D38532,Single_Gunshot,2014-07-04,23:45:38,WashingtonDC4D,38.95,-77.023
3662,4D38533,Single_Gunshot,2014-07-04,23:45:40,WashingtonDC4D,38.959,-77.018
3663,5D43667,Single_Gunshot,2014-07-04,23:45:42,WashingtonDC5D,38.904,-76.99
3664,4D38534,Single_Gunshot,2014-07-04,23:45:42,WashingtonDC4D,38.952,-77.022
3665,6D112738,Gunshot_or_Firecracker,2014-07-04,23:45:43,WashingtonDC6D,38.891,-76.955
3666,1D60455,Multiple_Gunshots,2014-07-04,23:45:48,WashingtonDC1D,38.896,-76.969
3667,3D46162,Single_Gunshot,2014-07-04,23:45:49,WashingtonDC3D,38.927,-77.031
3668,5D43668,Single_Gunshot,2014-07-04,23:45:50,WashingtonDC5D,38.904,-76.978
3669,4D38535,Single_Gunshot,2014-07-04,23:45:56,WashingtonDC4D,38.937,-77.031
3670,3D46163,Single_Gunshot,2014-07-04,23:45:56,WashingtonDC3D,38.937,-77.032
3671,6D112739,Multiple_Gunshots,2014-07-04,23:45:57,WashingtonDC6D,38.895,-76.925
3672,5D43669,Gunshot_or_Firecracker,2014-07-04,23:45:57,WashingtonDC5D,38.91,-76.987
3673,1D60456,Multiple_Gunshots,2014-07-04,23:46:00,WashingtonDC1D,38.899,-76.975
3674,7D148620,Single_Gunshot,2014-07-04,23:46:06,WashingtonDC7D,38.836,-76.995
3675,5D43670,Multiple_Gunshots,2014-07-04,23:46:06,WashingtonDC5D,38.923,-76.975
3676,3D46165,Gunshot_or_Firecracker,2014-07-04,23:46:06,WashingtonDC3D,38.922,-77.029
3677,7D148621,Multiple_Gunshots,2014-07-04,23:46:09,WashingtonDC7D,38.841,-76.996
3678,4D38537,Single_Gunshot,2014-07-04,23:46:12,WashingtonDC4D,38.946,-77.031
3679,3D46167,Gunshot_or_Firecracker,2014-07-04,23:46:12,WashingtonDC3D,38.922,-77.029
3680,3D46168,Multiple_Gunshots,2014-07-04,23:46:16,WashingtonDC3D,38.922,-77.029
3681,4D38538,Single_Gunshot,2014-07-04,23:46:18,WashingtonDC4D,38.947,-77.032
3682,1D60457,Single_Gunshot,2014-07-04,23:46:20,WashingtonDC1D,38.901,-76.984
3683,4D38539,Single_Gunshot,2014-07-04,23:46:21,WashingtonDC4D,38.946,-77.016
3684,5D43671,Multiple_Gunshots,2014-07-04,23:46:22,WashingtonDC5D,38.923,-76.975
3685,3D46169,Multiple_Gunshots,2014-07-04,23:46:27,WashingtonDC3D,38.922,-77.029
3686,4D38540,Single_Gunshot,2014-07-04,23:46:31,WashingtonDC4D,38.957,-77.013
3687,7D148624,Multiple_Gunshots,2014-07-04,23:46:33,WashingtonDC7D,38.842,-76.998
3688,6D112744,Single_Gunshot,2014-07-04,23:46:39,WashingtonDC6D,38.893,-76.923
3689,3D46172,Single_Gunshot,2014-07-04,23:46:39,WashingtonDC3D,38.928,-77.026
3690,4D38541,Single_Gunshot,2014-07-04,23:46:41,WashingtonDC4D,38.942,-77.024
3691,6D112745,Gunshot_or_Firecracker,2014-07-04,23:46:42,WashingtonDC6D,38.893,-76.923
3692,6D112747,Multiple_Gunshots,2014-07-04,23:46:48,WashingtonDC6D,38.891,-76.955
3693,7D148627,Multiple_Gunshots,2014-07-04,23:46:50,WashingtonDC7D,38.845,-76.994
3694,3D46174,Single_Gunshot,2014-07-04,23:46:50,WashingtonDC3D,38.93,-77.024
3695,3D46176,Multiple_Gunshots,2014-07-04,23:46:55,WashingtonDC3D,38.93,-77.028
3696,7D148629,Single_Gunshot,2014-07-04,23:46:58,WashingtonDC7D,38.844,-76.985
3697,4D38543,Single_Gunshot,2014-07-04,23:46:59,WashingtonDC4D,38.95,-77.018
3698,5D43674,Gunshot_or_Firecracker,2014-07-04,23:47:01,WashingtonDC5D,38.914,-76.985
3699,4D38544,Single_Gunshot,2014-07-04,23:47:02,WashingtonDC4D,38.95,-77.017
3700,5D43675,Multiple_Gunshots,2014-07-04,23:47:03,WashingtonDC5D,38.914,-76.985
3701,4D38545,Single_Gunshot,2014-07-04,23:47:04,WashingtonDC4D,38.952,-77.015
3702,3D46180,Multiple_Gunshots,2014-07-04,23:47:04,WashingtonDC3D,38.93,-77.028
3703,4D38546,Multiple_Gunshots,2014-07-04,23:47:07,WashingtonDC4D,38.943,-77.023
3704,6D112750,Multiple_Gunshots,2014-07-04,23:47:09,WashingtonDC6D,38.893,-76.923
3705,5D43676,Multiple_Gunshots,2014-07-04,23:47:09,WashingtonDC5D,38.914,-76.985
3706,3D46183,Multiple_Gunshots,2014-07-04,23:47:15,WashingtonDC3D,38.937,-77.024
3707,7D148631,Single_Gunshot,2014-07-04,23:47:16,WashingtonDC7D,38.841,-76.993
3708,5D43677,Multiple_Gunshots,2014-07-04,23:47:16,WashingtonDC5D,38.922,-76.987
3709,4D38549,Single_Gunshot,2014-07-04,23:47:18,WashingtonDC4D,38.953,-77.017
3710,3D46184,Multiple_Gunshots,2014-07-04,23:47:19,WashingtonDC3D,38.937,-77.024
3711,5D43678,Multiple_Gunshots,2014-07-04,23:47:20,WashingtonDC5D,38.922,-76.987
3712,7D148633,Single_Gunshot,2014-07-04,23:47:26,WashingtonDC7D,38.849,-76.99
3713,6D112753,Multiple_Gunshots,2014-07-04,23:47:26,WashingtonDC6D,38.899,-76.926
3714,4D38551,Single_Gunshot,2014-07-04,23:47:26,WashingtonDC4D,38.95,-77.017
3715,4D38552,Multiple_Gunshots,2014-07-04,23:47:27,WashingtonDC4D,38.949,-77.024
3716,7D148634,Multiple_Gunshots,2014-07-04,23:47:29,WashingtonDC7D,38.838,-76.991
3717,1D60462,Single_Gunshot,2014-07-04,23:47:30,WashingtonDC1D,38.874,-77.012
3718,5D43679,Single_Gunshot,2014-07-04,23:47:31,WashingtonDC5D,38.922,-76.987
3719,3D46186,Multiple_Gunshots,2014-07-04,23:47:33,WashingtonDC3D,38.923,-77.034
3720,4D38555,Gunshot_or_Firecracker,2014-07-04,23:47:34,WashingtonDC4D,38.947,-77.022
3721,4D38556,Multiple_Gunshots,2014-07-04,23:47:36,WashingtonDC4D,38.937,-77.032
3722,7D148635,Single_Gunshot,2014-07-04,23:47:38,WashingtonDC7D,38.862,-76.991
3723,7D148636,Single_Gunshot,2014-07-04,23:47:43,WashingtonDC7D,38.836,-76.995
3724,4D38558,Single_Gunshot,2014-07-04,23:47:47,WashingtonDC4D,38.942,-77.024
3725,6D112754,Multiple_Gunshots,2014-07-04,23:47:48,WashingtonDC6D,38.893,-76.951
3726,4D38559,Single_Gunshot,2014-07-04,23:47:48,WashingtonDC4D,38.942,-77.024
3727,7D148637,Single_Gunshot,2014-07-04,23:47:50,WashingtonDC7D,38.842,-76.998
3728,4D38560,Single_Gunshot,2014-07-04,23:47:51,WashingtonDC4D,38.945,-77.026
3729,6D112755,Multiple_Gunshots,2014-07-04,23:47:54,WashingtonDC6D,38.889,-76.919
3730,4D38561,Single_Gunshot,2014-07-04,23:47:54,WashingtonDC4D,38.946,-77.034
3731,5D43685,Multiple_Gunshots,2014-07-04,23:47:56,WashingtonDC5D,38.922,-76.987
3732,3D46187,Multiple_Gunshots,2014-07-04,23:48:03,WashingtonDC3D,38.929,-77.026
3733,4D38562,Multiple_Gunshots,2014-07-04,23:48:07,WashingtonDC4D,38.949,-77.022
3734,5D43686,Gunshot_or_Firecracker,2014-07-04,23:48:10,WashingtonDC5D,38.913,-77.0
3735,5D43687,Multiple_Gunshots,2014-07-04,23:48:16,WashingtonDC5D,38.911,-77.006
3736,4D38563,Single_Gunshot,2014-07-04,23:48:18,WashingtonDC4D,38.948,-77.024
3737,5D43688,Gunshot_or_Firecracker,2014-07-04,23:48:19,WashingtonDC5D,38.913,-76.981
3738,4D38564,Multiple_Gunshots,2014-07-04,23:48:19,WashingtonDC4D,38.949,-77.024
3739,5D43689,Multiple_Gunshots,2014-07-04,23:48:24,WashingtonDC5D,38.923,-77.001
3740,4D38565,Single_Gunshot,2014-07-04,23:48:26,WashingtonDC4D,38.95,-77.023
3741,7D148642,Multiple_Gunshots,2014-07-04,23:48:27,WashingtonDC7D,38.829,-76.994
3742,3D46189,Multiple_Gunshots,2014-07-04,23:48:29,WashingtonDC3D,38.937,-77.024
3743,4D38567,Multiple_Gunshots,2014-07-04,23:48:33,WashingtonDC4D,38.946,-77.024
3744,6D112756,Multiple_Gunshots,2014-07-04,23:48:37,WashingtonDC6D,38.891,-76.955
3745,4D38568,Single_Gunshot,2014-07-04,23:48:40,WashingtonDC4D,38.946,-77.031
3746,4D38569,Multiple_Gunshots,2014-07-04,23:48:44,WashingtonDC4D,38.937,-77.024
3747,3D46190,Single_Gunshot,2014-07-04,23:48:45,WashingtonDC3D,38.93,-77.025
3748,4D38570,Single_Gunshot,2014-07-04,23:48:49,WashingtonDC4D,38.942,-77.024
3749,6D112758,Single_Gunshot,2014-07-04,23:48:53,WashingtonDC6D,38.9,-76.932
3750,4D38571,Single_Gunshot,2014-07-04,23:48:55,WashingtonDC4D,38.946,-77.031
3751,4D38572,Multiple_Gunshots,2014-07-04,23:49:00,WashingtonDC4D,38.95,-77.023
3752,3D46192,Gunshot_or_Firecracker,2014-07-04,23:49:00,WashingtonDC3D,38.922,-77.034
3753,7D148645,Single_Gunshot,2014-07-04,23:49:06,WashingtonDC7D,38.847,-76.977
3754,4D38575,Single_Gunshot,2014-07-04,23:49:09,WashingtonDC4D,38.95,-77.023
3755,4D38576,Multiple_Gunshots,2014-07-04,23:49:10,WashingtonDC4D,38.951,-77.023
3756,4D38578,Multiple_Gunshots,2014-07-04,23:49:15,WashingtonDC4D,38.951,-77.024
3757,3D46194,Single_Gunshot,2014-07-04,23:49:16,WashingtonDC3D,38.931,-77.028
3758,4D38580,Multiple_Gunshots,2014-07-04,23:49:26,WashingtonDC4D,38.95,-77.023
3759,1D60465,Single_Gunshot,2014-07-04,23:49:33,WashingtonDC1D,38.877,-77.011
3760,7D148647,Multiple_Gunshots,2014-07-04,23:49:36,WashingtonDC7D,38.85,-76.981
3761,4D38582,Multiple_Gunshots,2014-07-04,23:49:36,WashingtonDC4D,38.947,-77.024
3762,3D46198,Single_Gunshot,2014-07-04,23:49:44,WashingtonDC3D,38.931,-77.028
3763,4D38584,Gunshot_or_Firecracker,2014-07-04,23:49:45,WashingtonDC4D,38.946,-77.016
3764,5D43693,Gunshot_or_Firecracker,2014-07-04,23:49:50,WashingtonDC5D,38.91,-76.987
3765,4D38586,Multiple_Gunshots,2014-07-04,23:49:50,WashingtonDC4D,38.946,-77.016
3766,7D148650,Multiple_Gunshots,2014-07-04,23:49:51,WashingtonDC7D,38.841,-76.999
3767,6D112762,Multiple_Gunshots,2014-07-04,23:49:53,WashingtonDC6D,38.89,-76.961
3768,7D148651,Multiple_Gunshots,2014-07-04,23:49:55,WashingtonDC7D,38.841,-76.999
3769,3D46200,Single_Gunshot,2014-07-04,23:49:55,WashingtonDC3D,38.922,-77.036
3770,5D43694,Single_Gunshot,2014-07-04,23:49:56,WashingtonDC5D,38.904,-76.978
3771,7D148652,Multiple_Gunshots,2014-07-04,23:49:57,WashingtonDC7D,38.839,-76.997
3772,7D148653,Multiple_Gunshots,2014-07-04,23:50:00,WashingtonDC7D,38.841,-76.999
3773,4D38587,Multiple_Gunshots,2014-07-04,23:50:01,WashingtonDC4D,38.953,-77.025
3774,7D148654,Multiple_Gunshots,2014-07-04,23:50:11,WashingtonDC7D,38.838,-76.995
3775,3D46203,Single_Gunshot,2014-07-04,23:50:18,WashingtonDC3D,38.929,-77.026
3776,4D38588,Multiple_Gunshots,2014-07-04,23:50:20,WashingtonDC4D,38.953,-77.025
3777,7D148656,Multiple_Gunshots,2014-07-04,23:50:24,WashingtonDC7D,38.835,-76.996
3778,3D46204,Single_Gunshot,2014-07-04,23:50:30,WashingtonDC3D,38.929,-77.026
3779,6D112766,Single_Gunshot,2014-07-04,23:50:35,WashingtonDC6D,38.886,-76.954
3780,7D148659,Single_Gunshot,2014-07-04,23:50:41,WashingtonDC7D,38.842,-77.002
3781,3D46206,Multiple_Gunshots,2014-07-04,23:50:43,WashingtonDC3D,38.937,-77.023
3782,4D38593,Single_Gunshot,2014-07-04,23:50:47,WashingtonDC4D,38.957,-77.013
3783,4D38594,Single_Gunshot,2014-07-04,23:50:48,WashingtonDC4D,38.946,-77.016
3784,3D46207,Multiple_Gunshots,2014-07-04,23:50:48,WashingtonDC3D,38.922,-77.029
3785,7D148661,Single_Gunshot,2014-07-04,23:50:49,WashingtonDC7D,38.842,-76.99
3786,6D112769,Multiple_Gunshots,2014-07-04,23:50:50,WashingtonDC6D,38.87,-76.972
3787,7D148662,Multiple_Gunshots,2014-07-04,23:50:51,WashingtonDC7D,38.842,-76.99
3788,3D46208,Gunshot_or_Firecracker,2014-07-04,23:50:57,WashingtonDC3D,38.931,-77.028
3789,7D148663,Single_Gunshot,2014-07-04,23:50:58,WashingtonDC7D,38.842,-76.99
3790,5D43695,Single_Gunshot,2014-07-04,23:51:02,WashingtonDC5D,38.911,-77.006
3791,1D60468,Multiple_Gunshots,2014-07-04,23:51:02,WashingtonDC1D,38.898,-76.983
3792,4D38595,Single_Gunshot,2014-07-04,23:51:05,WashingtonDC4D,38.955,-77.021
3793,7D148665,Single_Gunshot,2014-07-04,23:51:07,WashingtonDC7D,38.844,-76.988
3794,7D148666,Multiple_Gunshots,2014-07-04,23:51:12,WashingtonDC7D,38.838,-76.995
3795,4D38596,Multiple_Gunshots,2014-07-04,23:51:13,WashingtonDC4D,38.951,-77.026
3796,6D112772,Single_Gunshot,2014-07-04,23:51:15,WashingtonDC6D,38.877,-76.961
3797,6D112773,Multiple_Gunshots,2014-07-04,23:51:18,WashingtonDC6D,38.877,-76.962
3798,4D38597,Single_Gunshot,2014-07-04,23:51:18,WashingtonDC4D,38.958,-77.017
3799,3D46212,Gunshot_or_Firecracker,2014-07-04,23:51:19,WashingtonDC3D,38.929,-77.026
3800,4D38598,Single_Gunshot,2014-07-04,23:51:20,WashingtonDC4D,38.958,-77.017
3801,4D38599,Single_Gunshot,2014-07-04,23:51:24,WashingtonDC4D,38.958,-77.018
3802,4D38600,Single_Gunshot,2014-07-04,23:51:27,WashingtonDC4D,38.958,-77.018
3803,4D38601,Single_Gunshot,2014-07-04,23:51:28,WashingtonDC4D,38.955,-77.021
3804,3D46213,Multiple_Gunshots,2014-07-04,23:51:28,WashingtonDC3D,38.931,-77.028
3805,4D38602,Single_Gunshot,2014-07-04,23:51:31,WashingtonDC4D,38.958,-77.017
3806,7D148670,Single_Gunshot,2014-07-04,23:51:34,WashingtonDC7D,38.842,-76.998
3807,6D112775,Single_Gunshot,2014-07-04,23:51:34,WashingtonDC6D,38.874,-76.97
3808,4D38603,Single_Gunshot,2014-07-04,23:51:39,WashingtonDC4D,38.958,-77.017
3809,3D46214,Multiple_Gunshots,2014-07-04,23:51:40,WashingtonDC3D,38.925,-77.027
3810,4D38604,Single_Gunshot,2014-07-04,23:51:41,WashingtonDC4D,38.942,-77.024
3811,7D148672,Single_Gunshot,2014-07-04,23:51:43,WashingtonDC7D,38.843,-76.986
3812,7D148673,Multiple_Gunshots,2014-07-04,23:51:46,WashingtonDC7D,38.83,-76.994
3813,6D112777,Multiple_Gunshots,2014-07-04,23:51:46,WashingtonDC6D,38.904,-76.935
3814,7D148674,Single_Gunshot,2014-07-04,23:51:47,WashingtonDC7D,38.844,-76.988
3815,5D43697,Multiple_Gunshots,2014-07-04,23:51:47,WashingtonDC5D,38.924,-76.993
3816,7D148675,Multiple_Gunshots,2014-07-04,23:51:49,WashingtonDC7D,38.829,-76.994
3817,3D46216,Single_Gunshot,2014-07-04,23:51:51,WashingtonDC3D,38.917,-77.016
3818,7D148676,Single_Gunshot,2014-07-04,23:51:52,WashingtonDC7D,38.845,-76.994
3819,4D38605,Single_Gunshot,2014-07-04,23:51:52,WashingtonDC4D,38.949,-77.007
3820,7D148678,Multiple_Gunshots,2014-07-04,23:51:55,WashingtonDC7D,38.829,-76.994
3821,5D43698,Multiple_Gunshots,2014-07-04,23:51:56,WashingtonDC5D,38.924,-76.993
3822,3D46219,Single_Gunshot,2014-07-04,23:52:03,WashingtonDC3D,38.926,-77.024
3823,5D43699,Single_Gunshot,2014-07-04,23:52:04,WashingtonDC5D,38.912,-76.998
3824,6D112780,Multiple_Gunshots,2014-07-04,23:52:06,WashingtonDC6D,38.904,-76.935
3825,3D46221,Multiple_Gunshots,2014-07-04,23:52:08,WashingtonDC3D,38.937,-77.023
3826,7D148679,Single_Gunshot,2014-07-04,23:52:10,WashingtonDC7D,38.834,-76.994
3827,4D38607,Single_Gunshot,2014-07-04,23:52:10,WashingtonDC4D,38.948,-77.025
3828,6D112781,Multiple_Gunshots,2014-07-04,23:52:11,WashingtonDC6D,38.891,-76.955
3829,4D38608,Single_Gunshot,2014-07-04,23:52:11,WashingtonDC4D,38.948,-77.025
3830,4D38609,Multiple_Gunshots,2014-07-04,23:52:16,WashingtonDC4D,38.959,-77.017
3831,7D148680,Multiple_Gunshots,2014-07-04,23:52:19,WashingtonDC7D,38.841,-76.993
3832,4D38610,Multiple_Gunshots,2014-07-04,23:52:23,WashingtonDC4D,38.959,-77.017
3833,3D46224,Multiple_Gunshots,2014-07-04,23:52:24,WashingtonDC3D,38.942,-77.032
3834,7D148682,Single_Gunshot,2014-07-04,23:52:31,WashingtonDC7D,38.834,-76.987
3835,3D46225,Single_Gunshot,2014-07-04,23:52:31,WashingtonDC3D,38.918,-77.016
3836,6D112783,Multiple_Gunshots,2014-07-04,23:52:32,WashingtonDC6D,38.891,-76.955
3837,6D112784,Single_Gunshot,2014-07-04,23:52:36,WashingtonDC6D,38.886,-76.937
3838,4D38612,Gunshot_or_Firecracker,2014-07-04,23:52:37,WashingtonDC4D,38.955,-77.021
3839,5D43703,Multiple_Gunshots,2014-07-04,23:52:39,WashingtonDC5D,38.912,-77.006
3840,4D38613,Gunshot_or_Firecracker,2014-07-04,23:52:41,WashingtonDC4D,38.951,-77.013
3841,5D43704,Single_Gunshot,2014-07-04,23:52:42,WashingtonDC5D,38.91,-76.988
3842,4D38614,Single_Gunshot,2014-07-04,23:52:46,WashingtonDC4D,38.959,-77.018
3843,7D148685,Multiple_Gunshots,2014-07-04,23:52:47,WashingtonDC7D,38.838,-76.995
3844,3D46226,Multiple_Gunshots,2014-07-04,23:52:48,WashingtonDC3D,38.922,-77.022
3845,4D38615,Gunshot_or_Firecracker,2014-07-04,23:52:50,WashingtonDC4D,38.951,-77.013
3846,3D46227,Multiple_Gunshots,2014-07-04,23:52:50,WashingtonDC3D,38.93,-77.028
3847,6D112788,Multiple_Gunshots,2014-07-04,23:52:57,WashingtonDC6D,38.887,-76.938
3848,4D38616,Single_Gunshot,2014-07-04,23:52:57,WashingtonDC4D,38.953,-77.022
3849,5D43706,Gunshot_or_Firecracker,2014-07-04,23:53:00,WashingtonDC5D,38.926,-76.994
3850,4D38617,Single_Gunshot,2014-07-04,23:53:00,WashingtonDC4D,38.952,-77.022
3851,6D112790,Multiple_Gunshots,2014-07-04,23:53:01,WashingtonDC6D,38.894,-76.939
3852,7D148687,Multiple_Gunshots,2014-07-04,23:53:04,WashingtonDC7D,38.838,-76.996
3853,4D38618,Single_Gunshot,2014-07-04,23:53:08,WashingtonDC4D,38.956,-77.027
3854,5D43708,Multiple_Gunshots,2014-07-04,23:53:10,WashingtonDC5D,38.914,-76.985
3855,7D148688,Multiple_Gunshots,2014-07-04,23:53:11,WashingtonDC7D,38.838,-76.993
3856,5D43709,Multiple_Gunshots,2014-07-04,23:53:18,WashingtonDC5D,38.914,-76.985
3857,4D38619,Single_Gunshot,2014-07-04,23:53:26,WashingtonDC4D,38.937,-77.022
3858,3D46231,Single_Gunshot,2014-07-04,23:53:27,WashingtonDC3D,38.917,-77.016
3859,4D38620,Single_Gunshot,2014-07-04,23:53:33,WashingtonDC4D,38.955,-77.021
3860,7D148689,Single_Gunshot,2014-07-04,23:53:34,WashingtonDC7D,38.829,-76.997
3861,4D38621,Single_Gunshot,2014-07-04,23:53:42,WashingtonDC4D,38.946,-77.035
3862,7D148690,Single_Gunshot,2014-07-04,23:53:44,WashingtonDC7D,38.843,-76.986
3863,7D148691,Single_Gunshot,2014-07-04,23:53:47,WashingtonDC7D,38.841,-76.993
3864,6D112796,Multiple_Gunshots,2014-07-04,23:53:47,WashingtonDC6D,38.87,-76.972
3865,7D148692,Single_Gunshot,2014-07-04,23:53:50,WashingtonDC7D,38.843,-76.986
3866,4D38622,Single_Gunshot,2014-07-04,23:53:52,WashingtonDC4D,38.946,-77.035
3867,3D46233,Single_Gunshot,2014-07-04,23:53:54,WashingtonDC3D,38.927,-77.031
3868,7D148693,Multiple_Gunshots,2014-07-04,23:53:56,WashingtonDC7D,38.831,-76.998
3869,4D38623,Multiple_Gunshots,2014-07-04,23:53:57,WashingtonDC4D,38.952,-77.022
3870,3D46234,Single_Gunshot,2014-07-04,23:53:58,WashingtonDC3D,38.929,-77.02
3871,7D148694,Multiple_Gunshots,2014-07-04,23:54:00,WashingtonDC7D,38.841,-76.994
3872,6D112798,Multiple_Gunshots,2014-07-04,23:54:00,WashingtonDC6D,38.897,-76.962
3873,5D43713,Single_Gunshot,2014-07-04,23:54:04,WashingtonDC5D,38.907,-76.981
3874,6D112799,Multiple_Gunshots,2014-07-04,23:54:06,WashingtonDC6D,38.894,-76.959
3875,4D38624,Single_Gunshot,2014-07-04,23:54:08,WashingtonDC4D,38.943,-77.032
3876,7D148695,Multiple_Gunshots,2014-07-04,23:54:10,WashingtonDC7D,38.837,-76.991
3877,5D43714,Single_Gunshot,2014-07-04,23:54:12,WashingtonDC5D,38.911,-77.006
3878,3D46237,Single_Gunshot,2014-07-04,23:54:18,WashingtonDC3D,38.934,-77.041
3879,5D43715,Multiple_Gunshots,2014-07-04,23:54:20,WashingtonDC5D,38.914,-76.985
3880,1D60474,Multiple_Gunshots,2014-07-04,23:54:23,WashingtonDC1D,38.901,-76.985
3881,7D148697,Single_Gunshot,2014-07-04,23:54:24,WashingtonDC7D,38.842,-77.003
3882,5D43716,Single_Gunshot,2014-07-04,23:54:25,WashingtonDC5D,38.913,-76.987
3883,4D38627,Single_Gunshot,2014-07-04,23:54:26,WashingtonDC4D,38.955,-77.021
3884,5D43717,Multiple_Gunshots,2014-07-04,23:54:28,WashingtonDC5D,38.912,-77.006
3885,7D148698,Single_Gunshot,2014-07-04,23:54:35,WashingtonDC7D,38.837,-76.995
3886,4D38628,Single_Gunshot,2014-07-04,23:54:37,WashingtonDC4D,38.954,-77.025
3887,4D38629,Single_Gunshot,2014-07-04,23:54:45,WashingtonDC4D,38.952,-77.021
3888,4D38630,Single_Gunshot,2014-07-04,23:54:46,WashingtonDC4D,38.952,-77.021
3889,7D148700,Single_Gunshot,2014-07-04,23:54:49,WashingtonDC7D,38.834,-76.995
3890,3D46241,Single_Gunshot,2014-07-04,23:54:49,WashingtonDC3D,38.926,-77.024
3891,6D112802,Single_Gunshot,2014-07-04,23:54:51,WashingtonDC6D,38.887,-76.932
3892,4D38631,Single_Gunshot,2014-07-04,23:54:52,WashingtonDC4D,38.95,-77.018
3893,4D38632,Multiple_Gunshots,2014-07-04,23:54:53,WashingtonDC4D,38.95,-77.022
3894,6D112803,Multiple_Gunshots,2014-07-04,23:54:54,WashingtonDC6D,38.887,-76.933
3895,7D148701,Multiple_Gunshots,2014-07-04,23:54:57,WashingtonDC7D,38.838,-76.995
3896,4D38633,Gunshot_or_Firecracker,2014-07-04,23:54:58,WashingtonDC4D,38.953,-77.017
3897,4D38634,Multiple_Gunshots,2014-07-04,23:54:59,WashingtonDC4D,38.95,-77.02
3898,7D148702,Single_Gunshot,2014-07-04,23:55:04,WashingtonDC7D,38.841,-76.993
3899,3D46242,Single_Gunshot,2014-07-04,23:55:06,WashingtonDC3D,38.926,-77.033
3900,7D148704,Single_Gunshot,2014-07-04,23:55:09,WashingtonDC7D,38.843,-76.986
3901,3D46243,Gunshot_or_Firecracker,2014-07-04,23:55:10,WashingtonDC3D,38.931,-77.028
3902,4D38635,Multiple_Gunshots,2014-07-04,23:55:12,WashingtonDC4D,38.95,-77.024
3903,4D38636,Single_Gunshot,2014-07-04,23:55:14,WashingtonDC4D,38.952,-77.026
3904,7D148705,Single_Gunshot,2014-07-04,23:55:17,WashingtonDC7D,38.828,-77.003
3905,4D38637,Multiple_Gunshots,2014-07-04,23:55:17,WashingtonDC4D,38.952,-77.026
3906,5D43723,Single_Gunshot,2014-07-04,23:55:19,WashingtonDC5D,38.913,-76.994
3907,7D148706,Single_Gunshot,2014-07-04,23:55:21,WashingtonDC7D,38.834,-76.993
3908,4D38638,Gunshot_or_Firecracker,2014-07-04,23:55:25,WashingtonDC4D,38.952,-77.026
3909,3D46245,Single_Gunshot,2014-07-04,23:55:25,WashingtonDC3D,38.934,-77.041
3910,7D148707,Single_Gunshot,2014-07-04,23:55:28,WashingtonDC7D,38.837,-76.995
3911,5D43725,Multiple_Gunshots,2014-07-04,23:55:28,WashingtonDC5D,38.914,-76.985
3912,1D60480,Multiple_Gunshots,2014-07-04,23:55:29,WashingtonDC1D,38.874,-77.011
3913,4D38639,Single_Gunshot,2014-07-04,23:55:34,WashingtonDC4D,38.952,-77.026
3914,4D38640,Single_Gunshot,2014-07-04,23:55:37,WashingtonDC4D,38.952,-77.026
3915,3D46247,Single_Gunshot,2014-07-04,23:55:37,WashingtonDC3D,38.931,-77.028
3916,5D43727,Gunshot_or_Firecracker,2014-07-04,23:55:43,WashingtonDC5D,38.907,-76.981
3917,4D38641,Single_Gunshot,2014-07-04,23:55:43,WashingtonDC4D,38.952,-77.026
3918,4D38642,Multiple_Gunshots,2014-07-04,23:55:48,WashingtonDC4D,38.952,-77.026
3919,6D112812,Single_Gunshot,2014-07-04,23:55:53,WashingtonDC6D,38.895,-76.939
3920,3D46248,Single_Gunshot,2014-07-04,23:55:53,WashingtonDC3D,38.926,-77.025
3921,5D43728,Gunshot_or_Firecracker,2014-07-04,23:55:55,WashingtonDC5D,38.907,-76.984
3922,3D46249,Single_Gunshot,2014-07-04,23:55:56,WashingtonDC3D,38.931,-77.028
3923,4D38643,Single_Gunshot,2014-07-04,23:55:57,WashingtonDC4D,38.931,-77.028
3924,5D43729,Single_Gunshot,2014-07-04,23:55:59,WashingtonDC5D,38.907,-76.984
3925,4D38644,Multiple_Gunshots,2014-07-04,23:56:01,WashingtonDC4D,38.954,-77.025
3926,7D148709,Multiple_Gunshots,2014-07-04,23:56:02,WashingtonDC7D,38.84,-76.994
3927,3D46250,Single_Gunshot,2014-07-04,23:56:06,WashingtonDC3D,38.929,-77.026
3928,4D38645,Multiple_Gunshots,2014-07-04,23:56:07,WashingtonDC4D,38.947,-77.024
3929,5D43730,Single_Gunshot,2014-07-04,23:56:08,WashingtonDC5D,38.907,-76.984
3930,6D112816,Multiple_Gunshots,2014-07-04,23:56:09,WashingtonDC6D,38.887,-76.923
3931,3D46251,Multiple_Gunshots,2014-07-04,23:56:11,WashingtonDC3D,38.931,-77.028
3932,5D43731,Single_Gunshot,2014-07-04,23:56:14,WashingtonDC5D,38.908,-76.984
3933,5D43732,Multiple_Gunshots,2014-07-04,23:56:18,WashingtonDC5D,38.907,-76.984
3934,4D38646,Multiple_Gunshots,2014-07-04,23:56:18,WashingtonDC4D,38.946,-77.025
3935,7D148713,Multiple_Gunshots,2014-07-04,23:56:20,WashingtonDC7D,38.834,-77.001
3936,7D148714,Single_Gunshot,2014-07-04,23:56:22,WashingtonDC7D,38.839,-76.997
3937,4D38647,Single_Gunshot,2014-07-04,23:56:22,WashingtonDC4D,38.943,-77.032
3938,5D43733,Gunshot_or_Firecracker,2014-07-04,23:56:24,WashingtonDC5D,38.917,-77.014
3939,3D46254,Gunshot_or_Firecracker,2014-07-04,23:56:28,WashingtonDC3D,38.927,-77.032
3940,4D38648,Single_Gunshot,2014-07-04,23:56:29,WashingtonDC4D,38.958,-77.019
3941,7D148716,Single_Gunshot,2014-07-04,23:56:31,WashingtonDC7D,38.844,-76.98
3942,4D38649,Single_Gunshot,2014-07-04,23:56:31,WashingtonDC4D,38.95,-77.014
3943,7D148717,Multiple_Gunshots,2014-07-04,23:56:35,WashingtonDC7D,38.843,-76.986
3944,4D38651,Multiple_Gunshots,2014-07-04,23:56:38,WashingtonDC4D,38.93,-77.025
3945,3D46255,Gunshot_or_Firecracker,2014-07-04,23:56:38,WashingtonDC3D,38.93,-77.025
3946,6D112822,Multiple_Gunshots,2014-07-04,23:56:40,WashingtonDC6D,38.889,-76.936
3947,5D43734,Gunshot_or_Firecracker,2014-07-04,23:56:40,WashingtonDC5D,38.907,-76.981
3948,7D148718,Single_Gunshot,2014-07-04,23:56:42,WashingtonDC7D,38.837,-76.995
3949,4D38652,Multiple_Gunshots,2014-07-04,23:56:45,WashingtonDC4D,38.953,-77.021
3950,6D112823,Multiple_Gunshots,2014-07-04,23:56:46,WashingtonDC6D,38.904,-76.935
3951,7D148719,Single_Gunshot,2014-07-04,23:56:49,WashingtonDC7D,38.829,-76.997
3952,4D38653,Multiple_Gunshots,2014-07-04,23:56:49,WashingtonDC4D,38.953,-77.022
3953,7D148720,Single_Gunshot,2014-07-04,23:56:51,WashingtonDC7D,38.842,-76.993
3954,3D46256,Gunshot_or_Firecracker,2014-07-04,23:56:51,WashingtonDC3D,38.931,-77.028
3955,5D43736,Single_Gunshot,2014-07-04,23:56:53,WashingtonDC5D,38.924,-76.997
3956,3D46257,Single_Gunshot,2014-07-04,23:56:55,WashingtonDC3D,38.927,-77.013
3957,6D112826,Multiple_Gunshots,2014-07-04,23:56:56,WashingtonDC6D,38.906,-76.936
3958,6D112827,Single_Gunshot,2014-07-04,23:56:59,WashingtonDC6D,38.885,-76.921
3959,3D46258,Multiple_Gunshots,2014-07-04,23:56:59,WashingtonDC3D,38.926,-77.024
3960,5D43737,Multiple_Gunshots,2014-07-04,23:57:00,WashingtonDC5D,38.922,-76.972
3961,4D38654,Single_Gunshot,2014-07-04,23:57:06,WashingtonDC4D,38.938,-77.022
3962,3D46259,Multiple_Gunshots,2014-07-04,23:57:06,WashingtonDC3D,38.932,-77.021
3963,5D43738,Single_Gunshot,2014-07-04,23:57:12,WashingtonDC5D,38.912,-77.006
3964,4D38655,Single_Gunshot,2014-07-04,23:57:12,WashingtonDC4D,38.948,-77.025
3965,7D148722,Single_Gunshot,2014-07-04,23:57:13,WashingtonDC7D,38.846,-76.978
3966,5D43739,Single_Gunshot,2014-07-04,23:57:13,WashingtonDC5D,38.912,-77.006
3967,4D38656,Single_Gunshot,2014-07-04,23:57:15,WashingtonDC4D,38.948,-77.025
3968,6D112831,Multiple_Gunshots,2014-07-04,23:57:19,WashingtonDC6D,38.891,-76.955
3969,4D38657,Single_Gunshot,2014-07-04,23:57:19,WashingtonDC4D,38.948,-77.025
3970,7D148723,Multiple_Gunshots,2014-07-04,23:57:20,WashingtonDC7D,38.857,-76.986
3971,4D38658,Multiple_Gunshots,2014-07-04,23:57:21,WashingtonDC4D,38.948,-77.025
3972,4D38659,Single_Gunshot,2014-07-04,23:57:23,WashingtonDC4D,38.948,-77.025
3973,4D38660,Single_Gunshot,2014-07-04,23:57:27,WashingtonDC4D,38.948,-77.025
3974,7D148724,Multiple_Gunshots,2014-07-04,23:57:28,WashingtonDC7D,38.841,-76.991
3975,6D112832,Single_Gunshot,2014-07-04,23:57:29,WashingtonDC6D,38.899,-76.926
3976,4D38661,Multiple_Gunshots,2014-07-04,23:57:29,WashingtonDC4D,38.948,-77.025
3977,1D60485,Multiple_Gunshots,2014-07-04,23:57:34,WashingtonDC1D,38.896,-76.981
3978,6D112833,Multiple_Gunshots,2014-07-04,23:57:36,WashingtonDC6D,38.888,-76.953
3979,4D38662,Single_Gunshot,2014-07-04,23:57:38,WashingtonDC4D,38.948,-77.025
3980,7D148726,Single_Gunshot,2014-07-04,23:57:42,WashingtonDC7D,38.841,-76.993
3981,5D43740,Multiple_Gunshots,2014-07-04,23:57:43,WashingtonDC5D,38.91,-76.987
3982,4D38663,Multiple_Gunshots,2014-07-04,23:57:44,WashingtonDC4D,38.948,-77.025
3983,3D46262,Single_Gunshot,2014-07-04,23:57:49,WashingtonDC3D,38.926,-77.024
3984,4D38664,Multiple_Gunshots,2014-07-04,23:57:52,WashingtonDC4D,38.957,-77.01
3985,1D60486,Gunshot_or_Firecracker,2014-07-04,23:57:52,WashingtonDC1D,38.874,-77.011
3986,7D148727,Single_Gunshot,2014-07-04,23:57:54,WashingtonDC7D,38.834,-77.004
3987,6D112834,Single_Gunshot,2014-07-04,23:57:54,WashingtonDC6D,38.901,-76.928
3988,4D38665,Single_Gunshot,2014-07-04,23:57:59,WashingtonDC4D,38.946,-77.033
3989,3D46264,Multiple_Gunshots,2014-07-04,23:57:59,WashingtonDC3D,38.931,-77.028
3990,1D60487,Multiple_Gunshots,2014-07-04,23:58:00,WashingtonDC1D,38.896,-76.981
3991,7D148728,Multiple_Gunshots,2014-07-04,23:58:02,WashingtonDC7D,38.849,-76.977
3992,5D43741,Multiple_Gunshots,2014-07-04,23:58:03,WashingtonDC5D,38.896,-76.981
3993,4D38666,Single_Gunshot,2014-07-04,23:58:03,WashingtonDC4D,38.945,-77.034
3994,4D38667,Single_Gunshot,2014-07-04,23:58:05,WashingtonDC4D,38.951,-77.026
3995,4D38668,Single_Gunshot,2014-07-04,23:58:08,WashingtonDC4D,38.953,-77.021
3996,4D38669,Single_Gunshot,2014-07-04,23:58:10,WashingtonDC4D,38.944,-77.03
3997,3D46265,Single_Gunshot,2014-07-04,23:58:10,WashingtonDC3D,38.926,-77.025
3998,4D38670,Single_Gunshot,2014-07-04,23:58:15,WashingtonDC4D,38.945,-77.034
3999,1D60488,Multiple_Gunshots,2014-07-04,23:58:15,WashingtonDC1D,38.896,-76.981
4000,6D112839,Single_Gunshot,2014-07-04,23:58:20,WashingtonDC6D,38.89,-76.926
4001,4D38671,Single_Gunshot,2014-07-04,23:58:20,WashingtonDC4D,38.945,-77.034
4002,4D38672,Single_Gunshot,2014-07-04,23:58:22,WashingtonDC4D,38.946,-77.034
4003,1D60489,Multiple_Gunshots,2014-07-04,23:58:24,WashingtonDC1D,38.896,-76.981
4004,4D38673,Multiple_Gunshots,2014-07-04,23:58:25,WashingtonDC4D,38.943,-77.026
4005,7D148731,Multiple_Gunshots,2014-07-04,23:58:27,WashingtonDC7D,38.843,-76.986
4006,3D46266,Multiple_Gunshots,2014-07-04,23:58:27,WashingtonDC3D,38.941,-77.031
4007,6D112842,Single_Gunshot,2014-07-04,23:58:29,WashingtonDC6D,38.894,-76.939
4008,5D43742,Multiple_Gunshots,2014-07-04,23:58:30,WashingtonDC5D,38.898,-76.979
4009,7D148732,Single_Gunshot,2014-07-04,23:58:32,WashingtonDC7D,38.843,-76.986
4010,7D148733,Single_Gunshot,2014-07-04,23:58:38,WashingtonDC7D,38.843,-76.986
4011,7D148734,Single_Gunshot,2014-07-04,23:58:40,WashingtonDC7D,38.834,-77.004
4012,6D112843,Single_Gunshot,2014-07-04,23:58:41,WashingtonDC6D,38.899,-76.929
4013,4D38674,Multiple_Gunshots,2014-07-04,23:58:47,WashingtonDC4D,38.943,-77.027
4014,7D148735,Single_Gunshot,2014-07-04,23:58:53,WashingtonDC7D,38.832,-77.005
4015,5D43744,Multiple_Gunshots,2014-07-04,23:58:55,WashingtonDC5D,38.924,-76.997
4016,3D46269,Multiple_Gunshots,2014-07-04,23:58:56,WashingtonDC3D,38.927,-77.028
4017,7D148736,Single_Gunshot,2014-07-04,23:58:59,WashingtonDC7D,38.85,-76.982
4018,6D112845,Single_Gunshot,2014-07-04,23:58:59,WashingtonDC6D,38.899,-76.926
4019,1D60492,Single_Gunshot,2014-07-04,23:58:59,WashingtonDC1D,38.895,-76.98
4020,3D46271,Multiple_Gunshots,2014-07-04,23:59:01,WashingtonDC3D,38.928,-77.029
4021,5D43745,Gunshot_or_Firecracker,2014-07-04,23:59:02,WashingtonDC5D,38.916,-77.007
4022,7D148737,Single_Gunshot,2014-07-04,23:59:06,WashingtonDC7D,38.86,-76.987
4023,5D43747,Single_Gunshot,2014-07-04,23:59:09,WashingtonDC5D,38.906,-76.998
4024,7D148738,Multiple_Gunshots,2014-07-04,23:59:13,WashingtonDC7D,38.834,-77.001
4025,7D148739,Multiple_Gunshots,2014-07-04,23:59:15,WashingtonDC7D,38.837,-76.995
4026,4D38675,Multiple_Gunshots,2014-07-04,23:59:15,WashingtonDC4D,38.942,-77.026
4027,6D112851,Multiple_Gunshots,2014-07-04,23:59:24,WashingtonDC6D,38.896,-76.918
4028,5D43748,Multiple_Gunshots,2014-07-04,23:59:30,WashingtonDC5D,38.907,-76.984
4029,6D112855,Multiple_Gunshots,2014-07-04,23:59:31,WashingtonDC6D,38.896,-76.918
4030,1D60496,Single_Gunshot,2014-07-04,23:59:32,WashingtonDC1D,38.896,-76.981
4031,5D43749,Multiple_Gunshots,2014-07-04,23:59:33,WashingtonDC5D,38.909,-76.988
4032,6D112856,Multiple_Gunshots,2014-07-04,23:59:35,WashingtonDC6D,38.896,-76.918
4033,3D46272,Gunshot_or_Firecracker,2014-07-04,23:59:37,WashingtonDC3D,38.926,-77.032
4034,1D60497,Single_Gunshot,2014-07-04,23:59:40,WashingtonDC1D,38.898,-76.983
4035,4D38676,Multiple_Gunshots,2014-07-04,23:59:47,WashingtonDC4D,38.948,-77.021
4036,7D148744,Single_Gunshot,2014-07-04,23:59:54,WashingtonDC7D,38.852,-76.991
4037,6D112857,Multiple_Gunshots,2014-07-04,23:59:54,WashingtonDC6D,38.888,-76.931
4038,3D46273,Single_Gunshot,2014-07-04,23:59:54,WashingtonDC3D,38.93,-77.025
4039,7D148745,Single_Gunshot,2014-07-04,23:59:55,WashingtonDC7D,38.854,-76.99
4040,4D38678,Single_Gunshot,2014-07-05,00:00:02,WashingtonDC4D,38.95,-77.014
4041,4D38679,Single_Gunshot,2014-07-05,00:00:12,WashingtonDC4D,38.95,-77.014
4042,5D43752,Gunshot_or_Firecracker,2014-07-05,00:00:13,WashingtonDC5D,38.906,-76.998
4043,3D46275,Single_Gunshot,2014-07-05,00:00:14,WashingtonDC3D,38.912,-77.026
4044,6D112858,Gunshot_or_Firecracker,2014-07-05,00:00:17,WashingtonDC6D,38.887,-76.933
4045,4D38681,Single_Gunshot,2014-07-05,00:00:20,WashingtonDC4D,38.956,-77.026
4046,4D38680,Single_Gunshot,2014-07-05,00:00:20,WashingtonDC4D,38.954,-77.023
4047,4D38682,Multiple_Gunshots,2014-07-05,00:00:22,WashingtonDC4D,38.95,-77.014
4048,3D46276,Multiple_Gunshots,2014-07-05,00:00:23,WashingtonDC3D,38.926,-77.025
4049,6D112859,Multiple_Gunshots,2014-07-05,00:00:24,WashingtonDC6D,38.887,-76.932
4050,4D38683,Single_Gunshot,2014-07-05,00:00:28,WashingtonDC4D,38.954,-77.022
4051,3D46277,Single_Gunshot,2014-07-05,00:00:28,WashingtonDC3D,38.924,-77.029
4052,4D38684,Multiple_Gunshots,2014-07-05,00:00:30,WashingtonDC4D,38.949,-77.022
4053,3D46278,Single_Gunshot,2014-07-05,00:00:31,WashingtonDC3D,38.937,-77.031
4054,7D148748,Single_Gunshot,2014-07-05,00:00:34,WashingtonDC7D,38.834,-77.004
4055,7D148749,Single_Gunshot,2014-07-05,00:00:35,WashingtonDC7D,38.836,-76.995
4056,5D43753,Multiple_Gunshots,2014-07-05,00:00:38,WashingtonDC5D,38.903,-77.011
4057,4D38685,Single_Gunshot,2014-07-05,00:00:38,WashingtonDC4D,38.948,-77.021
4058,3D46279,Multiple_Gunshots,2014-07-05,00:00:39,WashingtonDC3D,38.912,-77.026
4059,7D148752,Multiple_Gunshots,2014-07-05,00:00:41,WashingtonDC7D,38.836,-76.995
4060,4D38687,Single_Gunshot,2014-07-05,00:00:41,WashingtonDC4D,38.951,-77.025
4061,4D38688,Single_Gunshot,2014-07-05,00:00:43,WashingtonDC4D,38.947,-77.025
4062,7D148753,Single_Gunshot,2014-07-05,00:00:47,WashingtonDC7D,38.836,-76.995
4063,4D38689,Single_Gunshot,2014-07-05,00:00:47,WashingtonDC4D,38.95,-77.023
4064,3D46281,Multiple_Gunshots,2014-07-05,00:00:50,WashingtonDC3D,38.927,-77.032
4065,5D43754,Multiple_Gunshots,2014-07-05,00:00:51,WashingtonDC5D,38.904,-77.011
4066,4D38690,Single_Gunshot,2014-07-05,00:00:51,WashingtonDC4D,38.958,-77.019
4067,4D38691,Single_Gunshot,2014-07-05,00:00:52,WashingtonDC4D,38.958,-77.019
4068,4D38692,Single_Gunshot,2014-07-05,00:00:55,WashingtonDC4D,38.956,-77.023
4069,7D148755,Multiple_Gunshots,2014-07-05,00:00:58,WashingtonDC7D,38.836,-76.997
4070,4D38693,Single_Gunshot,2014-07-05,00:01:02,WashingtonDC4D,38.959,-77.018
4071,7D148757,Multiple_Gunshots,2014-07-05,00:01:07,WashingtonDC7D,38.837,-76.997
4072,3D46283,Single_Gunshot,2014-07-05,00:01:10,WashingtonDC3D,38.912,-77.026
4073,5D43756,Multiple_Gunshots,2014-07-05,00:01:11,WashingtonDC5D,38.914,-76.985
4074,7D148758,Single_Gunshot,2014-07-05,00:01:15,WashingtonDC7D,38.825,-77.011
4075,4D38697,Multiple_Gunshots,2014-07-05,00:01:21,WashingtonDC4D,38.942,-77.033
4076,6D112862,Multiple_Gunshots,2014-07-05,00:01:25,WashingtonDC6D,38.882,-76.943
4077,7D148759,Single_Gunshot,2014-07-05,00:01:27,WashingtonDC7D,38.833,-77.001
4078,7D148760,Multiple_Gunshots,2014-07-05,00:01:30,WashingtonDC7D,38.833,-76.999
4079,4D38699,Single_Gunshot,2014-07-05,00:01:33,WashingtonDC4D,38.942,-77.027
4080,6D112863,Gunshot_or_Firecracker,2014-07-05,00:01:35,WashingtonDC6D,38.893,-76.922
4081,5D43757,Gunshot_or_Firecracker,2014-07-05,00:01:41,WashingtonDC5D,38.924,-77.003
4082,1D60501,Multiple_Gunshots,2014-07-05,00:01:41,WashingtonDC1D,38.901,-76.977
4083,7D148761,Single_Gunshot,2014-07-05,00:01:43,WashingtonDC7D,38.845,-76.978
4084,4D38702,Single_Gunshot,2014-07-05,00:01:47,WashingtonDC4D,38.95,-77.023
4085,3D46287,Single_Gunshot,2014-07-05,00:01:48,WashingtonDC3D,38.929,-77.026
4086,4D38703,Single_Gunshot,2014-07-05,00:01:54,WashingtonDC4D,38.953,-77.021
4087,7D148762,Single_Gunshot,2014-07-05,00:01:55,WashingtonDC7D,38.842,-76.993
4088,5D43758,Gunshot_or_Firecracker,2014-07-05,00:01:57,WashingtonDC5D,38.908,-76.981
4089,4D38704,Multiple_Gunshots,2014-07-05,00:01:58,WashingtonDC4D,38.958,-77.03
4090,5D43759,Multiple_Gunshots,2014-07-05,00:02:03,WashingtonDC5D,38.914,-76.985
4091,7D148763,Multiple_Gunshots,2014-07-05,00:02:05,WashingtonDC7D,38.84,-76.996
4092,6D112866,Multiple_Gunshots,2014-07-05,00:02:07,WashingtonDC6D,38.891,-76.935
4093,3D46289,Gunshot_or_Firecracker,2014-07-05,00:02:07,WashingtonDC3D,38.931,-77.028
4094,5D43760,Single_Gunshot,2014-07-05,00:02:12,WashingtonDC5D,38.912,-76.984
4095,7D148764,Multiple_Gunshots,2014-07-05,00:02:13,WashingtonDC7D,38.846,-77.001
4096,1D60504,Single_Gunshot,2014-07-05,00:02:14,WashingtonDC1D,38.891,-76.981
4097,7D148765,Multiple_Gunshots,2014-07-05,00:02:16,WashingtonDC7D,38.84,-76.994
4098,6D112867,Single_Gunshot,2014-07-05,00:02:16,WashingtonDC6D,38.893,-76.925
4099,3D46291,Gunshot_or_Firecracker,2014-07-05,00:02:19,WashingtonDC3D,38.931,-77.028
4100,7D148766,Single_Gunshot,2014-07-05,00:02:21,WashingtonDC7D,38.834,-76.994
4101,4D38707,Gunshot_or_Firecracker,2014-07-05,00:02:21,WashingtonDC4D,38.956,-77.023
4102,7D148767,Multiple_Gunshots,2014-07-05,00:02:27,WashingtonDC7D,38.838,-76.993
4103,3D46292,Gunshot_or_Firecracker,2014-07-05,00:02:27,WashingtonDC3D,38.929,-77.026
4104,4D38708,Multiple_Gunshots,2014-07-05,00:02:29,WashingtonDC4D,38.949,-77.024
4105,1D60505,Single_Gunshot,2014-07-05,00:02:30,WashingtonDC1D,38.891,-76.981
4106,4D38709,Multiple_Gunshots,2014-07-05,00:02:35,WashingtonDC4D,38.959,-77.031
4107,3D46293,Gunshot_or_Firecracker,2014-07-05,00:02:35,WashingtonDC3D,38.929,-77.026
4108,7D148768,Single_Gunshot,2014-07-05,00:02:37,WashingtonDC7D,38.843,-76.984
4109,5D43762,Single_Gunshot,2014-07-05,00:02:37,WashingtonDC5D,38.927,-76.995
4110,7D148769,Single_Gunshot,2014-07-05,00:02:40,WashingtonDC7D,38.843,-76.984
4111,3D46294,Single_Gunshot,2014-07-05,00:02:41,WashingtonDC3D,38.929,-77.026
4112,7D148770,Single_Gunshot,2014-07-05,00:02:42,WashingtonDC7D,38.845,-76.981
4113,3D46295,Gunshot_or_Firecracker,2014-07-05,00:02:42,WashingtonDC3D,38.929,-77.026
4114,7D148771,Multiple_Gunshots,2014-07-05,00:02:44,WashingtonDC7D,38.839,-76.99
4115,4D38711,Multiple_Gunshots,2014-07-05,00:02:46,WashingtonDC4D,38.959,-77.031
4116,4D38712,Multiple_Gunshots,2014-07-05,00:02:49,WashingtonDC4D,38.958,-77.03
4117,3D46296,Gunshot_or_Firecracker,2014-07-05,00:02:50,WashingtonDC3D,38.929,-77.026
4118,7D148772,Multiple_Gunshots,2014-07-05,00:02:51,WashingtonDC7D,38.841,-76.988
4119,6D112868,Single_Gunshot,2014-07-05,00:02:51,WashingtonDC6D,38.889,-76.938
4120,3D46297,Single_Gunshot,2014-07-05,00:02:52,WashingtonDC3D,38.929,-77.026
4121,5D43763,Gunshot_or_Firecracker,2014-07-05,00:02:53,WashingtonDC5D,38.923,-76.986
4122,4D38713,Single_Gunshot,2014-07-05,00:02:54,WashingtonDC4D,38.953,-77.021
4123,3D46298,Multiple_Gunshots,2014-07-05,00:02:56,WashingtonDC3D,38.925,-77.03
4124,7D148773,Single_Gunshot,2014-07-05,00:02:59,WashingtonDC7D,38.836,-76.993
4125,3D46300,Multiple_Gunshots,2014-07-05,00:03:02,WashingtonDC3D,38.929,-77.026
4126,6D112870,Multiple_Gunshots,2014-07-05,00:03:03,WashingtonDC6D,38.888,-76.939
4127,7D148774,Single_Gunshot,2014-07-05,00:03:07,WashingtonDC7D,38.837,-76.992
4128,3D46301,Single_Gunshot,2014-07-05,00:03:09,WashingtonDC3D,38.937,-77.031
4129,7D148775,Multiple_Gunshots,2014-07-05,00:03:10,WashingtonDC7D,38.837,-76.993
4130,4D38716,Multiple_Gunshots,2014-07-05,00:03:12,WashingtonDC4D,38.945,-77.031
4131,6D112872,Multiple_Gunshots,2014-07-05,00:03:13,WashingtonDC6D,38.894,-76.93
4132,6D112873,Multiple_Gunshots,2014-07-05,00:03:18,WashingtonDC6D,38.894,-76.93
4133,4D38717,Multiple_Gunshots,2014-07-05,00:03:22,WashingtonDC4D,38.946,-77.03
4134,6D112874,Single_Gunshot,2014-07-05,00:03:26,WashingtonDC6D,38.893,-76.916
4135,1D60508,Single_Gunshot,2014-07-05,00:03:29,WashingtonDC1D,38.874,-77.011
4136,6D112876,Single_Gunshot,2014-07-05,00:03:31,WashingtonDC6D,38.888,-76.938
4137,5D43765,Gunshot_or_Firecracker,2014-07-05,00:03:31,WashingtonDC5D,38.927,-76.995
4138,7D148781,Multiple_Gunshots,2014-07-05,00:03:32,WashingtonDC7D,38.841,-76.994
4139,6D112878,Single_Gunshot,2014-07-05,00:03:37,WashingtonDC6D,38.894,-76.93
4140,3D46304,Single_Gunshot,2014-07-05,00:03:38,WashingtonDC3D,38.923,-77.034
4141,7D148782,Multiple_Gunshots,2014-07-05,00:03:39,WashingtonDC7D,38.838,-76.996
4142,5D43766,Single_Gunshot,2014-07-05,00:03:41,WashingtonDC5D,38.934,-76.98
4143,3D46305,Single_Gunshot,2014-07-05,00:03:41,WashingtonDC3D,38.922,-77.022
4144,5D43767,Single_Gunshot,2014-07-05,00:03:44,WashingtonDC5D,38.91,-76.988
4145,4D38722,Single_Gunshot,2014-07-05,00:03:44,WashingtonDC4D,38.958,-77.019
4146,7D148784,Multiple_Gunshots,2014-07-05,00:03:47,WashingtonDC7D,38.836,-76.995
4147,7D148785,Single_Gunshot,2014-07-05,00:03:49,WashingtonDC7D,38.836,-76.993
4148,5D43768,Single_Gunshot,2014-07-05,00:03:53,WashingtonDC5D,38.906,-76.98
4149,4D38723,Single_Gunshot,2014-07-05,00:03:54,WashingtonDC4D,38.938,-77.032
4150,7D148787,Single_Gunshot,2014-07-05,00:03:55,WashingtonDC7D,38.833,-76.994
4151,7D148788,Single_Gunshot,2014-07-05,00:04:00,WashingtonDC7D,38.829,-76.994
4152,4D38724,Single_Gunshot,2014-07-05,00:04:01,WashingtonDC4D,38.958,-77.019
4153,7D148789,Single_Gunshot,2014-07-05,00:04:02,WashingtonDC7D,38.833,-76.997
4154,5D43769,Single_Gunshot,2014-07-05,00:04:03,WashingtonDC5D,38.923,-76.986
4155,3D46309,Multiple_Gunshots,2014-07-05,00:04:05,WashingtonDC3D,38.914,-77.028
4156,7D148791,Single_Gunshot,2014-07-05,00:04:11,WashingtonDC7D,38.831,-76.998
4157,4D38726,Single_Gunshot,2014-07-05,00:04:13,WashingtonDC4D,38.958,-77.018
4158,3D46310,Gunshot_or_Firecracker,2014-07-05,00:04:13,WashingtonDC3D,38.932,-77.021
4159,5D43771,Single_Gunshot,2014-07-05,00:04:16,WashingtonDC5D,38.923,-76.986
4160,7D148792,Multiple_Gunshots,2014-07-05,00:04:17,WashingtonDC7D,38.831,-76.998
4161,6D112886,Single_Gunshot,2014-07-05,00:04:19,WashingtonDC6D,38.897,-76.934
4162,6D112887,Gunshot_or_Firecracker,2014-07-05,00:04:20,WashingtonDC6D,38.89,-76.925
4163,7D148793,Single_Gunshot,2014-07-05,00:04:21,WashingtonDC7D,38.831,-76.998
4164,4D38727,Single_Gunshot,2014-07-05,00:04:25,WashingtonDC4D,38.958,-77.019
4165,3D46314,Multiple_Gunshots,2014-07-05,00:04:29,WashingtonDC3D,38.926,-77.031
4166,7D148795,Single_Gunshot,2014-07-05,00:04:32,WashingtonDC7D,38.842,-76.998
4167,4D38728,Multiple_Gunshots,2014-07-05,00:04:33,WashingtonDC4D,38.953,-77.017
4168,5D43773,Multiple_Gunshots,2014-07-05,00:04:35,WashingtonDC5D,38.924,-77.002
4169,4D38729,Multiple_Gunshots,2014-07-05,00:04:35,WashingtonDC4D,38.951,-77.021
4170,7D148796,Single_Gunshot,2014-07-05,00:04:36,WashingtonDC7D,38.837,-76.992
4171,7D148797,Multiple_Gunshots,2014-07-05,00:04:38,WashingtonDC7D,38.831,-76.998
4172,6D112892,Single_Gunshot,2014-07-05,00:04:38,WashingtonDC6D,38.888,-76.941
4173,3D46315,Gunshot_or_Firecracker,2014-07-05,00:04:40,WashingtonDC3D,38.931,-77.028
4174,5D43775,Single_Gunshot,2014-07-05,00:04:41,WashingtonDC5D,38.903,-76.989
4175,4D38730,Single_Gunshot,2014-07-05,00:04:44,WashingtonDC4D,38.953,-77.017
4176,4D38731,Single_Gunshot,2014-07-05,00:04:46,WashingtonDC4D,38.958,-77.019
4177,5D43776,Gunshot_or_Firecracker,2014-07-05,00:04:48,WashingtonDC5D,38.907,-76.981
4178,3D46317,Single_Gunshot,2014-07-05,00:04:48,WashingtonDC3D,38.921,-77.023
4179,3D46318,Multiple_Gunshots,2014-07-05,00:04:50,WashingtonDC3D,38.921,-77.023
4180,5D43777,Multiple_Gunshots,2014-07-05,00:04:52,WashingtonDC5D,38.921,-77.023
4181,4D38732,Multiple_Gunshots,2014-07-05,00:04:53,WashingtonDC4D,38.953,-77.017
4182,5D43778,Multiple_Gunshots,2014-07-05,00:04:56,WashingtonDC5D,38.903,-76.989
4183,3D46319,Single_Gunshot,2014-07-05,00:04:58,WashingtonDC3D,38.921,-77.024
4184,5D43779,Gunshot_or_Firecracker,2014-07-05,00:05:01,WashingtonDC5D,38.907,-76.984
4185,3D46320,Gunshot_or_Firecracker,2014-07-05,00:05:01,WashingtonDC3D,38.921,-77.023
4186,4D38733,Single_Gunshot,2014-07-05,00:05:04,WashingtonDC4D,38.958,-77.019
4187,4D38734,Single_Gunshot,2014-07-05,00:05:07,WashingtonDC4D,38.944,-77.028
4188,3D46321,Single_Gunshot,2014-07-05,00:05:07,WashingtonDC3D,38.93,-77.024
4189,4D38735,Gunshot_or_Firecracker,2014-07-05,00:05:11,WashingtonDC4D,38.959,-77.018
4190,7D148805,Single_Gunshot,2014-07-05,00:05:13,WashingtonDC7D,38.834,-76.991
4191,5D43781,Single_Gunshot,2014-07-05,00:05:14,WashingtonDC5D,38.923,-76.986
4192,3D46323,Gunshot_or_Firecracker,2014-07-05,00:05:14,WashingtonDC3D,38.933,-77.026
4193,4D38736,Single_Gunshot,2014-07-05,00:05:15,WashingtonDC4D,38.939,-77.023
4194,3D46324,Multiple_Gunshots,2014-07-05,00:05:16,WashingtonDC3D,38.931,-77.026
4195,7D148806,Single_Gunshot,2014-07-05,00:05:18,WashingtonDC7D,38.832,-76.999
4196,4D38737,Multiple_Gunshots,2014-07-05,00:05:19,WashingtonDC4D,38.943,-77.024
4197,7D148807,Single_Gunshot,2014-07-05,00:05:21,WashingtonDC7D,38.842,-76.998
4198,7D148808,Single_Gunshot,2014-07-05,00:05:25,WashingtonDC7D,38.837,-76.991
4199,7D148809,Single_Gunshot,2014-07-05,00:05:26,WashingtonDC7D,38.834,-76.991
4200,4D38738,Single_Gunshot,2014-07-05,00:05:26,WashingtonDC4D,38.938,-77.023
4201,5D43782,Single_Gunshot,2014-07-05,00:05:27,WashingtonDC5D,38.919,-76.986
4202,3D46325,Multiple_Gunshots,2014-07-05,00:05:27,WashingtonDC3D,38.937,-77.024
4203,7D148810,Single_Gunshot,2014-07-05,00:05:29,WashingtonDC7D,38.834,-76.991
4204,5D43783,Gunshot_or_Firecracker,2014-07-05,00:05:33,WashingtonDC5D,38.907,-76.984
4205,3D46326,Single_Gunshot,2014-07-05,00:05:37,WashingtonDC3D,38.912,-77.026
4206,4D38741,Single_Gunshot,2014-07-05,00:05:38,WashingtonDC4D,38.956,-77.007
4207,1D60514,Multiple_Gunshots,2014-07-05,00:05:38,WashingtonDC1D,38.874,-77.015
4208,7D148812,Single_Gunshot,2014-07-05,00:05:44,WashingtonDC7D,38.834,-76.991
4209,3D46327,Single_Gunshot,2014-07-05,00:05:45,WashingtonDC3D,38.925,-77.034
4210,4D38742,Single_Gunshot,2014-07-05,00:05:46,WashingtonDC4D,38.945,-77.021
4211,7D148813,Single_Gunshot,2014-07-05,00:05:50,WashingtonDC7D,38.834,-76.991
4212,4D38743,Single_Gunshot,2014-07-05,00:05:53,WashingtonDC4D,38.95,-77.014
4213,7D148814,Single_Gunshot,2014-07-05,00:05:59,WashingtonDC7D,38.842,-76.998
4214,6D112899,Single_Gunshot,2014-07-05,00:06:02,WashingtonDC6D,38.908,-76.942
4215,5D43784,Single_Gunshot,2014-07-05,00:06:06,WashingtonDC5D,38.924,-76.998
4216,7D148815,Single_Gunshot,2014-07-05,00:06:07,WashingtonDC7D,38.85,-76.984
4217,3D46329,Single_Gunshot,2014-07-05,00:06:08,WashingtonDC3D,38.928,-77.021
4218,5D43785,Single_Gunshot,2014-07-05,00:06:12,WashingtonDC5D,38.924,-76.998
4219,4D38745,Multiple_Gunshots,2014-07-05,00:06:14,WashingtonDC4D,38.953,-77.016
4220,5D43786,Single_Gunshot,2014-07-05,00:06:16,WashingtonDC5D,38.924,-76.998
4221,4D38746,Multiple_Gunshots,2014-07-05,00:06:18,WashingtonDC4D,38.949,-77.021
4222,5D43787,Single_Gunshot,2014-07-05,00:06:21,WashingtonDC5D,38.924,-76.998
4223,6D112904,Single_Gunshot,2014-07-05,00:06:25,WashingtonDC6D,38.887,-76.928
4224,5D43788,Gunshot_or_Firecracker,2014-07-05,00:06:28,WashingtonDC5D,38.92,-76.995
4225,3D46332,Single_Gunshot,2014-07-05,00:06:32,WashingtonDC3D,38.927,-77.022
4226,1D60516,Single_Gunshot,2014-07-05,00:06:32,WashingtonDC1D,38.875,-77.013
4227,5D43789,Single_Gunshot,2014-07-05,00:06:34,WashingtonDC5D,38.916,-76.992
4228,4D38748,Multiple_Gunshots,2014-07-05,00:06:37,WashingtonDC4D,38.938,-77.032
4229,6D112908,Multiple_Gunshots,2014-07-05,00:06:40,WashingtonDC6D,38.887,-76.95
4230,3D46333,Gunshot_or_Firecracker,2014-07-05,00:06:41,WashingtonDC3D,38.926,-77.025
4231,7D148823,Multiple_Gunshots,2014-07-05,00:06:45,WashingtonDC7D,38.828,-77.001
4232,3D46334,Single_Gunshot,2014-07-05,00:06:45,WashingtonDC3D,38.937,-77.031
4233,5D43790,Multiple_Gunshots,2014-07-05,00:06:46,WashingtonDC5D,38.91,-76.988
4234,6D112911,Single_Gunshot,2014-07-05,00:06:47,WashingtonDC6D,38.906,-76.937
4235,3D46335,Gunshot_or_Firecracker,2014-07-05,00:06:48,WashingtonDC3D,38.937,-77.031
4236,7D148824,Single_Gunshot,2014-07-05,00:06:49,WashingtonDC7D,38.846,-76.997
4237,4D38749,Multiple_Gunshots,2014-07-05,00:06:49,WashingtonDC4D,38.938,-77.031
4238,3D46336,Single_Gunshot,2014-07-05,00:06:49,WashingtonDC3D,38.936,-77.032
4239,7D148825,Single_Gunshot,2014-07-05,00:06:51,WashingtonDC7D,38.848,-76.997
4240,5D43791,Gunshot_or_Firecracker,2014-07-05,00:06:53,WashingtonDC5D,38.907,-76.981
4241,7D148826,Multiple_Gunshots,2014-07-05,00:06:55,WashingtonDC7D,38.843,-76.986
4242,6D112913,Gunshot_or_Firecracker,2014-07-05,00:06:55,WashingtonDC6D,38.887,-76.941
4243,4D38750,Single_Gunshot,2014-07-05,00:06:56,WashingtonDC4D,38.942,-77.024
4244,5D43792,Single_Gunshot,2014-07-05,00:07:00,WashingtonDC5D,38.926,-76.979
4245,3D46338,Single_Gunshot,2014-07-05,00:07:02,WashingtonDC3D,38.935,-77.032
4246,7D148827,Multiple_Gunshots,2014-07-05,00:07:05,WashingtonDC7D,38.843,-76.986
4247,6D112914,Multiple_Gunshots,2014-07-05,00:07:05,WashingtonDC6D,38.887,-76.954
4248,5D43793,Single_Gunshot,2014-07-05,00:07:05,WashingtonDC5D,38.906,-76.998
4249,4D38752,Single_Gunshot,2014-07-05,00:07:05,WashingtonDC4D,38.936,-77.034
4250,7D148828,Single_Gunshot,2014-07-05,00:07:12,WashingtonDC7D,38.843,-76.986
4251,7D148829,Multiple_Gunshots,2014-07-05,00:07:14,WashingtonDC7D,38.842,-76.986
4252,3D46340,Single_Gunshot,2014-07-05,00:07:14,WashingtonDC3D,38.937,-77.031
4253,7D148830,Single_Gunshot,2014-07-05,00:07:16,WashingtonDC7D,38.842,-76.996
4254,5D43794,Single_Gunshot,2014-07-05,00:07:16,WashingtonDC5D,38.904,-76.99
4255,1D60517,Single_Gunshot,2014-07-05,00:07:16,WashingtonDC1D,38.891,-76.981
4256,7D148831,Single_Gunshot,2014-07-05,00:07:17,WashingtonDC7D,38.842,-76.996
4257,3D46341,Multiple_Gunshots,2014-07-05,00:07:21,WashingtonDC3D,38.938,-77.032
4258,4D38755,Multiple_Gunshots,2014-07-05,00:07:24,WashingtonDC4D,38.941,-77.023
4259,7D148834,Single_Gunshot,2014-07-05,00:07:26,WashingtonDC7D,38.849,-76.988
4260,6D112917,Multiple_Gunshots,2014-07-05,00:07:27,WashingtonDC6D,38.891,-76.953
4261,5D43795,Multiple_Gunshots,2014-07-05,00:07:32,WashingtonDC5D,38.907,-76.984
4262,7D148835,Single_Gunshot,2014-07-05,00:07:33,WashingtonDC7D,38.835,-77.001
4263,4D38757,Single_Gunshot,2014-07-05,00:07:36,WashingtonDC4D,38.95,-77.014
4264,3D46343,Gunshot_or_Firecracker,2014-07-05,00:07:38,WashingtonDC3D,38.927,-77.032
4265,6D112918,Multiple_Gunshots,2014-07-05,00:07:39,WashingtonDC6D,38.892,-76.953
4266,4D38758,Single_Gunshot,2014-07-05,00:07:43,WashingtonDC4D,38.928,-77.031
4267,3D46344,Gunshot_or_Firecracker,2014-07-05,00:07:46,WashingtonDC3D,38.927,-77.032
4268,3D46345,Gunshot_or_Firecracker,2014-07-05,00:07:47,WashingtonDC3D,38.927,-77.032
4269,1D60520,Single_Gunshot,2014-07-05,00:07:48,WashingtonDC1D,38.875,-77.013
4270,7D148837,Multiple_Gunshots,2014-07-05,00:07:49,WashingtonDC7D,38.839,-76.993
4271,3D46346,Single_Gunshot,2014-07-05,00:07:49,WashingtonDC3D,38.927,-77.032
4272,5D43796,Single_Gunshot,2014-07-05,00:07:51,WashingtonDC5D,38.92,-76.98
4273,3D46347,Single_Gunshot,2014-07-05,00:07:54,WashingtonDC3D,38.927,-77.032
4274,3D46348,Single_Gunshot,2014-07-05,00:07:55,WashingtonDC3D,38.927,-77.032
4275,5D43797,Gunshot_or_Firecracker,2014-07-05,00:07:56,WashingtonDC5D,38.903,-77.011
4276,1D60521,Single_Gunshot,2014-07-05,00:07:57,WashingtonDC1D,38.902,-76.975
4277,4D38759,Single_Gunshot,2014-07-05,00:07:59,WashingtonDC4D,38.944,-77.028
4278,5D43798,Multiple_Gunshots,2014-07-05,00:08:00,WashingtonDC5D,38.903,-77.011
4279,7D148839,Single_Gunshot,2014-07-05,00:08:02,WashingtonDC7D,38.844,-76.986
4280,6D112921,Multiple_Gunshots,2014-07-05,00:08:05,WashingtonDC6D,38.887,-76.928
4281,4D38760,Multiple_Gunshots,2014-07-05,00:08:06,WashingtonDC4D,38.935,-77.027
4282,7D148840,Single_Gunshot,2014-07-05,00:08:07,WashingtonDC7D,38.844,-76.985
4283,7D148842,Single_Gunshot,2014-07-05,00:08:13,WashingtonDC7D,38.844,-76.986
4284,5D43800,Gunshot_or_Firecracker,2014-07-05,00:08:15,WashingtonDC5D,38.914,-76.99
4285,4D38761,Multiple_Gunshots,2014-07-05,00:08:16,WashingtonDC4D,38.966,-77.024
4286,6D112922,Multiple_Gunshots,2014-07-05,00:08:25,WashingtonDC6D,38.888,-76.931
4287,4D38764,Single_Gunshot,2014-07-05,00:08:31,WashingtonDC4D,38.95,-77.014
4288,3D46350,Single_Gunshot,2014-07-05,00:08:32,WashingtonDC3D,38.934,-77.034
4289,4D38765,Single_Gunshot,2014-07-05,00:08:34,WashingtonDC4D,38.934,-77.034
4290,4D38766,Multiple_Gunshots,2014-07-05,00:08:36,WashingtonDC4D,38.95,-77.014
4291,5D43805,Multiple_Gunshots,2014-07-05,00:08:39,WashingtonDC5D,38.914,-76.985
4292,3D46351,Multiple_Gunshots,2014-07-05,00:08:43,WashingtonDC3D,38.931,-77.028
4293,5D43806,Gunshot_or_Firecracker,2014-07-05,00:08:44,WashingtonDC5D,38.914,-76.985
4294,4D38767,Single_Gunshot,2014-07-05,00:08:44,WashingtonDC4D,38.952,-77.016
4295,7D148845,Single_Gunshot,2014-07-05,00:08:46,WashingtonDC7D,38.85,-76.981
4296,5D43807,Single_Gunshot,2014-07-05,00:08:46,WashingtonDC5D,38.914,-76.99
4297,3D46352,Gunshot_or_Firecracker,2014-07-05,00:08:46,WashingtonDC3D,38.931,-77.028
4298,4D38768,Multiple_Gunshots,2014-07-05,00:08:47,WashingtonDC4D,38.95,-77.014
4299,5D43808,Multiple_Gunshots,2014-07-05,00:08:48,WashingtonDC5D,38.914,-76.985
4300,7D148846,Single_Gunshot,2014-07-05,00:08:49,WashingtonDC7D,38.839,-76.995
4301,3D46353,Gunshot_or_Firecracker,2014-07-05,00:08:49,WashingtonDC3D,38.931,-77.028
4302,7D148847,Single_Gunshot,2014-07-05,00:08:50,WashingtonDC7D,38.832,-77.005
4303,5D43809,Single_Gunshot,2014-07-05,00:08:52,WashingtonDC5D,38.914,-76.985
4304,7D148848,Single_Gunshot,2014-07-05,00:08:53,WashingtonDC7D,38.842,-76.998
4305,5D43810,Gunshot_or_Firecracker,2014-07-05,00:08:53,WashingtonDC5D,38.914,-76.985
4306,4D38769,Single_Gunshot,2014-07-05,00:08:53,WashingtonDC4D,38.959,-77.031
4307,1D60523,Single_Gunshot,2014-07-05,00:08:53,WashingtonDC1D,38.875,-77.013
4308,3D46354,Single_Gunshot,2014-07-05,00:08:56,WashingtonDC3D,38.93,-77.025
4309,7D148850,Single_Gunshot,2014-07-05,00:08:58,WashingtonDC7D,38.832,-77.005
4310,4D38770,Single_Gunshot,2014-07-05,00:08:59,WashingtonDC4D,38.95,-77.014
4311,7D148851,Multiple_Gunshots,2014-07-05,00:09:01,WashingtonDC7D,38.85,-76.981
4312,6D112925,Multiple_Gunshots,2014-07-05,00:09:01,WashingtonDC6D,38.895,-76.941
4313,5D43811,Gunshot_or_Firecracker,2014-07-05,00:09:02,WashingtonDC5D,38.923,-76.986
4314,7D148852,Single_Gunshot,2014-07-05,00:09:07,WashingtonDC7D,38.84,-76.987
4315,5D43812,Multiple_Gunshots,2014-07-05,00:09:07,WashingtonDC5D,38.923,-76.986
4316,6D112926,Multiple_Gunshots,2014-07-05,00:09:08,WashingtonDC6D,38.895,-76.941
4317,3D46356,Multiple_Gunshots,2014-07-05,00:09:10,WashingtonDC3D,38.921,-77.023
4318,7D148853,Single_Gunshot,2014-07-05,00:09:12,WashingtonDC7D,38.832,-77.005
4319,4D38771,Multiple_Gunshots,2014-07-05,00:09:12,WashingtonDC4D,38.948,-77.025
4320,6D112927,Multiple_Gunshots,2014-07-05,00:09:16,WashingtonDC6D,38.894,-76.942
4321,5D43813,Single_Gunshot,2014-07-05,00:09:20,WashingtonDC5D,38.923,-76.986
4322,3D46357,Single_Gunshot,2014-07-05,00:09:24,WashingtonDC3D,38.921,-77.023
4323,4D38772,Single_Gunshot,2014-07-05,00:09:27,WashingtonDC4D,38.961,-77.021
4324,3D46358,Gunshot_or_Firecracker,2014-07-05,00:09:28,WashingtonDC3D,38.921,-77.023
4325,6D112929,Multiple_Gunshots,2014-07-05,00:09:29,WashingtonDC6D,38.89,-76.938
4326,3D46359,Multiple_Gunshots,2014-07-05,00:09:30,WashingtonDC3D,38.921,-77.023
4327,4D38773,Single_Gunshot,2014-07-05,00:09:34,WashingtonDC4D,38.958,-77.018
4328,4D38774,Single_Gunshot,2014-07-05,00:09:36,WashingtonDC4D,38.95,-77.013
4329,3D46360,Gunshot_or_Firecracker,2014-07-05,00:09:50,WashingtonDC3D,38.922,-77.029
4330,6D112931,Multiple_Gunshots,2014-07-05,00:09:52,WashingtonDC6D,38.902,-76.935
4331,7D148860,Single_Gunshot,2014-07-05,00:09:54,WashingtonDC7D,38.832,-77.005
4332,4D38776,Single_Gunshot,2014-07-05,00:09:55,WashingtonDC4D,38.937,-77.024
4333,3D46361,Gunshot_or_Firecracker,2014-07-05,00:09:56,WashingtonDC3D,38.937,-77.024
4334,3D46362,Single_Gunshot,2014-07-05,00:09:58,WashingtonDC3D,38.925,-77.023
4335,4D38777,Multiple_Gunshots,2014-07-05,00:10:00,WashingtonDC4D,38.937,-77.024
4336,3D46363,Gunshot_or_Firecracker,2014-07-05,00:10:02,WashingtonDC3D,38.921,-77.023
4337,5D43815,Single_Gunshot,2014-07-05,00:10:03,WashingtonDC5D,38.923,-76.986
4338,7D148862,Multiple_Gunshots,2014-07-05,00:10:04,WashingtonDC7D,38.839,-76.994
4339,3D46364,Single_Gunshot,2014-07-05,00:10:05,WashingtonDC3D,38.921,-77.023
4340,4D38778,Single_Gunshot,2014-07-05,00:10:09,WashingtonDC4D,38.948,-77.025
4341,4D38779,Single_Gunshot,2014-07-05,00:10:10,WashingtonDC4D,38.96,-77.011
4342,3D46365,Single_Gunshot,2014-07-05,00:10:10,WashingtonDC3D,38.921,-77.023
4343,4D38780,Single_Gunshot,2014-07-05,00:10:12,WashingtonDC4D,38.959,-77.018
4344,4D38781,Single_Gunshot,2014-07-05,00:10:13,WashingtonDC4D,38.945,-77.024
4345,3D46366,Multiple_Gunshots,2014-07-05,00:10:13,WashingtonDC3D,38.921,-77.023
4346,6D112935,Single_Gunshot,2014-07-05,00:10:14,WashingtonDC6D,38.895,-76.925
4347,7D148864,Multiple_Gunshots,2014-07-05,00:10:17,WashingtonDC7D,38.829,-77.003
4348,3D46367,Single_Gunshot,2014-07-05,00:10:17,WashingtonDC3D,38.935,-77.028
4349,7D148865,Multiple_Gunshots,2014-07-05,00:10:20,WashingtonDC7D,38.838,-76.997
4350,4D38783,Single_Gunshot,2014-07-05,00:10:23,WashingtonDC4D,38.958,-77.018
4351,3D46368,Multiple_Gunshots,2014-07-05,00:10:23,WashingtonDC3D,38.926,-77.025
4352,5D43816,Single_Gunshot,2014-07-05,00:10:27,WashingtonDC5D,38.907,-76.997
4353,7D148866,Multiple_Gunshots,2014-07-05,00:10:28,WashingtonDC7D,38.839,-76.995
4354,6D112937,Single_Gunshot,2014-07-05,00:10:30,WashingtonDC6D,38.908,-76.937
4355,6D112938,Multiple_Gunshots,2014-07-05,00:10:34,WashingtonDC6D,38.893,-76.936
4356,3D46370,Multiple_Gunshots,2014-07-05,00:10:34,WashingtonDC3D,38.937,-77.023
4357,7D148867,Gunshot_or_Firecracker,2014-07-05,00:10:35,WashingtonDC7D,38.839,-76.996
4358,4D38784,Multiple_Gunshots,2014-07-05,00:10:35,WashingtonDC4D,38.937,-77.024
4359,3D46371,Single_Gunshot,2014-07-05,00:10:37,WashingtonDC3D,38.932,-77.031
4360,6D112939,Single_Gunshot,2014-07-05,00:10:41,WashingtonDC6D,38.905,-76.935
4361,3D46372,Gunshot_or_Firecracker,2014-07-05,00:10:41,WashingtonDC3D,38.937,-77.024
4362,6D112940,Multiple_Gunshots,2014-07-05,00:10:45,WashingtonDC6D,38.896,-76.931
4363,3D46373,Multiple_Gunshots,2014-07-05,00:10:45,WashingtonDC3D,38.937,-77.023
4364,5D43817,Multiple_Gunshots,2014-07-05,00:10:46,WashingtonDC5D,38.91,-76.988
4365,7D148869,Multiple_Gunshots,2014-07-05,00:10:49,WashingtonDC7D,38.843,-76.986
4366,4D38786,Multiple_Gunshots,2014-07-05,00:10:50,WashingtonDC4D,38.937,-77.024
4367,4D38787,Single_Gunshot,2014-07-05,00:10:51,WashingtonDC4D,38.944,-77.025
4368,7D148870,Multiple_Gunshots,2014-07-05,00:10:54,WashingtonDC7D,38.837,-76.994
4369,3D46374,Single_Gunshot,2014-07-05,00:10:55,WashingtonDC3D,38.921,-77.023
4370,3D46375,Single_Gunshot,2014-07-05,00:10:57,WashingtonDC3D,38.931,-77.028
4371,4D38789,Single_Gunshot,2014-07-05,00:10:58,WashingtonDC4D,38.932,-77.027
4372,7D148871,Gunshot_or_Firecracker,2014-07-05,00:10:59,WashingtonDC7D,38.838,-76.994
4373,5D43818,Multiple_Gunshots,2014-07-05,00:11:03,WashingtonDC5D,38.901,-76.976
4374,7D148872,Single_Gunshot,2014-07-05,00:11:04,WashingtonDC7D,38.832,-77.005
4375,3D46376,Single_Gunshot,2014-07-05,00:11:04,WashingtonDC3D,38.921,-77.023
4376,7D148873,Single_Gunshot,2014-07-05,00:11:05,WashingtonDC7D,38.834,-76.998
4377,3D46377,Gunshot_or_Firecracker,2014-07-05,00:11:07,WashingtonDC3D,38.921,-77.023
4378,7D148874,Multiple_Gunshots,2014-07-05,00:11:09,WashingtonDC7D,38.831,-77.005
4379,3D46378,Single_Gunshot,2014-07-05,00:11:12,WashingtonDC3D,38.921,-77.023
4380,1D60531,Multiple_Gunshots,2014-07-05,00:11:12,WashingtonDC1D,38.901,-76.976
4381,7D148875,Single_Gunshot,2014-07-05,00:11:13,WashingtonDC7D,38.832,-77.005
4382,6D112943,Single_Gunshot,2014-07-05,00:11:13,WashingtonDC6D,38.895,-76.925
4383,7D148877,Single_Gunshot,2014-07-05,00:11:16,WashingtonDC7D,38.837,-76.998
4384,7D148876,Single_Gunshot,2014-07-05,00:11:16,WashingtonDC7D,38.833,-77.0
4385,4D38793,Single_Gunshot,2014-07-05,00:11:19,WashingtonDC4D,38.958,-77.019
4386,6D112944,Gunshot_or_Firecracker,2014-07-05,00:11:20,WashingtonDC6D,38.906,-76.937
4387,5D43820,Multiple_Gunshots,2014-07-05,00:11:20,WashingtonDC5D,38.901,-76.976
4388,7D148879,Multiple_Gunshots,2014-07-05,00:11:23,WashingtonDC7D,38.832,-77.005
4389,7D148880,Multiple_Gunshots,2014-07-05,00:11:24,WashingtonDC7D,38.837,-76.996
4390,6D112945,Single_Gunshot,2014-07-05,00:11:27,WashingtonDC6D,38.885,-76.941
4391,7D148881,Single_Gunshot,2014-07-05,00:11:29,WashingtonDC7D,38.834,-77.001
4392,4D38794,Single_Gunshot,2014-07-05,00:11:32,WashingtonDC4D,38.949,-77.029
4393,3D46381,Single_Gunshot,2014-07-05,00:11:33,WashingtonDC3D,38.931,-77.028
4394,6D112946,Single_Gunshot,2014-07-05,00:11:35,WashingtonDC6D,38.887,-76.937
4395,7D148882,Single_Gunshot,2014-07-05,00:11:37,WashingtonDC7D,38.838,-76.988
4396,5D43821,Single_Gunshot,2014-07-05,00:11:37,WashingtonDC5D,38.906,-76.998
4397,3D46382,Single_Gunshot,2014-07-05,00:11:38,WashingtonDC3D,38.921,-77.033
4398,3D46383,Single_Gunshot,2014-07-05,00:11:39,WashingtonDC3D,38.921,-77.033
4399,4D38795,Single_Gunshot,2014-07-05,00:11:40,WashingtonDC4D,38.943,-77.024
4400,5D43822,Single_Gunshot,2014-07-05,00:11:42,WashingtonDC5D,38.924,-76.998
4401,3D46384,Gunshot_or_Firecracker,2014-07-05,00:11:47,WashingtonDC3D,38.919,-77.022
4402,3D46386,Single_Gunshot,2014-07-05,00:11:50,WashingtonDC3D,38.921,-77.023
4403,1D60532,Single_Gunshot,2014-07-05,00:11:50,WashingtonDC1D,38.877,-77.014
4404,7D148885,Single_Gunshot,2014-07-05,00:11:51,WashingtonDC7D,38.842,-76.998
4405,4D38797,Single_Gunshot,2014-07-05,00:11:52,WashingtonDC4D,38.964,-77.02
4406,3D46387,Single_Gunshot,2014-07-05,00:11:56,WashingtonDC3D,38.929,-77.038
4407,5D43823,Multiple_Gunshots,2014-07-05,00:11:58,WashingtonDC5D,38.91,-76.988
4408,3D46388,Multiple_Gunshots,2014-07-05,00:11:58,WashingtonDC3D,38.921,-77.023
4409,6D112951,Single_Gunshot,2014-07-05,00:12:00,WashingtonDC6D,38.887,-76.938
4410,1D60534,Single_Gunshot,2014-07-05,00:12:01,WashingtonDC1D,38.875,-77.013
4411,6D112952,Single_Gunshot,2014-07-05,00:12:02,WashingtonDC6D,38.899,-76.926
4412,6D112953,Multiple_Gunshots,2014-07-05,00:12:08,WashingtonDC6D,38.89,-76.939
4413,5D43824,Single_Gunshot,2014-07-05,00:12:08,WashingtonDC5D,38.914,-76.988
4414,3D46389,Gunshot_or_Firecracker,2014-07-05,00:12:08,WashingtonDC3D,38.921,-77.023
4415,1D60535,Single_Gunshot,2014-07-05,00:12:08,WashingtonDC1D,38.892,-76.981
4416,7D148888,Single_Gunshot,2014-07-05,00:12:11,WashingtonDC7D,38.835,-77.001
4417,4D38799,Single_Gunshot,2014-07-05,00:12:12,WashingtonDC4D,38.951,-77.025
4418,3D46390,Single_Gunshot,2014-07-05,00:12:12,WashingtonDC3D,38.92,-77.033
4419,6D112954,Multiple_Gunshots,2014-07-05,00:12:16,WashingtonDC6D,38.878,-76.979
4420,5D43826,Multiple_Gunshots,2014-07-05,00:12:16,WashingtonDC5D,38.904,-76.974
4421,6D112955,Single_Gunshot,2014-07-05,00:12:17,WashingtonDC6D,38.893,-76.925
4422,1D60537,Multiple_Gunshots,2014-07-05,00:12:20,WashingtonDC1D,38.901,-76.976
4423,7D148889,Single_Gunshot,2014-07-05,00:12:21,WashingtonDC7D,38.842,-76.996
4424,4D38800,Single_Gunshot,2014-07-05,00:12:21,WashingtonDC4D,38.951,-77.025
4425,3D46391,Single_Gunshot,2014-07-05,00:12:22,WashingtonDC3D,38.927,-77.022
4426,4D38801,Single_Gunshot,2014-07-05,00:12:26,WashingtonDC4D,38.951,-77.025
4427,4D38802,Single_Gunshot,2014-07-05,00:12:27,WashingtonDC4D,38.948,-77.025
4428,5D43829,Gunshot_or_Firecracker,2014-07-05,00:12:28,WashingtonDC5D,38.914,-76.985
4429,4D38803,Single_Gunshot,2014-07-05,00:12:30,WashingtonDC4D,38.951,-77.025
4430,6D112958,Gunshot_or_Firecracker,2014-07-05,00:12:32,WashingtonDC6D,38.893,-76.926
4431,5D43830,Single_Gunshot,2014-07-05,00:12:32,WashingtonDC5D,38.914,-76.985
4432,6D112959,Single_Gunshot,2014-07-05,00:12:33,WashingtonDC6D,38.89,-76.951
4433,3D46392,Single_Gunshot,2014-07-05,00:12:33,WashingtonDC3D,38.947,-77.026
4434,4D38805,Single_Gunshot,2014-07-05,00:12:35,WashingtonDC4D,38.948,-77.026
4435,4D38804,Single_Gunshot,2014-07-05,00:12:35,WashingtonDC4D,38.951,-77.025
4436,4D38806,Single_Gunshot,2014-07-05,00:12:38,WashingtonDC4D,38.951,-77.025
4437,4D38807,Single_Gunshot,2014-07-05,00:12:43,WashingtonDC4D,38.951,-77.025
4438,7D148891,Single_Gunshot,2014-07-05,00:12:44,WashingtonDC7D,38.833,-77.001
4439,4D38808,Single_Gunshot,2014-07-05,00:12:45,WashingtonDC4D,38.951,-77.025
4440,3D46394,Single_Gunshot,2014-07-05,00:12:45,WashingtonDC3D,38.931,-77.028
4441,5D43833,Multiple_Gunshots,2014-07-05,00:12:48,WashingtonDC5D,38.914,-76.985
4442,6D112962,Multiple_Gunshots,2014-07-05,00:12:49,WashingtonDC6D,38.894,-76.938
4443,1D60539,Single_Gunshot,2014-07-05,00:12:49,WashingtonDC1D,38.895,-76.984
4444,3D46395,Single_Gunshot,2014-07-05,00:12:51,WashingtonDC3D,38.931,-77.028
4445,4D38809,Single_Gunshot,2014-07-05,00:12:52,WashingtonDC4D,38.931,-77.028
4446,3D46396,Single_Gunshot,2014-07-05,00:12:52,WashingtonDC3D,38.931,-77.028
4447,7D148894,Multiple_Gunshots,2014-07-05,00:12:53,WashingtonDC7D,38.84,-76.992
4448,3D46397,Multiple_Gunshots,2014-07-05,00:12:59,WashingtonDC3D,38.937,-77.024
4449,7D148897,Multiple_Gunshots,2014-07-05,00:13:01,WashingtonDC7D,38.835,-76.996
4450,5D43834,Multiple_Gunshots,2014-07-05,00:13:01,WashingtonDC5D,38.914,-76.972
4451,4D38811,Multiple_Gunshots,2014-07-05,00:13:02,WashingtonDC4D,38.937,-77.024
4452,4D38812,Single_Gunshot,2014-07-05,00:13:03,WashingtonDC4D,38.95,-77.014
4453,3D46398,Multiple_Gunshots,2014-07-05,00:13:03,WashingtonDC3D,38.937,-77.024
4454,4D38813,Multiple_Gunshots,2014-07-05,00:13:05,WashingtonDC4D,38.945,-77.025
4455,1D60541,Single_Gunshot,2014-07-05,00:13:06,WashingtonDC1D,38.878,-77.014
4456,3D46399,Multiple_Gunshots,2014-07-05,00:13:07,WashingtonDC3D,38.937,-77.024
4457,7D148898,Multiple_Gunshots,2014-07-05,00:13:08,WashingtonDC7D,38.849,-76.984
4458,6D112965,Single_Gunshot,2014-07-05,00:13:08,WashingtonDC6D,38.887,-76.935
4459,3D46400,Multiple_Gunshots,2014-07-05,00:13:11,WashingtonDC3D,38.937,-77.024
4460,7D148899,Single_Gunshot,2014-07-05,00:13:12,WashingtonDC7D,38.835,-77.001
4461,5D43835,Single_Gunshot,2014-07-05,00:13:12,WashingtonDC5D,38.924,-76.997
4462,3D46401,Multiple_Gunshots,2014-07-05,00:13:13,WashingtonDC3D,38.937,-77.024
4463,6D112967,Single_Gunshot,2014-07-05,00:13:14,WashingtonDC6D,38.895,-76.925
4464,7D148901,Single_Gunshot,2014-07-05,00:13:18,WashingtonDC7D,38.837,-76.992
4465,1D60542,Single_Gunshot,2014-07-05,00:13:21,WashingtonDC1D,38.875,-77.013
4466,5D43836,Multiple_Gunshots,2014-07-05,00:13:23,WashingtonDC5D,38.91,-76.988
4467,7D148902,Single_Gunshot,2014-07-05,00:13:26,WashingtonDC7D,38.835,-77.001
4468,3D46403,Single_Gunshot,2014-07-05,00:13:27,WashingtonDC3D,38.921,-77.032
4469,4D38814,Single_Gunshot,2014-07-05,00:13:28,WashingtonDC4D,38.945,-77.024
4470,7D148903,Single_Gunshot,2014-07-05,00:13:32,WashingtonDC7D,38.861,-76.998
4471,3D46404,Single_Gunshot,2014-07-05,00:13:35,WashingtonDC3D,38.931,-77.028
4472,6D112970,Multiple_Gunshots,2014-07-05,00:13:37,WashingtonDC6D,38.89,-76.951
4473,7D148906,Single_Gunshot,2014-07-05,00:13:41,WashingtonDC7D,38.832,-76.99
4474,1D60544,Single_Gunshot,2014-07-05,00:13:41,WashingtonDC1D,38.899,-76.982
4475,4D38815,Single_Gunshot,2014-07-05,00:13:44,WashingtonDC4D,38.961,-77.007
4476,6D112971,Single_Gunshot,2014-07-05,00:13:45,WashingtonDC6D,38.884,-76.929
4477,6D112972,Multiple_Gunshots,2014-07-05,00:13:46,WashingtonDC6D,38.89,-76.951
4478,4D38816,Multiple_Gunshots,2014-07-05,00:13:50,WashingtonDC4D,38.96,-77.008
4479,3D46405,Single_Gunshot,2014-07-05,00:13:52,WashingtonDC3D,38.927,-77.021
4480,4D38817,Multiple_Gunshots,2014-07-05,00:13:54,WashingtonDC4D,38.961,-77.007
4481,7D148908,Single_Gunshot,2014-07-05,00:13:55,WashingtonDC7D,38.842,-76.998
4482,4D38818,Single_Gunshot,2014-07-05,00:13:58,WashingtonDC4D,38.959,-77.013
4483,6D112975,Multiple_Gunshots,2014-07-05,00:14:01,WashingtonDC6D,38.889,-76.951
4484,7D148909,Single_Gunshot,2014-07-05,00:14:02,WashingtonDC7D,38.832,-77.005
4485,7D148910,Single_Gunshot,2014-07-05,00:14:05,WashingtonDC7D,38.833,-77.001
4486,6D112976,Multiple_Gunshots,2014-07-05,00:14:08,WashingtonDC6D,38.89,-76.951
4487,4D38820,Single_Gunshot,2014-07-05,00:14:08,WashingtonDC4D,38.956,-77.023
4488,7D148911,Multiple_Gunshots,2014-07-05,00:14:14,WashingtonDC7D,38.841,-77.0
4489,1D60549,Multiple_Gunshots,2014-07-05,00:14:14,WashingtonDC1D,38.901,-76.976
4490,6D112977,Multiple_Gunshots,2014-07-05,00:14:15,WashingtonDC6D,38.878,-76.979
4491,5D43840,Single_Gunshot,2014-07-05,00:14:15,WashingtonDC5D,38.901,-76.975
4492,7D148912,Multiple_Gunshots,2014-07-05,00:14:16,WashingtonDC7D,38.839,-76.992
4493,1D60550,Multiple_Gunshots,2014-07-05,00:14:17,WashingtonDC1D,38.901,-76.976
4494,5D43841,Multiple_Gunshots,2014-07-05,00:14:18,WashingtonDC5D,38.901,-76.976
4495,6D112982,Multiple_Gunshots,2014-07-05,00:14:24,WashingtonDC6D,38.89,-76.951
4496,7D148913,Multiple_Gunshots,2014-07-05,00:14:25,WashingtonDC7D,38.849,-76.983
4497,5D43842,Multiple_Gunshots,2014-07-05,00:14:28,WashingtonDC5D,38.901,-76.976
4498,4D38821,Multiple_Gunshots,2014-07-05,00:14:28,WashingtonDC4D,38.943,-77.024
4499,1D60551,Multiple_Gunshots,2014-07-05,00:14:28,WashingtonDC1D,38.901,-76.976
4500,3D46410,Multiple_Gunshots,2014-07-05,00:14:30,WashingtonDC3D,38.942,-77.025
4501,4D38822,Single_Gunshot,2014-07-05,00:14:31,WashingtonDC4D,38.949,-77.027
4502,4D38824,Single_Gunshot,2014-07-05,00:14:35,WashingtonDC4D,38.953,-77.019
4503,1D60552,Multiple_Gunshots,2014-07-05,00:14:35,WashingtonDC1D,38.901,-76.976
4504,6D112986,Multiple_Gunshots,2014-07-05,00:14:37,WashingtonDC6D,38.896,-76.934
4505,7D148915,Single_Gunshot,2014-07-05,00:14:42,WashingtonDC7D,38.84,-76.998
4506,7D148916,Single_Gunshot,2014-07-05,00:14:46,WashingtonDC7D,38.834,-76.994
4507,4D38825,Single_Gunshot,2014-07-05,00:14:46,WashingtonDC4D,38.948,-77.025
4508,1D60555,Multiple_Gunshots,2014-07-05,00:14:47,WashingtonDC1D,38.874,-77.011
4509,7D148917,Single_Gunshot,2014-07-05,00:14:50,WashingtonDC7D,38.834,-77.001
4510,5D43843,Single_Gunshot,2014-07-05,00:14:51,WashingtonDC5D,38.926,-76.979
4511,3D46413,Multiple_Gunshots,2014-07-05,00:14:52,WashingtonDC3D,38.944,-77.032
4512,7D148918,Multiple_Gunshots,2014-07-05,00:14:54,WashingtonDC7D,38.838,-77.004
4513,4D38826,Multiple_Gunshots,2014-07-05,00:14:56,WashingtonDC4D,38.944,-77.032
4514,1D60556,Single_Gunshot,2014-07-05,00:14:56,WashingtonDC1D,38.874,-77.011
4515,7D148919,Single_Gunshot,2014-07-05,00:14:58,WashingtonDC7D,38.833,-77.003
4516,3D46414,Multiple_Gunshots,2014-07-05,00:14:59,WashingtonDC3D,38.942,-77.032
4517,7D148920,Multiple_Gunshots,2014-07-05,00:15:04,WashingtonDC7D,38.847,-77.002
4518,6D112989,Multiple_Gunshots,2014-07-05,00:15:06,WashingtonDC6D,38.909,-76.942
4519,4D38827,Multiple_Gunshots,2014-07-05,00:15:07,WashingtonDC4D,38.944,-77.032
4520,6D112990,Multiple_Gunshots,2014-07-05,00:15:12,WashingtonDC6D,38.909,-76.942
4521,3D46415,Multiple_Gunshots,2014-07-05,00:15:13,WashingtonDC3D,38.944,-77.032
4522,4D38829,Multiple_Gunshots,2014-07-05,00:15:14,WashingtonDC4D,38.944,-77.032
4523,1D60561,Multiple_Gunshots,2014-07-05,00:15:14,WashingtonDC1D,38.874,-77.011
4524,5D43844,Multiple_Gunshots,2014-07-05,00:15:15,WashingtonDC5D,38.899,-76.969
4525,6D112992,Multiple_Gunshots,2014-07-05,00:15:19,WashingtonDC6D,38.877,-76.962
4526,3D46416,Gunshot_or_Firecracker,2014-07-05,00:15:21,WashingtonDC3D,38.931,-77.026
4527,7D148925,Single_Gunshot,2014-07-05,00:15:26,WashingtonDC7D,38.835,-77.001
4528,6D112993,Gunshot_or_Firecracker,2014-07-05,00:15:29,WashingtonDC6D,38.888,-76.931
4529,3D46417,Multiple_Gunshots,2014-07-05,00:15:31,WashingtonDC3D,38.926,-77.033
4530,6D112994,Multiple_Gunshots,2014-07-05,00:15:34,WashingtonDC6D,38.877,-76.962
4531,5D43845,Single_Gunshot,2014-07-05,00:15:35,WashingtonDC5D,38.924,-76.997
4532,7D148928,Single_Gunshot,2014-07-05,00:15:40,WashingtonDC7D,38.834,-77.001
4533,7D148929,Multiple_Gunshots,2014-07-05,00:15:43,WashingtonDC7D,38.819,-77.011
4534,7D148930,Multiple_Gunshots,2014-07-05,00:15:45,WashingtonDC7D,38.823,-77.007
4535,3D46418,Single_Gunshot,2014-07-05,00:15:46,WashingtonDC3D,38.914,-77.028
4536,7D148931,Multiple_Gunshots,2014-07-05,00:15:50,WashingtonDC7D,38.827,-77.006
4537,1D60562,Single_Gunshot,2014-07-05,00:15:51,WashingtonDC1D,38.896,-76.981
4538,3D46419,Multiple_Gunshots,2014-07-05,00:15:53,WashingtonDC3D,38.921,-77.033
4539,7D148932,Single_Gunshot,2014-07-05,00:15:56,WashingtonDC7D,38.835,-77.001
4540,3D46420,Gunshot_or_Firecracker,2014-07-05,00:15:58,WashingtonDC3D,38.921,-77.032
4541,6D112997,Multiple_Gunshots,2014-07-05,00:16:01,WashingtonDC6D,38.886,-76.953
4542,3D46421,Gunshot_or_Firecracker,2014-07-05,00:16:01,WashingtonDC3D,38.921,-77.033
4543,7D148933,Single_Gunshot,2014-07-05,00:16:03,WashingtonDC7D,38.834,-76.994
4544,3D46422,Multiple_Gunshots,2014-07-05,00:16:05,WashingtonDC3D,38.92,-77.027
4545,4D38836,Multiple_Gunshots,2014-07-05,00:16:07,WashingtonDC4D,38.96,-77.009
4546,6D112998,Multiple_Gunshots,2014-07-05,00:16:08,WashingtonDC6D,38.89,-76.951
4547,3D46423,Single_Gunshot,2014-07-05,00:16:13,WashingtonDC3D,38.925,-77.027
4548,4D38837,Multiple_Gunshots,2014-07-05,00:16:15,WashingtonDC4D,38.961,-77.008
4549,6D112999,Gunshot_or_Firecracker,2014-07-05,00:16:17,WashingtonDC6D,38.888,-76.925
4550,7D148934,Single_Gunshot,2014-07-05,00:16:21,WashingtonDC7D,38.832,-76.99
4551,6D113000,Multiple_Gunshots,2014-07-05,00:16:22,WashingtonDC6D,38.888,-76.925
4552,3D46428,Multiple_Gunshots,2014-07-05,00:16:25,WashingtonDC3D,38.921,-77.026
4553,4D38838,Single_Gunshot,2014-07-05,00:16:28,WashingtonDC4D,38.948,-77.025
4554,7D148935,Multiple_Gunshots,2014-07-05,00:16:29,WashingtonDC7D,38.824,-77.006
4555,6D113001,Single_Gunshot,2014-07-05,00:16:30,WashingtonDC6D,38.884,-76.939
4556,5D43847,Single_Gunshot,2014-07-05,00:16:30,WashingtonDC5D,38.914,-76.985
4557,3D46429,Multiple_Gunshots,2014-07-05,00:16:34,WashingtonDC3D,38.932,-77.028
4558,7D148936,Single_Gunshot,2014-07-05,00:16:35,WashingtonDC7D,38.83,-77.005
4559,4D38839,Multiple_Gunshots,2014-07-05,00:16:35,WashingtonDC4D,38.933,-77.028
4560,6D113003,Multiple_Gunshots,2014-07-05,00:16:39,WashingtonDC6D,38.887,-76.933
4561,5D43848,Single_Gunshot,2014-07-05,00:16:39,WashingtonDC5D,38.915,-76.982
4562,6D113004,Multiple_Gunshots,2014-07-05,00:16:42,WashingtonDC6D,38.887,-76.932
4563,3D46430,Single_Gunshot,2014-07-05,00:16:42,WashingtonDC3D,38.932,-77.027
4564,7D148938,Single_Gunshot,2014-07-05,00:16:43,WashingtonDC7D,38.835,-77.001
4565,6D113005,Multiple_Gunshots,2014-07-05,00:16:46,WashingtonDC6D,38.887,-76.933
4566,6D113006,Multiple_Gunshots,2014-07-05,00:16:47,WashingtonDC6D,38.887,-76.932
4567,5D43849,Multiple_Gunshots,2014-07-05,00:16:47,WashingtonDC5D,38.926,-76.979
4568,4D38840,Gunshot_or_Firecracker,2014-07-05,00:16:47,WashingtonDC4D,38.953,-77.019
4569,3D46432,Gunshot_or_Firecracker,2014-07-05,00:16:49,WashingtonDC3D,38.921,-77.033
4570,1D60563,Single_Gunshot,2014-07-05,00:16:52,WashingtonDC1D,38.907,-76.989
4571,6D113009,Multiple_Gunshots,2014-07-05,00:16:53,WashingtonDC6D,38.889,-76.928
4572,4D38842,Single_Gunshot,2014-07-05,00:16:53,WashingtonDC4D,38.959,-77.018
4573,7D148939,Multiple_Gunshots,2014-07-05,00:16:54,WashingtonDC7D,38.833,-77.004
4574,3D46433,Multiple_Gunshots,2014-07-05,00:16:54,WashingtonDC3D,38.921,-77.023
4575,5D43850,Single_Gunshot,2014-07-05,00:16:57,WashingtonDC5D,38.905,-76.989
4576,6D113010,Multiple_Gunshots,2014-07-05,00:16:58,WashingtonDC6D,38.887,-76.932
4577,5D43851,Single_Gunshot,2014-07-05,00:17:07,WashingtonDC5D,38.905,-76.989
4578,4D38846,Single_Gunshot,2014-07-05,00:17:07,WashingtonDC4D,38.955,-77.021
4579,4D38847,Single_Gunshot,2014-07-05,00:17:08,WashingtonDC4D,38.944,-77.032
4580,3D46435,Single_Gunshot,2014-07-05,00:17:08,WashingtonDC3D,38.942,-77.032
4581,4D38848,Single_Gunshot,2014-07-05,00:17:09,WashingtonDC4D,38.944,-77.032
4582,1D60565,Multiple_Gunshots,2014-07-05,00:17:14,WashingtonDC1D,38.901,-76.984
4583,6D113012,Multiple_Gunshots,2014-07-05,00:17:15,WashingtonDC6D,38.871,-76.978
4584,7D148941,Multiple_Gunshots,2014-07-05,00:17:16,WashingtonDC7D,38.854,-76.972
4585,3D46436,Multiple_Gunshots,2014-07-05,00:17:16,WashingtonDC3D,38.921,-77.033
4586,5D43852,Single_Gunshot,2014-07-05,00:17:17,WashingtonDC5D,38.926,-76.979
4587,1D60566,Multiple_Gunshots,2014-07-05,00:17:24,WashingtonDC1D,38.901,-76.984
4588,7D148942,Single_Gunshot,2014-07-05,00:17:25,WashingtonDC7D,38.835,-77.001
4589,3D46439,Multiple_Gunshots,2014-07-05,00:17:26,WashingtonDC3D,38.921,-77.032
4590,7D148943,Single_Gunshot,2014-07-05,00:17:27,WashingtonDC7D,38.832,-76.989
4591,6D113015,Single_Gunshot,2014-07-05,00:17:30,WashingtonDC6D,38.885,-76.961
4592,6D113016,Multiple_Gunshots,2014-07-05,00:17:35,WashingtonDC6D,38.882,-76.939
4593,7D148945,Gunshot_or_Firecracker,2014-07-05,00:17:36,WashingtonDC7D,38.835,-77.001
4594,3D46440,Multiple_Gunshots,2014-07-05,00:17:36,WashingtonDC3D,38.926,-77.025
4595,4D38852,Multiple_Gunshots,2014-07-05,00:17:37,WashingtonDC4D,38.948,-77.025
4596,1D60568,Multiple_Gunshots,2014-07-05,00:17:37,WashingtonDC1D,38.901,-76.985
4597,5D43853,Multiple_Gunshots,2014-07-05,00:17:40,WashingtonDC5D,38.908,-76.986
4598,3D46441,Multiple_Gunshots,2014-07-05,00:17:41,WashingtonDC3D,38.921,-77.023
4599,7D148946,Multiple_Gunshots,2014-07-05,00:17:42,WashingtonDC7D,38.854,-76.972
4600,1D60569,Multiple_Gunshots,2014-07-05,00:17:42,WashingtonDC1D,38.901,-76.984
4601,4D38853,Multiple_Gunshots,2014-07-05,00:17:43,WashingtonDC4D,38.944,-77.029
4602,3D46442,Multiple_Gunshots,2014-07-05,00:17:45,WashingtonDC3D,38.941,-77.032
4603,7D148948,Single_Gunshot,2014-07-05,00:17:47,WashingtonDC7D,38.834,-77.001
4604,4D38854,Single_Gunshot,2014-07-05,00:17:48,WashingtonDC4D,38.948,-77.025
4605,5D43854,Multiple_Gunshots,2014-07-05,00:17:50,WashingtonDC5D,38.907,-76.985
4606,4D38855,Multiple_Gunshots,2014-07-05,00:17:50,WashingtonDC4D,38.944,-77.028
4607,3D46443,Single_Gunshot,2014-07-05,00:17:51,WashingtonDC3D,38.93,-77.029
4608,3D46444,Multiple_Gunshots,2014-07-05,00:17:54,WashingtonDC3D,38.929,-77.029
4609,7D148950,Single_Gunshot,2014-07-05,00:17:58,WashingtonDC7D,38.832,-76.99
4610,1D60570,Single_Gunshot,2014-07-05,00:17:58,WashingtonDC1D,38.899,-76.982
4611,5D43855,Single_Gunshot,2014-07-05,00:18:01,WashingtonDC5D,38.924,-76.996
4612,4D38856,Multiple_Gunshots,2014-07-05,00:18:08,WashingtonDC4D,38.942,-77.032
4613,6D113021,Single_Gunshot,2014-07-05,00:18:11,WashingtonDC6D,38.888,-76.925
4614,7D148952,Single_Gunshot,2014-07-05,00:18:14,WashingtonDC7D,38.827,-76.995
4615,5D43856,Single_Gunshot,2014-07-05,00:18:18,WashingtonDC5D,38.922,-76.972
4616,7D148953,Single_Gunshot,2014-07-05,00:18:20,WashingtonDC7D,38.843,-76.986
4617,6D113022,Single_Gunshot,2014-07-05,00:18:20,WashingtonDC6D,38.899,-76.926
4618,5D43857,Multiple_Gunshots,2014-07-05,00:18:21,WashingtonDC5D,38.905,-76.989
4619,7D148954,Single_Gunshot,2014-07-05,00:18:22,WashingtonDC7D,38.833,-77.001
4620,5D43858,Multiple_Gunshots,2014-07-05,00:18:26,WashingtonDC5D,38.907,-76.984
4621,3D46446,Multiple_Gunshots,2014-07-05,00:18:26,WashingtonDC3D,38.941,-77.031
4622,4D38857,Multiple_Gunshots,2014-07-05,00:18:27,WashingtonDC4D,38.942,-77.032
4623,6D113023,Multiple_Gunshots,2014-07-05,00:18:30,WashingtonDC6D,38.876,-76.962
4624,7D148956,Multiple_Gunshots,2014-07-05,00:18:31,WashingtonDC7D,38.843,-76.986
4625,1D60572,Single_Gunshot,2014-07-05,00:18:32,WashingtonDC1D,38.899,-76.974
4626,3D46447,Single_Gunshot,2014-07-05,00:18:35,WashingtonDC3D,38.942,-77.032
4627,5D43862,Multiple_Gunshots,2014-07-05,00:18:44,WashingtonDC5D,38.911,-76.986
4628,1D60573,Multiple_Gunshots,2014-07-05,00:18:45,WashingtonDC1D,38.899,-76.993
4629,3D46449,Single_Gunshot,2014-07-05,00:18:46,WashingtonDC3D,38.932,-77.035
4630,6D113024,Single_Gunshot,2014-07-05,00:18:48,WashingtonDC6D,38.88,-76.93
4631,7D148957,Multiple_Gunshots,2014-07-05,00:18:50,WashingtonDC7D,38.843,-76.986
4632,6D113025,Multiple_Gunshots,2014-07-05,00:18:57,WashingtonDC6D,38.881,-76.938
4633,4D38859,Single_Gunshot,2014-07-05,00:19:02,WashingtonDC4D,38.957,-77.028
4634,6D113026,Single_Gunshot,2014-07-05,00:19:03,WashingtonDC6D,38.893,-76.951
4635,7D148958,Multiple_Gunshots,2014-07-05,00:19:07,WashingtonDC7D,38.822,-77.001
4636,6D113027,Multiple_Gunshots,2014-07-05,00:19:09,WashingtonDC6D,38.905,-76.937
4637,6D113028,Multiple_Gunshots,2014-07-05,00:19:15,WashingtonDC6D,38.906,-76.937
4638,3D46452,Multiple_Gunshots,2014-07-05,00:19:15,WashingtonDC3D,38.921,-77.033
4639,4D38861,Single_Gunshot,2014-07-05,00:19:16,WashingtonDC4D,38.948,-77.025
4640,6D113029,Multiple_Gunshots,2014-07-05,00:19:18,WashingtonDC6D,38.906,-76.936
4641,7D148959,Single_Gunshot,2014-07-05,00:19:19,WashingtonDC7D,38.842,-76.999
4642,4D38862,Single_Gunshot,2014-07-05,00:19:23,WashingtonDC4D,38.945,-77.024
4643,7D148960,Single_Gunshot,2014-07-05,00:19:24,WashingtonDC7D,38.842,-76.998
4644,6D113030,Multiple_Gunshots,2014-07-05,00:19:24,WashingtonDC6D,38.906,-76.937
4645,4D38864,Single_Gunshot,2014-07-05,00:19:25,WashingtonDC4D,38.957,-77.013
4646,3D46455,Multiple_Gunshots,2014-07-05,00:19:26,WashingtonDC3D,38.943,-77.025
4647,1D60576,Single_Gunshot,2014-07-05,00:19:26,WashingtonDC1D,38.884,-77.031
4648,4D38865,Single_Gunshot,2014-07-05,00:19:29,WashingtonDC4D,38.957,-77.012
4649,7D148961,Single_Gunshot,2014-07-05,00:19:30,WashingtonDC7D,38.842,-76.998
4650,1D60578,Single_Gunshot,2014-07-05,00:19:32,WashingtonDC1D,38.902,-76.985
4651,7D148962,Multiple_Gunshots,2014-07-05,00:19:36,WashingtonDC7D,38.84,-76.995
4652,6D113031,Multiple_Gunshots,2014-07-05,00:19:37,WashingtonDC6D,38.897,-76.947
4653,4D38866,Single_Gunshot,2014-07-05,00:19:39,WashingtonDC4D,38.957,-77.013
4654,6D113032,Single_Gunshot,2014-07-05,00:19:43,WashingtonDC6D,38.894,-76.916
4655,4D38867,Single_Gunshot,2014-07-05,00:19:43,WashingtonDC4D,38.958,-77.011
4656,6D113033,Single_Gunshot,2014-07-05,00:19:45,WashingtonDC6D,38.874,-76.97
4657,1D60579,Multiple_Gunshots,2014-07-05,00:19:46,WashingtonDC1D,38.894,-76.981
4658,6D113034,Single_Gunshot,2014-07-05,00:19:50,WashingtonDC6D,38.891,-76.953
4659,7D148965,Multiple_Gunshots,2014-07-05,00:19:51,WashingtonDC7D,38.835,-77.0
4660,4D38868,Single_Gunshot,2014-07-05,00:19:51,WashingtonDC4D,38.948,-77.025
4661,6D113035,Single_Gunshot,2014-07-05,00:19:54,WashingtonDC6D,38.899,-76.926
4662,5D43867,Multiple_Gunshots,2014-07-05,00:19:54,WashingtonDC5D,38.92,-77.001
4663,3D46457,Single_Gunshot,2014-07-05,00:19:56,WashingtonDC3D,38.913,-77.022
4664,4D38870,Single_Gunshot,2014-07-05,00:20:02,WashingtonDC4D,38.957,-77.012
4665,7D148966,Multiple_Gunshots,2014-07-05,00:20:04,WashingtonDC7D,38.835,-77.001
4666,7D148967,Multiple_Gunshots,2014-07-05,00:20:05,WashingtonDC7D,38.835,-77.0
4667,3D46459,Multiple_Gunshots,2014-07-05,00:20:07,WashingtonDC3D,38.915,-77.012
4668,4D38872,Single_Gunshot,2014-07-05,00:20:08,WashingtonDC4D,38.953,-77.019
4669,6D113037,Multiple_Gunshots,2014-07-05,00:20:10,WashingtonDC6D,38.888,-76.925
4670,4D38873,Multiple_Gunshots,2014-07-05,00:20:10,WashingtonDC4D,38.943,-77.032
4671,5D43869,Single_Gunshot,2014-07-05,00:20:14,WashingtonDC5D,38.917,-76.999
4672,1D60584,Single_Gunshot,2014-07-05,00:20:16,WashingtonDC1D,38.908,-76.99
4673,5D43870,Multiple_Gunshots,2014-07-05,00:20:19,WashingtonDC5D,38.92,-77.001
4674,4D38875,Single_Gunshot,2014-07-05,00:20:19,WashingtonDC4D,38.951,-77.028
4675,6D113039,Single_Gunshot,2014-07-05,00:20:25,WashingtonDC6D,38.898,-76.945
4676,5D43871,Multiple_Gunshots,2014-07-05,00:20:25,WashingtonDC5D,38.92,-77.001
4677,1D60585,Single_Gunshot,2014-07-05,00:20:25,WashingtonDC1D,38.892,-76.982
4678,6D113041,Single_Gunshot,2014-07-05,00:20:30,WashingtonDC6D,38.894,-76.926
4679,5D43872,Multiple_Gunshots,2014-07-05,00:20:32,WashingtonDC5D,38.908,-76.986
4680,4D38876,Single_Gunshot,2014-07-05,00:20:32,WashingtonDC4D,38.95,-77.014
4681,1D60586,Multiple_Gunshots,2014-07-05,00:20:32,WashingtonDC1D,38.905,-76.989
4682,4D38877,Single_Gunshot,2014-07-05,00:20:38,WashingtonDC4D,38.948,-77.025
4683,3D46461,Single_Gunshot,2014-07-05,00:20:39,WashingtonDC3D,38.935,-77.028
4684,6D113042,Single_Gunshot,2014-07-05,00:20:42,WashingtonDC6D,38.887,-76.935
4685,3D46462,Multiple_Gunshots,2014-07-05,00:20:49,WashingtonDC3D,38.913,-77.028
4686,7D148972,Single_Gunshot,2014-07-05,00:20:50,WashingtonDC7D,38.847,-76.997
4687,6D113043,Multiple_Gunshots,2014-07-05,00:20:51,WashingtonDC6D,38.868,-76.947
4688,3D46463,Multiple_Gunshots,2014-07-05,00:20:54,WashingtonDC3D,38.921,-77.033
4689,5D43873,Single_Gunshot,2014-07-05,00:20:55,WashingtonDC5D,38.905,-76.989
4690,1D60589,Single_Gunshot,2014-07-05,00:21:00,WashingtonDC1D,38.892,-76.981
4691,7D148973,Single_Gunshot,2014-07-05,00:21:01,WashingtonDC7D,38.861,-76.999
4692,5D43874,Gunshot_or_Firecracker,2014-07-05,00:21:02,WashingtonDC5D,38.905,-76.989
4693,6D113044,Single_Gunshot,2014-07-05,00:21:03,WashingtonDC6D,38.893,-76.923
4694,6D113046,Single_Gunshot,2014-07-05,00:21:05,WashingtonDC6D,38.893,-76.923
4695,3D46464,Gunshot_or_Firecracker,2014-07-05,00:21:09,WashingtonDC3D,38.933,-77.022
4696,1D60590,Single_Gunshot,2014-07-05,00:21:09,WashingtonDC1D,38.894,-76.984
4697,5D43875,Single_Gunshot,2014-07-05,00:21:10,WashingtonDC5D,38.907,-76.984
4698,4D38881,Gunshot_or_Firecracker,2014-07-05,00:21:12,WashingtonDC4D,38.943,-77.032
4699,4D38882,Multiple_Gunshots,2014-07-05,00:21:14,WashingtonDC4D,38.943,-77.032
4700,6D113047,Multiple_Gunshots,2014-07-05,00:21:15,WashingtonDC6D,38.893,-76.951
4701,7D148974,Single_Gunshot,2014-07-05,00:21:16,WashingtonDC7D,38.844,-76.977
4702,3D46465,Single_Gunshot,2014-07-05,00:21:16,WashingtonDC3D,38.929,-77.025
4703,4D38883,Single_Gunshot,2014-07-05,00:21:19,WashingtonDC4D,38.948,-77.025
4704,1D60591,Multiple_Gunshots,2014-07-05,00:21:19,WashingtonDC1D,38.907,-76.984
4705,7D148975,Single_Gunshot,2014-07-05,00:21:21,WashingtonDC7D,38.839,-76.985
4706,6D113048,Single_Gunshot,2014-07-05,00:21:23,WashingtonDC6D,38.892,-76.923
4707,3D46466,Multiple_Gunshots,2014-07-05,00:21:23,WashingtonDC3D,38.942,-77.032
4708,4D38884,Multiple_Gunshots,2014-07-05,00:21:26,WashingtonDC4D,38.943,-77.032
4709,7D148976,Single_Gunshot,2014-07-05,00:21:27,WashingtonDC7D,38.842,-76.998
4710,4D38885,Gunshot_or_Firecracker,2014-07-05,00:21:30,WashingtonDC4D,38.942,-77.032
4711,1D60592,Multiple_Gunshots,2014-07-05,00:21:31,WashingtonDC1D,38.9,-76.982
4712,3D46467,Multiple_Gunshots,2014-07-05,00:21:37,WashingtonDC3D,38.921,-77.023
4713,6D113051,Single_Gunshot,2014-07-05,00:21:42,WashingtonDC6D,38.899,-76.924
4714,3D46468,Gunshot_or_Firecracker,2014-07-05,00:21:42,WashingtonDC3D,38.921,-77.023
4715,7D148977,Multiple_Gunshots,2014-07-05,00:21:44,WashingtonDC7D,38.85,-76.973
4716,6D113052,Single_Gunshot,2014-07-05,00:21:45,WashingtonDC6D,38.899,-76.924
4717,4D38888,Single_Gunshot,2014-07-05,00:21:45,WashingtonDC4D,38.961,-77.007
4718,4D38889,Single_Gunshot,2014-07-05,00:21:47,WashingtonDC4D,38.948,-77.025
4719,3D46469,Multiple_Gunshots,2014-07-05,00:21:49,WashingtonDC3D,38.921,-77.023
4720,7D148978,Single_Gunshot,2014-07-05,00:21:51,WashingtonDC7D,38.835,-76.997
4721,3D46470,Multiple_Gunshots,2014-07-05,00:21:53,WashingtonDC3D,38.921,-77.023
4722,4D38891,Single_Gunshot,2014-07-05,00:21:54,WashingtonDC4D,38.959,-77.03
4723,6D113053,Multiple_Gunshots,2014-07-05,00:21:57,WashingtonDC6D,38.885,-76.96
4724,5D43879,Gunshot_or_Firecracker,2014-07-05,00:21:57,WashingtonDC5D,38.922,-76.986
4725,4D38892,Multiple_Gunshots,2014-07-05,00:21:58,WashingtonDC4D,38.958,-77.03
4726,3D46471,Gunshot_or_Firecracker,2014-07-05,00:22:01,WashingtonDC3D,38.921,-77.024
4727,3D46472,Single_Gunshot,2014-07-05,00:22:03,WashingtonDC3D,38.929,-77.025
4728,3D46473,Multiple_Gunshots,2014-07-05,00:22:05,WashingtonDC3D,38.921,-77.023
4729,1D60597,Multiple_Gunshots,2014-07-05,00:22:05,WashingtonDC1D,38.895,-76.981
4730,7D148979,Multiple_Gunshots,2014-07-05,00:22:07,WashingtonDC7D,38.837,-76.997
4731,3D46474,Single_Gunshot,2014-07-05,00:22:07,WashingtonDC3D,38.92,-77.014
4732,6D113054,Single_Gunshot,2014-07-05,00:22:08,WashingtonDC6D,38.885,-76.96
4733,3D46475,Gunshot_or_Firecracker,2014-07-05,00:22:09,WashingtonDC3D,38.921,-77.023
4734,5D43882,Single_Gunshot,2014-07-05,00:22:12,WashingtonDC5D,38.905,-76.989
4735,6D113055,Multiple_Gunshots,2014-07-05,00:22:15,WashingtonDC6D,38.893,-76.951
4736,3D46477,Single_Gunshot,2014-07-05,00:22:16,WashingtonDC3D,38.921,-77.023
4737,3D46476,Gunshot_or_Firecracker,2014-07-05,00:22:16,WashingtonDC3D,38.921,-77.023
4738,1D60598,Single_Gunshot,2014-07-05,00:22:16,WashingtonDC1D,38.895,-76.982
4739,1D60599,Multiple_Gunshots,2014-07-05,00:22:18,WashingtonDC1D,38.894,-76.981
4740,5D43883,Gunshot_or_Firecracker,2014-07-05,00:22:19,WashingtonDC5D,38.905,-76.989
4741,3D46478,Multiple_Gunshots,2014-07-05,00:22:20,WashingtonDC3D,38.921,-77.023
4742,1D60600,Single_Gunshot,2014-07-05,00:22:25,WashingtonDC1D,38.905,-76.989
4743,6D113058,Multiple_Gunshots,2014-07-05,00:22:31,WashingtonDC6D,38.887,-76.932
4744,5D43884,Gunshot_or_Firecracker,2014-07-05,00:22:34,WashingtonDC5D,38.905,-76.989
4745,1D60601,Single_Gunshot,2014-07-05,00:22:35,WashingtonDC1D,38.904,-76.989
4746,4D38897,Single_Gunshot,2014-07-05,00:22:38,WashingtonDC4D,38.95,-77.014
4747,7D148982,Single_Gunshot,2014-07-05,00:22:39,WashingtonDC7D,38.832,-76.99
4748,6D113060,Multiple_Gunshots,2014-07-05,00:22:42,WashingtonDC6D,38.887,-76.932
4749,3D46481,Multiple_Gunshots,2014-07-05,00:22:43,WashingtonDC3D,38.92,-77.026
4750,6D113061,Single_Gunshot,2014-07-05,00:22:48,WashingtonDC6D,38.887,-76.932
4751,4D38898,Single_Gunshot,2014-07-05,00:22:48,WashingtonDC4D,38.95,-77.012
4752,7D148984,Single_Gunshot,2014-07-05,00:22:49,WashingtonDC7D,38.829,-77.002
4753,5D43887,Single_Gunshot,2014-07-05,00:22:52,WashingtonDC5D,38.912,-77.005
4754,3D46483,Multiple_Gunshots,2014-07-05,00:22:52,WashingtonDC3D,38.921,-77.023
4755,4D38899,Multiple_Gunshots,2014-07-05,00:22:57,WashingtonDC4D,38.95,-77.013
4756,3D46485,Multiple_Gunshots,2014-07-05,00:22:59,WashingtonDC3D,38.921,-77.023
4757,1D60603,Single_Gunshot,2014-07-05,00:22:59,WashingtonDC1D,38.906,-76.977
4758,3D46486,Single_Gunshot,2014-07-05,00:23:02,WashingtonDC3D,38.921,-77.023
4759,7D148985,Multiple_Gunshots,2014-07-05,00:23:03,WashingtonDC7D,38.858,-76.99
4760,3D46487,Multiple_Gunshots,2014-07-05,00:23:03,WashingtonDC3D,38.921,-77.023
4761,1D60604,Multiple_Gunshots,2014-07-05,00:23:03,WashingtonDC1D,38.908,-76.976
4762,5D43888,Single_Gunshot,2014-07-05,00:23:04,WashingtonDC5D,38.906,-76.977
4763,3D46488,Gunshot_or_Firecracker,2014-07-05,00:23:05,WashingtonDC3D,38.921,-77.023
4764,7D148986,Multiple_Gunshots,2014-07-05,00:23:09,WashingtonDC7D,38.826,-77.008
4765,5D43890,Single_Gunshot,2014-07-05,00:23:10,WashingtonDC5D,38.906,-76.977
4766,4D38900,Gunshot_or_Firecracker,2014-07-05,00:23:11,WashingtonDC4D,38.935,-77.028
4767,6D113064,Single_Gunshot,2014-07-05,00:23:12,WashingtonDC6D,38.893,-76.923
4768,3D46490,Multiple_Gunshots,2014-07-05,00:23:14,WashingtonDC3D,38.921,-77.023
4769,6D113065,Gunshot_or_Firecracker,2014-07-05,00:23:16,WashingtonDC6D,38.898,-76.932
4770,7D148987,Single_Gunshot,2014-07-05,00:23:17,WashingtonDC7D,38.842,-76.986
4771,6D113066,Multiple_Gunshots,2014-07-05,00:23:17,WashingtonDC6D,38.893,-76.923
4772,1D60606,Multiple_Gunshots,2014-07-05,00:23:17,WashingtonDC1D,38.905,-76.977
4773,5D43891,Multiple_Gunshots,2014-07-05,00:23:18,WashingtonDC5D,38.924,-77.002
4774,7D148988,Single_Gunshot,2014-07-05,00:23:20,WashingtonDC7D,38.835,-76.997
4775,5D43892,Single_Gunshot,2014-07-05,00:23:23,WashingtonDC5D,38.916,-77.007
4776,4D38901,Single_Gunshot,2014-07-05,00:23:27,WashingtonDC4D,38.943,-77.024
4777,3D46491,Single_Gunshot,2014-07-05,00:23:30,WashingtonDC3D,38.921,-77.02
4778,4D38902,Single_Gunshot,2014-07-05,00:23:31,WashingtonDC4D,38.943,-77.024
4779,4D38903,Single_Gunshot,2014-07-05,00:23:32,WashingtonDC4D,38.943,-77.024
4780,7D148990,Single_Gunshot,2014-07-05,00:23:36,WashingtonDC7D,38.847,-76.997
4781,4D38904,Single_Gunshot,2014-07-05,00:23:36,WashingtonDC4D,38.943,-77.024
4782,4D38905,Single_Gunshot,2014-07-05,00:23:38,WashingtonDC4D,38.957,-77.013
4783,4D38906,Single_Gunshot,2014-07-05,00:23:40,WashingtonDC4D,38.943,-77.024
4784,3D46492,Single_Gunshot,2014-07-05,00:23:41,WashingtonDC3D,38.942,-77.024
4785,7D148992,Single_Gunshot,2014-07-05,00:23:47,WashingtonDC7D,38.846,-76.997
4786,4D38907,Single_Gunshot,2014-07-05,00:23:48,WashingtonDC4D,38.945,-77.025
4787,3D46493,Single_Gunshot,2014-07-05,00:23:50,WashingtonDC3D,38.944,-77.026
4788,5D43895,Multiple_Gunshots,2014-07-05,00:23:52,WashingtonDC5D,38.906,-76.989
4789,5D43896,Single_Gunshot,2014-07-05,00:24:00,WashingtonDC5D,38.912,-76.986
4790,5D43897,Multiple_Gunshots,2014-07-05,00:24:03,WashingtonDC5D,38.905,-76.989
4791,4D38909,Multiple_Gunshots,2014-07-05,00:24:03,WashingtonDC4D,38.948,-77.024
4792,7D148994,Single_Gunshot,2014-07-05,00:24:05,WashingtonDC7D,38.846,-76.997
4793,1D60609,Multiple_Gunshots,2014-07-05,00:24:07,WashingtonDC1D,38.905,-76.989
4794,4D38910,Single_Gunshot,2014-07-05,00:24:09,WashingtonDC4D,38.945,-77.025
4795,4D38911,Single_Gunshot,2014-07-05,00:24:11,WashingtonDC4D,38.948,-77.023
4796,3D46494,Gunshot_or_Firecracker,2014-07-05,00:24:14,WashingtonDC3D,38.933,-77.027
4797,4D38912,Multiple_Gunshots,2014-07-05,00:24:15,WashingtonDC4D,38.946,-77.026
4798,3D46496,Multiple_Gunshots,2014-07-05,00:24:18,WashingtonDC3D,38.932,-77.028
4799,1D60610,Multiple_Gunshots,2014-07-05,00:24:19,WashingtonDC1D,38.905,-76.989
4800,7D148995,Single_Gunshot,2014-07-05,00:24:20,WashingtonDC7D,38.846,-76.997
4801,4D38913,Single_Gunshot,2014-07-05,00:24:21,WashingtonDC4D,38.948,-77.024
4802,5D43898,Multiple_Gunshots,2014-07-05,00:24:22,WashingtonDC5D,38.906,-76.989
4803,4D38914,Multiple_Gunshots,2014-07-05,00:24:23,WashingtonDC4D,38.947,-77.025
4804,3D46497,Single_Gunshot,2014-07-05,00:24:23,WashingtonDC3D,38.933,-77.028
4805,3D46498,Single_Gunshot,2014-07-05,00:24:25,WashingtonDC3D,38.922,-77.029
4806,3D46499,Multiple_Gunshots,2014-07-05,00:24:27,WashingtonDC3D,38.932,-77.028
4807,6D113075,Multiple_Gunshots,2014-07-05,00:24:29,WashingtonDC6D,38.868,-76.975
4808,3D46500,Multiple_Gunshots,2014-07-05,00:24:31,WashingtonDC3D,38.928,-77.025
4809,3D46501,Single_Gunshot,2014-07-05,00:24:32,WashingtonDC3D,38.932,-77.028
4810,4D38915,Single_Gunshot,2014-07-05,00:24:34,WashingtonDC4D,38.948,-77.024
4811,7D148997,Single_Gunshot,2014-07-05,00:24:35,WashingtonDC7D,38.844,-76.986
4812,4D38916,Multiple_Gunshots,2014-07-05,00:24:36,WashingtonDC4D,38.948,-77.023
4813,7D148998,Single_Gunshot,2014-07-05,00:24:38,WashingtonDC7D,38.861,-76.998
4814,5D43899,Multiple_Gunshots,2014-07-05,00:24:38,WashingtonDC5D,38.926,-76.979
4815,4D38917,Single_Gunshot,2014-07-05,00:24:43,WashingtonDC4D,38.948,-77.024
4816,7D149000,Single_Gunshot,2014-07-05,00:24:48,WashingtonDC7D,38.838,-76.998
4817,4D38918,Single_Gunshot,2014-07-05,00:24:49,WashingtonDC4D,38.959,-77.021
4818,7D149001,Single_Gunshot,2014-07-05,00:24:51,WashingtonDC7D,38.844,-76.977
4819,6D113078,Multiple_Gunshots,2014-07-05,00:24:52,WashingtonDC6D,38.881,-76.932
4820,4D38919,Multiple_Gunshots,2014-07-05,00:24:52,WashingtonDC4D,38.947,-77.03
4821,7D149002,Multiple_Gunshots,2014-07-05,00:24:55,WashingtonDC7D,38.845,-76.979
4822,5D43901,Gunshot_or_Firecracker,2014-07-05,00:24:55,WashingtonDC5D,38.899,-76.974
4823,7D149003,Single_Gunshot,2014-07-05,00:24:57,WashingtonDC7D,38.844,-76.986
4824,7D149004,Single_Gunshot,2014-07-05,00:24:59,WashingtonDC7D,38.829,-77.002
4825,6D113079,Multiple_Gunshots,2014-07-05,00:25:02,WashingtonDC6D,38.879,-76.98
4826,3D46503,Single_Gunshot,2014-07-05,00:25:06,WashingtonDC3D,38.934,-77.035
4827,5D43903,Gunshot_or_Firecracker,2014-07-05,00:25:12,WashingtonDC5D,38.923,-76.986
4828,1D60615,Single_Gunshot,2014-07-05,00:25:12,WashingtonDC1D,38.896,-76.974
4829,7D149005,Multiple_Gunshots,2014-07-05,00:25:14,WashingtonDC7D,38.842,-76.986
4830,4D38922,Multiple_Gunshots,2014-07-05,00:25:18,WashingtonDC4D,38.944,-77.032
4831,7D149006,Single_Gunshot,2014-07-05,00:25:19,WashingtonDC7D,38.842,-76.987
4832,7D149007,Single_Gunshot,2014-07-05,00:25:25,WashingtonDC7D,38.842,-76.986
4833,7D149008,Single_Gunshot,2014-07-05,00:25:26,WashingtonDC7D,38.834,-76.995
4834,6D113081,Single_Gunshot,2014-07-05,00:25:26,WashingtonDC6D,38.895,-76.925
4835,4D38923,Gunshot_or_Firecracker,2014-07-05,00:25:27,WashingtonDC4D,38.944,-77.032
4836,4D38924,Single_Gunshot,2014-07-05,00:25:30,WashingtonDC4D,38.944,-77.032
4837,4D38925,Multiple_Gunshots,2014-07-05,00:25:33,WashingtonDC4D,38.944,-77.032
4838,7D149010,Multiple_Gunshots,2014-07-05,00:25:35,WashingtonDC7D,38.843,-76.986
4839,3D46505,Single_Gunshot,2014-07-05,00:25:35,WashingtonDC3D,38.923,-77.026
4840,6D113082,Gunshot_or_Firecracker,2014-07-05,00:25:36,WashingtonDC6D,38.899,-76.924
4841,4D38926,Single_Gunshot,2014-07-05,00:25:39,WashingtonDC4D,38.944,-77.032
4842,6D113083,Multiple_Gunshots,2014-07-05,00:25:43,WashingtonDC6D,38.899,-76.924
4843,3D46506,Gunshot_or_Firecracker,2014-07-05,00:25:44,WashingtonDC3D,38.943,-77.031
4844,5D43906,Single_Gunshot,2014-07-05,00:25:48,WashingtonDC5D,38.921,-76.966
4845,4D38927,Single_Gunshot,2014-07-05,00:25:48,WashingtonDC4D,38.944,-77.032
4846,6D113084,Multiple_Gunshots,2014-07-05,00:25:51,WashingtonDC6D,38.899,-76.924
4847,7D149011,Multiple_Gunshots,2014-07-05,00:25:53,WashingtonDC7D,38.843,-76.986
4848,1D60619,Multiple_Gunshots,2014-07-05,00:25:55,WashingtonDC1D,38.879,-77.015
4849,4D38929,Single_Gunshot,2014-07-05,00:25:56,WashingtonDC4D,38.957,-77.012
4850,6D113085,Single_Gunshot,2014-07-05,00:26:03,WashingtonDC6D,38.899,-76.924
4851,7D149013,Multiple_Gunshots,2014-07-05,00:26:04,WashingtonDC7D,38.844,-76.985
4852,6D113086,Multiple_Gunshots,2014-07-05,00:26:07,WashingtonDC6D,38.899,-76.924
4853,7D149015,Single_Gunshot,2014-07-05,00:26:12,WashingtonDC7D,38.826,-77.015
4854,7D149016,Single_Gunshot,2014-07-05,00:26:14,WashingtonDC7D,38.843,-76.986
4855,7D149017,Single_Gunshot,2014-07-05,00:26:20,WashingtonDC7D,38.837,-76.996
4856,5D43910,Single_Gunshot,2014-07-05,00:26:21,WashingtonDC5D,38.924,-77.002
4857,7D149018,Single_Gunshot,2014-07-05,00:26:22,WashingtonDC7D,38.834,-76.997
4858,4D38934,Multiple_Gunshots,2014-07-05,00:26:22,WashingtonDC4D,38.958,-77.03
4859,3D46509,Single_Gunshot,2014-07-05,00:26:25,WashingtonDC3D,38.918,-77.016
4860,6D113088,Single_Gunshot,2014-07-05,00:26:30,WashingtonDC6D,38.9,-76.948
4861,7D149021,Single_Gunshot,2014-07-05,00:26:35,WashingtonDC7D,38.844,-76.985
4862,6D113089,Multiple_Gunshots,2014-07-05,00:26:37,WashingtonDC6D,38.89,-76.951
4863,5D43911,Gunshot_or_Firecracker,2014-07-05,00:26:39,WashingtonDC5D,38.923,-76.986
4864,4D38936,Single_Gunshot,2014-07-05,00:26:42,WashingtonDC4D,38.959,-77.017
4865,5D43912,Single_Gunshot,2014-07-05,00:26:49,WashingtonDC5D,38.923,-76.986
4866,3D46510,Single_Gunshot,2014-07-05,00:26:52,WashingtonDC3D,38.934,-77.035
4867,1D60625,Single_Gunshot,2014-07-05,00:26:57,WashingtonDC1D,38.896,-76.975
4868,5D43913,Gunshot_or_Firecracker,2014-07-05,00:26:58,WashingtonDC5D,38.923,-76.986
4869,1D60626,Multiple_Gunshots,2014-07-05,00:27:05,WashingtonDC1D,38.904,-76.986
4870,5D43914,Multiple_Gunshots,2014-07-05,00:27:06,WashingtonDC5D,38.904,-76.986
4871,1D60627,Single_Gunshot,2014-07-05,00:27:09,WashingtonDC1D,38.894,-76.987
4872,6D113093,Single_Gunshot,2014-07-05,00:27:12,WashingtonDC6D,38.89,-76.951
4873,1D60628,Multiple_Gunshots,2014-07-05,00:27:12,WashingtonDC1D,38.905,-76.989
4874,7D149024,Multiple_Gunshots,2014-07-05,00:27:14,WashingtonDC7D,38.837,-76.992
4875,3D46513,Multiple_Gunshots,2014-07-05,00:27:17,WashingtonDC3D,38.916,-77.013
4876,7D149025,Multiple_Gunshots,2014-07-05,00:27:19,WashingtonDC7D,38.842,-76.989
4877,4D38939,Single_Gunshot,2014-07-05,00:27:25,WashingtonDC4D,38.96,-77.008
4878,5D43916,Multiple_Gunshots,2014-07-05,00:27:29,WashingtonDC5D,38.905,-76.989
4879,4D38940,Single_Gunshot,2014-07-05,00:27:29,WashingtonDC4D,38.958,-77.019
4880,1D60629,Multiple_Gunshots,2014-07-05,00:27:30,WashingtonDC1D,38.905,-76.988
4881,4D38941,Single_Gunshot,2014-07-05,00:27:34,WashingtonDC4D,38.956,-77.022
4882,6D113097,Multiple_Gunshots,2014-07-05,00:27:40,WashingtonDC6D,38.885,-76.96
4883,3D46514,Multiple_Gunshots,2014-07-05,00:27:41,WashingtonDC3D,38.921,-77.023
4884,7D149030,Single_Gunshot,2014-07-05,00:27:42,WashingtonDC7D,38.841,-76.987
4885,5D43917,Multiple_Gunshots,2014-07-05,00:27:44,WashingtonDC5D,38.921,-77.021
4886,6D113098,Multiple_Gunshots,2014-07-05,00:27:48,WashingtonDC6D,38.873,-76.958
4887,7D149031,Single_Gunshot,2014-07-05,00:27:50,WashingtonDC7D,38.849,-76.984
4888,6D113099,Single_Gunshot,2014-07-05,00:27:50,WashingtonDC6D,38.897,-76.947
4889,4D38943,Single_Gunshot,2014-07-05,00:27:52,WashingtonDC4D,38.959,-77.019
4890,3D46515,Multiple_Gunshots,2014-07-05,00:27:52,WashingtonDC3D,38.921,-77.023
4891,7D149032,Single_Gunshot,2014-07-05,00:27:53,WashingtonDC7D,38.849,-76.984
4892,4D38944,Multiple_Gunshots,2014-07-05,00:27:56,WashingtonDC4D,38.958,-77.019
4893,3D46516,Multiple_Gunshots,2014-07-05,00:27:57,WashingtonDC3D,38.921,-77.023
4894,7D149033,Multiple_Gunshots,2014-07-05,00:28:00,WashingtonDC7D,38.837,-76.992
4895,3D46517,Multiple_Gunshots,2014-07-05,00:28:00,WashingtonDC3D,38.921,-77.023
4896,5D43918,Gunshot_or_Firecracker,2014-07-05,00:28:01,WashingtonDC5D,38.911,-76.987
4897,4D38946,Multiple_Gunshots,2014-07-05,00:28:02,WashingtonDC4D,38.958,-77.018
4898,3D46518,Multiple_Gunshots,2014-07-05,00:28:02,WashingtonDC3D,38.921,-77.023
4899,5D43919,Multiple_Gunshots,2014-07-05,00:28:03,WashingtonDC5D,38.921,-77.022
4900,7D149034,Single_Gunshot,2014-07-05,00:28:05,WashingtonDC7D,38.837,-76.992
4901,5D43921,Multiple_Gunshots,2014-07-05,00:28:08,WashingtonDC5D,38.919,-77.017
4902,7D149035,Gunshot_or_Firecracker,2014-07-05,00:28:11,WashingtonDC7D,38.837,-76.992
4903,7D149036,Single_Gunshot,2014-07-05,00:28:14,WashingtonDC7D,38.846,-76.987
4904,4D38947,Multiple_Gunshots,2014-07-05,00:28:14,WashingtonDC4D,38.957,-77.019
4905,4D38948,Single_Gunshot,2014-07-05,00:28:16,WashingtonDC4D,38.958,-77.018
4906,7D149038,Multiple_Gunshots,2014-07-05,00:28:19,WashingtonDC7D,38.834,-76.999
4907,3D46520,Gunshot_or_Firecracker,2014-07-05,00:28:21,WashingtonDC3D,38.921,-77.023
4908,4D38950,Multiple_Gunshots,2014-07-05,00:28:23,WashingtonDC4D,38.944,-77.031
4909,4D38951,Multiple_Gunshots,2014-07-05,00:28:25,WashingtonDC4D,38.944,-77.031
4910,3D46521,Gunshot_or_Firecracker,2014-07-05,00:28:25,WashingtonDC3D,38.921,-77.023
4911,3D46522,Single_Gunshot,2014-07-05,00:28:26,WashingtonDC3D,38.922,-77.029
4912,4D38952,Multiple_Gunshots,2014-07-05,00:28:28,WashingtonDC4D,38.96,-77.007
4913,3D46524,Multiple_Gunshots,2014-07-05,00:28:31,WashingtonDC3D,38.921,-77.023
4914,5D43923,Multiple_Gunshots,2014-07-05,00:28:33,WashingtonDC5D,38.92,-77.019
4915,4D38953,Single_Gunshot,2014-07-05,00:28:35,WashingtonDC4D,38.958,-77.01
4916,7D149039,Single_Gunshot,2014-07-05,00:28:38,WashingtonDC7D,38.844,-76.983
4917,5D43924,Multiple_Gunshots,2014-07-05,00:28:42,WashingtonDC5D,38.935,-76.978
4918,7D149040,Single_Gunshot,2014-07-05,00:28:46,WashingtonDC7D,38.85,-76.984
4919,3D46526,Single_Gunshot,2014-07-05,00:28:53,WashingtonDC3D,38.922,-77.029
4920,7D149042,Single_Gunshot,2014-07-05,00:28:55,WashingtonDC7D,38.85,-76.984
4921,6D113109,Multiple_Gunshots,2014-07-05,00:28:56,WashingtonDC6D,38.899,-76.924
4922,7D149043,Single_Gunshot,2014-07-05,00:28:58,WashingtonDC7D,38.85,-76.984
4923,7D149044,Single_Gunshot,2014-07-05,00:29:00,WashingtonDC7D,38.849,-76.985
4924,7D149045,Single_Gunshot,2014-07-05,00:29:02,WashingtonDC7D,38.85,-76.984
4925,6D113110,Multiple_Gunshots,2014-07-05,00:29:04,WashingtonDC6D,38.899,-76.924
4926,7D149046,Single_Gunshot,2014-07-05,00:29:06,WashingtonDC7D,38.849,-76.984
4927,7D149047,Single_Gunshot,2014-07-05,00:29:09,WashingtonDC7D,38.849,-76.984
4928,7D149048,Single_Gunshot,2014-07-05,00:29:14,WashingtonDC7D,38.849,-76.99
4929,4D38955,Single_Gunshot,2014-07-05,00:29:14,WashingtonDC4D,38.957,-77.012
4930,3D46527,Multiple_Gunshots,2014-07-05,00:29:14,WashingtonDC3D,38.921,-77.023
4931,6D113111,Multiple_Gunshots,2014-07-05,00:29:16,WashingtonDC6D,38.878,-76.973
4932,3D46528,Multiple_Gunshots,2014-07-05,00:29:18,WashingtonDC3D,38.921,-77.023
4933,4D38956,Single_Gunshot,2014-07-05,00:29:21,WashingtonDC4D,38.95,-77.014
4934,3D46529,Gunshot_or_Firecracker,2014-07-05,00:29:21,WashingtonDC3D,38.921,-77.023
4935,7D149050,Gunshot_or_Firecracker,2014-07-05,00:29:22,WashingtonDC7D,38.834,-76.995
4936,5D43928,Multiple_Gunshots,2014-07-05,00:29:22,WashingtonDC5D,38.92,-77.02
4937,3D46530,Multiple_Gunshots,2014-07-05,00:29:22,WashingtonDC3D,38.921,-77.023
4938,7D149051,Single_Gunshot,2014-07-05,00:29:26,WashingtonDC7D,38.847,-76.997
4939,4D38957,Single_Gunshot,2014-07-05,00:29:32,WashingtonDC4D,38.958,-77.019
4940,3D46531,Multiple_Gunshots,2014-07-05,00:29:41,WashingtonDC3D,38.921,-77.023
4941,7D149052,Multiple_Gunshots,2014-07-05,00:29:42,WashingtonDC7D,38.837,-76.992
4942,5D43929,Multiple_Gunshots,2014-07-05,00:29:43,WashingtonDC5D,38.921,-77.022
4943,6D113113,Single_Gunshot,2014-07-05,00:29:44,WashingtonDC6D,38.889,-76.928
4944,7D149053,Multiple_Gunshots,2014-07-05,00:29:47,WashingtonDC7D,38.837,-76.992
4945,3D46532,Multiple_Gunshots,2014-07-05,00:29:51,WashingtonDC3D,38.921,-77.023
4946,6D113114,Gunshot_or_Firecracker,2014-07-05,00:29:52,WashingtonDC6D,38.872,-76.978
4947,5D43930,Multiple_Gunshots,2014-07-05,00:29:52,WashingtonDC5D,38.923,-76.986
4948,6D113115,Single_Gunshot,2014-07-05,00:29:54,WashingtonDC6D,38.894,-76.959
4949,7D149056,Multiple_Gunshots,2014-07-05,00:29:55,WashingtonDC7D,38.838,-76.992
4950,4D38958,Single_Gunshot,2014-07-05,00:29:58,WashingtonDC4D,38.96,-77.007
4951,6D113116,Multiple_Gunshots,2014-07-05,00:29:59,WashingtonDC6D,38.914,-76.932
4952,3D46533,Multiple_Gunshots,2014-07-05,00:30:01,WashingtonDC3D,38.922,-77.029
4953,6D113117,Single_Gunshot,2014-07-05,00:30:06,WashingtonDC6D,38.885,-76.96
4954,4D38959,Multiple_Gunshots,2014-07-05,00:30:08,WashingtonDC4D,38.948,-77.025
4955,7D149059,Single_Gunshot,2014-07-05,00:30:10,WashingtonDC7D,38.843,-76.986
4956,6D113118,Single_Gunshot,2014-07-05,00:30:14,WashingtonDC6D,38.88,-76.929
4957,1D60637,Multiple_Gunshots,2014-07-05,00:30:16,WashingtonDC1D,38.872,-77.015
4958,6D113119,Multiple_Gunshots,2014-07-05,00:30:20,WashingtonDC6D,38.912,-76.932
4959,1D60638,Single_Gunshot,2014-07-05,00:30:20,WashingtonDC1D,38.874,-77.011
4960,4D38960,Single_Gunshot,2014-07-05,00:30:21,WashingtonDC4D,38.95,-77.014
4961,7D149062,Single_Gunshot,2014-07-05,00:30:31,WashingtonDC7D,38.844,-76.986
4962,5D43934,Single_Gunshot,2014-07-05,00:30:31,WashingtonDC5D,38.921,-76.966
4963,3D46536,Multiple_Gunshots,2014-07-05,00:30:35,WashingtonDC3D,38.93,-77.027
4964,7D149063,Single_Gunshot,2014-07-05,00:30:37,WashingtonDC7D,38.844,-76.986
4965,5D43935,Multiple_Gunshots,2014-07-05,00:30:39,WashingtonDC5D,38.908,-76.986
4966,6D113120,Single_Gunshot,2014-07-05,00:30:41,WashingtonDC6D,38.895,-76.961
4967,3D46538,Multiple_Gunshots,2014-07-05,00:30:45,WashingtonDC3D,38.93,-77.027
4968,7D149064,Multiple_Gunshots,2014-07-05,00:30:46,WashingtonDC7D,38.843,-76.986
4969,4D38963,Gunshot_or_Firecracker,2014-07-05,00:30:47,WashingtonDC4D,38.936,-77.024
4970,4D38964,Single_Gunshot,2014-07-05,00:30:52,WashingtonDC4D,38.944,-77.032
4971,6D113122,Multiple_Gunshots,2014-07-05,00:30:54,WashingtonDC6D,38.878,-76.973
4972,4D38965,Multiple_Gunshots,2014-07-05,00:30:56,WashingtonDC4D,38.944,-77.032
4973,4D38966,Single_Gunshot,2014-07-05,00:31:00,WashingtonDC4D,38.944,-77.032
4974,7D149065,Multiple_Gunshots,2014-07-05,00:31:01,WashingtonDC7D,38.839,-76.994
4975,6D113124,Gunshot_or_Firecracker,2014-07-05,00:31:03,WashingtonDC6D,38.887,-76.933
4976,4D38968,Single_Gunshot,2014-07-05,00:31:03,WashingtonDC4D,38.944,-77.032
4977,3D46542,Multiple_Gunshots,2014-07-05,00:31:04,WashingtonDC3D,38.928,-77.027
4978,4D38969,Gunshot_or_Firecracker,2014-07-05,00:31:07,WashingtonDC4D,38.944,-77.032
4979,4D38970,Multiple_Gunshots,2014-07-05,00:31:08,WashingtonDC4D,38.944,-77.032
4980,5D43936,Gunshot_or_Firecracker,2014-07-05,00:31:09,WashingtonDC5D,38.923,-76.986
4981,7D149067,Single_Gunshot,2014-07-05,00:31:10,WashingtonDC7D,38.844,-76.986
4982,4D38971,Multiple_Gunshots,2014-07-05,00:31:13,WashingtonDC4D,38.944,-77.032
4983,3D46543,Multiple_Gunshots,2014-07-05,00:31:13,WashingtonDC3D,38.943,-77.031
4984,4D38972,Single_Gunshot,2014-07-05,00:31:16,WashingtonDC4D,38.944,-77.032
4985,5D43937,Gunshot_or_Firecracker,2014-07-05,00:31:17,WashingtonDC5D,38.926,-76.979
4986,3D46544,Single_Gunshot,2014-07-05,00:31:17,WashingtonDC3D,38.925,-77.029
4987,3D46545,Gunshot_or_Firecracker,2014-07-05,00:31:19,WashingtonDC3D,38.925,-77.029
4988,5D43938,Single_Gunshot,2014-07-05,00:31:24,WashingtonDC5D,38.924,-77.003
4989,3D46546,Multiple_Gunshots,2014-07-05,00:31:26,WashingtonDC3D,38.925,-77.029
4990,6D113127,Single_Gunshot,2014-07-05,00:31:27,WashingtonDC6D,38.888,-76.931
4991,4D38974,Multiple_Gunshots,2014-07-05,00:31:31,WashingtonDC4D,38.96,-77.008
4992,7D149072,Multiple_Gunshots,2014-07-05,00:31:37,WashingtonDC7D,38.838,-76.998
4993,5D43940,Multiple_Gunshots,2014-07-05,00:31:39,WashingtonDC5D,38.907,-76.984
4994,3D46547,Single_Gunshot,2014-07-05,00:31:39,WashingtonDC3D,38.935,-77.028
4995,6D113129,Gunshot_or_Firecracker,2014-07-05,00:31:43,WashingtonDC6D,38.897,-76.947
4996,5D43941,Multiple_Gunshots,2014-07-05,00:31:43,WashingtonDC5D,38.905,-76.988
4997,7D149073,Single_Gunshot,2014-07-05,00:31:46,WashingtonDC7D,38.848,-76.98
4998,1D60639,Multiple_Gunshots,2014-07-05,00:31:46,WashingtonDC1D,38.905,-76.988
4999,6D113130,Multiple_Gunshots,2014-07-05,00:31:47,WashingtonDC6D,38.891,-76.951
5000,5D43942,Multiple_Gunshots,2014-07-05,00:31:50,WashingtonDC5D,38.905,-76.988
5001,7D149074,Single_Gunshot,2014-07-05,00:31:51,WashingtonDC7D,38.837,-76.995
5002,3D46548,Single_Gunshot,2014-07-05,00:31:52,WashingtonDC3D,38.913,-77.022
5003,5D43943,Single_Gunshot,2014-07-05,00:31:54,WashingtonDC5D,38.921,-76.966
5004,7D149075,Single_Gunshot,2014-07-05,00:31:57,WashingtonDC7D,38.844,-76.986
5005,6D113131,Multiple_Gunshots,2014-07-05,00:31:58,WashingtonDC6D,38.894,-76.937
5006,4D38977,Multiple_Gunshots,2014-07-05,00:32:00,WashingtonDC4D,38.958,-77.021
5007,7D149076,Single_Gunshot,2014-07-05,00:32:03,WashingtonDC7D,38.842,-76.986
5008,4D38978,Multiple_Gunshots,2014-07-05,00:32:06,WashingtonDC4D,38.95,-77.014
5009,6D113133,Multiple_Gunshots,2014-07-05,00:32:09,WashingtonDC6D,38.876,-76.941
5010,7D149078,Multiple_Gunshots,2014-07-05,00:32:10,WashingtonDC7D,38.844,-76.985
5011,6D113134,Multiple_Gunshots,2014-07-05,00:32:12,WashingtonDC6D,38.883,-76.922
5012,1D60641,Single_Gunshot,2014-07-05,00:32:13,WashingtonDC1D,38.898,-76.977
5013,3D46549,Single_Gunshot,2014-07-05,00:32:19,WashingtonDC3D,38.905,-77.019
5014,6D113135,Multiple_Gunshots,2014-07-05,00:32:21,WashingtonDC6D,38.883,-76.922
5015,4D38979,Multiple_Gunshots,2014-07-05,00:32:24,WashingtonDC4D,38.95,-77.014
5016,6D113136,Single_Gunshot,2014-07-05,00:32:30,WashingtonDC6D,38.888,-76.923
5017,4D38980,Multiple_Gunshots,2014-07-05,00:32:31,WashingtonDC4D,38.944,-77.032
5018,6D113137,Multiple_Gunshots,2014-07-05,00:32:33,WashingtonDC6D,38.883,-76.922
5019,4D38981,Multiple_Gunshots,2014-07-05,00:32:33,WashingtonDC4D,38.944,-77.032
5020,7D149084,Single_Gunshot,2014-07-05,00:32:35,WashingtonDC7D,38.842,-76.986
5021,4D38982,Multiple_Gunshots,2014-07-05,00:32:39,WashingtonDC4D,38.944,-77.031
5022,7D149086,Single_Gunshot,2014-07-05,00:32:40,WashingtonDC7D,38.842,-76.986
5023,6D113140,Single_Gunshot,2014-07-05,00:32:43,WashingtonDC6D,38.894,-76.959
5024,4D38983,Single_Gunshot,2014-07-05,00:32:46,WashingtonDC4D,38.961,-77.026
5025,3D46550,Multiple_Gunshots,2014-07-05,00:32:46,WashingtonDC3D,38.913,-77.028
5026,4D38984,Single_Gunshot,2014-07-05,00:32:48,WashingtonDC4D,38.959,-77.021
5027,6D113141,Gunshot_or_Firecracker,2014-07-05,00:32:49,WashingtonDC6D,38.904,-76.926
5028,4D38985,Single_Gunshot,2014-07-05,00:32:50,WashingtonDC4D,38.959,-77.021
5029,1D60643,Single_Gunshot,2014-07-05,00:32:50,WashingtonDC1D,38.898,-76.978
5030,4D38986,Single_Gunshot,2014-07-05,00:32:53,WashingtonDC4D,38.945,-77.024
5031,7D149087,Single_Gunshot,2014-07-05,00:32:54,WashingtonDC7D,38.848,-77.001
5032,4D38987,Gunshot_or_Firecracker,2014-07-05,00:32:55,WashingtonDC4D,38.959,-77.021
5033,4D38988,Single_Gunshot,2014-07-05,00:33:00,WashingtonDC4D,38.959,-77.021
5034,7D149088,Single_Gunshot,2014-07-05,00:33:01,WashingtonDC7D,38.837,-76.992
5035,4D38989,Multiple_Gunshots,2014-07-05,00:33:02,WashingtonDC4D,38.958,-77.021
5036,6D113142,Single_Gunshot,2014-07-05,00:33:04,WashingtonDC6D,38.895,-76.925
5037,5D43945,Single_Gunshot,2014-07-05,00:33:06,WashingtonDC5D,38.935,-76.978
5038,5D43946,Single_Gunshot,2014-07-05,00:33:18,WashingtonDC5D,38.921,-76.982
5039,4D38990,Single_Gunshot,2014-07-05,00:33:19,WashingtonDC4D,38.944,-77.032
5040,4D38991,Single_Gunshot,2014-07-05,00:33:22,WashingtonDC4D,38.944,-77.032
5041,1D60647,Multiple_Gunshots,2014-07-05,00:33:22,WashingtonDC1D,38.896,-76.985
5042,7D149096,Multiple_Gunshots,2014-07-05,00:33:25,WashingtonDC7D,38.845,-76.994
5043,4D38992,Single_Gunshot,2014-07-05,00:33:26,WashingtonDC4D,38.958,-77.018
5044,5D43947,Multiple_Gunshots,2014-07-05,00:33:27,WashingtonDC5D,38.927,-76.995
5045,4D38993,Single_Gunshot,2014-07-05,00:33:28,WashingtonDC4D,38.944,-77.032
5046,7D149097,Single_Gunshot,2014-07-05,00:33:30,WashingtonDC7D,38.851,-76.968
5047,4D38994,Single_Gunshot,2014-07-05,00:33:30,WashingtonDC4D,38.944,-77.031
5048,1D60648,Multiple_Gunshots,2014-07-05,00:33:30,WashingtonDC1D,38.896,-76.985
5049,5D43948,Single_Gunshot,2014-07-05,00:33:32,WashingtonDC5D,38.923,-76.986
5050,3D46551,Multiple_Gunshots,2014-07-05,00:33:32,WashingtonDC3D,38.913,-77.022
5051,6D113148,Multiple_Gunshots,2014-07-05,00:33:34,WashingtonDC6D,38.893,-76.924
5052,4D38995,Single_Gunshot,2014-07-05,00:33:34,WashingtonDC4D,38.944,-77.031
5053,6D113150,Gunshot_or_Firecracker,2014-07-05,00:33:38,WashingtonDC6D,38.893,-76.958
5054,3D46552,Single_Gunshot,2014-07-05,00:33:38,WashingtonDC3D,38.919,-77.026
5055,6D113151,Single_Gunshot,2014-07-05,00:33:39,WashingtonDC6D,38.889,-76.928
5056,4D38997,Single_Gunshot,2014-07-05,00:33:39,WashingtonDC4D,38.944,-77.032
5057,3D46553,Single_Gunshot,2014-07-05,00:33:39,WashingtonDC3D,38.919,-77.026
5058,6D113152,Single_Gunshot,2014-07-05,00:33:40,WashingtonDC6D,38.889,-76.928
5059,4D38998,Multiple_Gunshots,2014-07-05,00:33:42,WashingtonDC4D,38.944,-77.031
5060,3D46554,Single_Gunshot,2014-07-05,00:33:42,WashingtonDC3D,38.921,-77.02
5061,1D60651,Multiple_Gunshots,2014-07-05,00:33:42,WashingtonDC1D,38.896,-76.985
5062,5D43949,Single_Gunshot,2014-07-05,00:33:45,WashingtonDC5D,38.92,-77.02
5063,3D46555,Multiple_Gunshots,2014-07-05,00:33:48,WashingtonDC3D,38.941,-77.032
5064,4D38999,Multiple_Gunshots,2014-07-05,00:33:49,WashingtonDC4D,38.945,-77.027
5065,6D113153,Single_Gunshot,2014-07-05,00:33:50,WashingtonDC6D,38.888,-76.931
5066,7D149099,Multiple_Gunshots,2014-07-05,00:33:52,WashingtonDC7D,38.844,-76.986
5067,1D60652,Multiple_Gunshots,2014-07-05,00:33:52,WashingtonDC1D,38.896,-76.985
5068,4D39000,Single_Gunshot,2014-07-05,00:33:55,WashingtonDC4D,38.942,-77.032
5069,3D46556,Multiple_Gunshots,2014-07-05,00:33:55,WashingtonDC3D,38.939,-77.031
5070,4D39001,Multiple_Gunshots,2014-07-05,00:33:56,WashingtonDC4D,38.941,-77.032
5071,4D39002,Multiple_Gunshots,2014-07-05,00:33:59,WashingtonDC4D,38.943,-77.031
5072,7D149100,Multiple_Gunshots,2014-07-05,00:34:01,WashingtonDC7D,38.844,-76.986
5073,1D60653,Multiple_Gunshots,2014-07-05,00:34:04,WashingtonDC1D,38.903,-76.985
5074,7D149102,Multiple_Gunshots,2014-07-05,00:34:11,WashingtonDC7D,38.844,-76.986
5075,6D113158,Single_Gunshot,2014-07-05,00:34:16,WashingtonDC6D,38.895,-76.925
5076,4D39003,Multiple_Gunshots,2014-07-05,00:34:23,WashingtonDC4D,38.946,-77.026
5077,6D113160,Single_Gunshot,2014-07-05,00:34:26,WashingtonDC6D,38.889,-76.928
5078,5D43952,Single_Gunshot,2014-07-05,00:34:26,WashingtonDC5D,38.921,-76.966
5079,7D149103,Multiple_Gunshots,2014-07-05,00:34:28,WashingtonDC7D,38.842,-76.986
5080,5D43953,Gunshot_or_Firecracker,2014-07-05,00:34:34,WashingtonDC5D,38.921,-76.982
5081,6D113161,Single_Gunshot,2014-07-05,00:34:35,WashingtonDC6D,38.887,-76.933
5082,3D46557,Single_Gunshot,2014-07-05,00:34:37,WashingtonDC3D,38.919,-77.026
5083,7D149104,Single_Gunshot,2014-07-05,00:34:39,WashingtonDC7D,38.846,-76.97
5084,4D39004,Multiple_Gunshots,2014-07-05,00:34:39,WashingtonDC4D,38.943,-77.031
5085,1D60656,Gunshot_or_Firecracker,2014-07-05,00:34:41,WashingtonDC1D,38.902,-76.984
5086,5D43954,Gunshot_or_Firecracker,2014-07-05,00:34:43,WashingtonDC5D,38.925,-76.981
5087,1D60657,Multiple_Gunshots,2014-07-05,00:34:43,WashingtonDC1D,38.903,-76.985
5088,7D149105,Single_Gunshot,2014-07-05,00:34:44,WashingtonDC7D,38.842,-76.986
5089,6D113162,Multiple_Gunshots,2014-07-05,00:34:52,WashingtonDC6D,38.885,-76.925
5090,5D43955,Single_Gunshot,2014-07-05,00:34:57,WashingtonDC5D,38.927,-76.995
5091,1D60658,Multiple_Gunshots,2014-07-05,00:35:00,WashingtonDC1D,38.905,-76.981
5092,4D39005,Multiple_Gunshots,2014-07-05,00:35:02,WashingtonDC4D,38.943,-77.031
5093,5D43956,Single_Gunshot,2014-07-05,00:35:03,WashingtonDC5D,38.908,-76.986
5094,7D149109,Single_Gunshot,2014-07-05,00:35:09,WashingtonDC7D,38.847,-76.977
5095,1D60659,Single_Gunshot,2014-07-05,00:35:09,WashingtonDC1D,38.903,-76.987
5096,5D43957,Multiple_Gunshots,2014-07-05,00:35:10,WashingtonDC5D,38.903,-76.987
5097,7D149110,Single_Gunshot,2014-07-05,00:35:11,WashingtonDC7D,38.857,-76.978
5098,4D39006,Multiple_Gunshots,2014-07-05,00:35:13,WashingtonDC4D,38.942,-77.032
5099,5D43958,Multiple_Gunshots,2014-07-05,00:35:15,WashingtonDC5D,38.903,-76.987
5100,5D43959,Single_Gunshot,2014-07-05,00:35:18,WashingtonDC5D,38.927,-76.995
5101,4D39007,Single_Gunshot,2014-07-05,00:35:18,WashingtonDC4D,38.958,-77.014
5102,6D113166,Multiple_Gunshots,2014-07-05,00:35:22,WashingtonDC6D,38.892,-76.953
5103,1D60661,Multiple_Gunshots,2014-07-05,00:35:22,WashingtonDC1D,38.903,-76.987
5104,5D43961,Single_Gunshot,2014-07-05,00:35:23,WashingtonDC5D,38.901,-76.978
5105,4D39008,Single_Gunshot,2014-07-05,00:35:23,WashingtonDC4D,38.961,-77.006
5106,7D149112,Multiple_Gunshots,2014-07-05,00:35:25,WashingtonDC7D,38.847,-76.977
5107,5D43962,Multiple_Gunshots,2014-07-05,00:35:27,WashingtonDC5D,38.903,-76.987
5108,4D39009,Single_Gunshot,2014-07-05,00:35:27,WashingtonDC4D,38.958,-77.019
5109,1D60662,Multiple_Gunshots,2014-07-05,00:35:27,WashingtonDC1D,38.903,-76.988
5110,4D39010,Single_Gunshot,2014-07-05,00:35:29,WashingtonDC4D,38.961,-77.021
5111,1D60663,Multiple_Gunshots,2014-07-05,00:35:30,WashingtonDC1D,38.903,-76.987
5112,4D39011,Single_Gunshot,2014-07-05,00:35:31,WashingtonDC4D,38.959,-77.017
5113,6D113168,Multiple_Gunshots,2014-07-05,00:35:32,WashingtonDC6D,38.892,-76.953
5114,6D113169,Multiple_Gunshots,2014-07-05,00:35:36,WashingtonDC6D,38.892,-76.953
5115,7D149114,Multiple_Gunshots,2014-07-05,00:35:37,WashingtonDC7D,38.839,-76.998
5116,4D39012,Single_Gunshot,2014-07-05,00:35:37,WashingtonDC4D,38.951,-77.017
5117,6D113172,Multiple_Gunshots,2014-07-05,00:35:44,WashingtonDC6D,38.887,-76.932
5118,4D39013,Multiple_Gunshots,2014-07-05,00:35:45,WashingtonDC4D,38.958,-77.019
5119,1D60664,Single_Gunshot,2014-07-05,00:35:46,WashingtonDC1D,38.905,-76.981
5120,4D39014,Multiple_Gunshots,2014-07-05,00:35:48,WashingtonDC4D,38.958,-77.018
5121,6D113174,Gunshot_or_Firecracker,2014-07-05,00:35:49,WashingtonDC6D,38.887,-76.932
5122,4D39015,Single_Gunshot,2014-07-05,00:35:50,WashingtonDC4D,38.953,-77.023
5123,6D113175,Multiple_Gunshots,2014-07-05,00:35:51,WashingtonDC6D,38.888,-76.93
5124,3D46558,Multiple_Gunshots,2014-07-05,00:35:51,WashingtonDC3D,38.913,-77.028
5125,5D43963,Multiple_Gunshots,2014-07-05,00:35:57,WashingtonDC5D,38.922,-76.972
5126,1D60665,Multiple_Gunshots,2014-07-05,00:35:59,WashingtonDC1D,38.903,-76.985
5127,6D113176,Multiple_Gunshots,2014-07-05,00:36:05,WashingtonDC6D,38.91,-76.932
5128,5D43964,Single_Gunshot,2014-07-05,00:36:05,WashingtonDC5D,38.903,-76.985
5129,1D60666,Single_Gunshot,2014-07-05,00:36:06,WashingtonDC1D,38.903,-76.984
5130,5D43965,Multiple_Gunshots,2014-07-05,00:36:09,WashingtonDC5D,38.922,-76.973
5131,4D39018,Multiple_Gunshots,2014-07-05,00:36:09,WashingtonDC4D,38.966,-77.021
5132,3D46559,Multiple_Gunshots,2014-07-05,00:36:10,WashingtonDC3D,38.913,-77.028
5133,6D113177,Single_Gunshot,2014-07-05,00:36:11,WashingtonDC6D,38.887,-76.933
5134,4D39019,Single_Gunshot,2014-07-05,00:36:11,WashingtonDC4D,38.959,-77.026
5135,7D149119,Multiple_Gunshots,2014-07-05,00:36:12,WashingtonDC7D,38.843,-76.986
5136,1D60667,Single_Gunshot,2014-07-05,00:36:13,WashingtonDC1D,38.903,-76.985
5137,4D39020,Multiple_Gunshots,2014-07-05,00:36:16,WashingtonDC4D,38.968,-77.021
5138,6D113179,Multiple_Gunshots,2014-07-05,00:36:21,WashingtonDC6D,38.912,-76.932
5139,3D46560,Multiple_Gunshots,2014-07-05,00:36:23,WashingtonDC3D,38.913,-77.028
5140,1D60668,Single_Gunshot,2014-07-05,00:36:24,WashingtonDC1D,38.896,-76.985
5141,7D149120,Multiple_Gunshots,2014-07-05,00:36:27,WashingtonDC7D,38.843,-76.986
5142,7D149121,Multiple_Gunshots,2014-07-05,00:36:28,WashingtonDC7D,38.843,-76.986
5143,1D60670,Single_Gunshot,2014-07-05,00:36:30,WashingtonDC1D,38.902,-76.98
5144,5D43966,Multiple_Gunshots,2014-07-05,00:36:31,WashingtonDC5D,38.922,-76.973
5145,6D113181,Single_Gunshot,2014-07-05,00:36:35,WashingtonDC6D,38.899,-76.924
5146,1D60671,Multiple_Gunshots,2014-07-05,00:36:35,WashingtonDC1D,38.895,-76.984
5147,7D149122,Single_Gunshot,2014-07-05,00:36:40,WashingtonDC7D,38.843,-76.986
5148,5D43967,Single_Gunshot,2014-07-05,00:36:40,WashingtonDC5D,38.909,-76.972
5149,7D149123,Multiple_Gunshots,2014-07-05,00:36:41,WashingtonDC7D,38.844,-76.986
5150,6D113182,Multiple_Gunshots,2014-07-05,00:36:41,WashingtonDC6D,38.899,-76.924
5151,5D43968,Single_Gunshot,2014-07-05,00:36:42,WashingtonDC5D,38.921,-76.982
5152,1D60673,Single_Gunshot,2014-07-05,00:36:43,WashingtonDC1D,38.896,-76.985
5153,5D43969,Multiple_Gunshots,2014-07-05,00:36:52,WashingtonDC5D,38.896,-76.985
5154,1D60674,Multiple_Gunshots,2014-07-05,00:36:52,WashingtonDC1D,38.896,-76.985
5155,6D113183,Single_Gunshot,2014-07-05,00:36:53,WashingtonDC6D,38.899,-76.924
5156,6D113184,Single_Gunshot,2014-07-05,00:36:55,WashingtonDC6D,38.898,-76.923
5157,6D113185,Single_Gunshot,2014-07-05,00:36:56,WashingtonDC6D,38.899,-76.924
5158,6D113186,Gunshot_or_Firecracker,2014-07-05,00:36:58,WashingtonDC6D,38.889,-76.928
5159,1D60675,Single_Gunshot,2014-07-05,00:36:59,WashingtonDC1D,38.903,-76.989
5160,5D43970,Single_Gunshot,2014-07-05,00:37:04,WashingtonDC5D,38.909,-76.989
5161,6D113188,Single_Gunshot,2014-07-05,00:37:05,WashingtonDC6D,38.898,-76.924
5162,1D60676,Multiple_Gunshots,2014-07-05,00:37:05,WashingtonDC1D,38.903,-76.989
5163,5D43971,Single_Gunshot,2014-07-05,00:37:09,WashingtonDC5D,38.903,-76.99
5164,5D43972,Single_Gunshot,2014-07-05,00:37:14,WashingtonDC5D,38.903,-76.99
5165,1D60677,Multiple_Gunshots,2014-07-05,00:37:15,WashingtonDC1D,38.902,-76.989
5166,5D43974,Multiple_Gunshots,2014-07-05,00:37:25,WashingtonDC5D,38.926,-76.979
5167,1D60678,Multiple_Gunshots,2014-07-05,00:37:31,WashingtonDC1D,38.904,-76.988
5168,3D46561,Single_Gunshot,2014-07-05,00:37:36,WashingtonDC3D,38.919,-77.026
5169,5D43975,Multiple_Gunshots,2014-07-05,00:37:40,WashingtonDC5D,38.905,-76.988
5170,7D149127,Multiple_Gunshots,2014-07-05,00:37:43,WashingtonDC7D,38.847,-76.982
5171,1D60679,Single_Gunshot,2014-07-05,00:37:44,WashingtonDC1D,38.9,-76.982
5172,1D60680,Gunshot_or_Firecracker,2014-07-05,00:37:47,WashingtonDC1D,38.874,-77.011
5173,7D149128,Multiple_Gunshots,2014-07-05,00:37:48,WashingtonDC7D,38.848,-76.982
5174,5D43976,Multiple_Gunshots,2014-07-05,00:37:50,WashingtonDC5D,38.927,-76.975
5175,3D46562,Single_Gunshot,2014-07-05,00:37:59,WashingtonDC3D,38.937,-77.022
5176,5D43977,Single_Gunshot,2014-07-05,00:38:02,WashingtonDC5D,38.927,-76.975
5177,7D149129,Multiple_Gunshots,2014-07-05,00:38:04,WashingtonDC7D,38.845,-76.973
5178,6D113197,Single_Gunshot,2014-07-05,00:38:08,WashingtonDC6D,38.889,-76.928
5179,5D43978,Multiple_Gunshots,2014-07-05,00:38:08,WashingtonDC5D,38.926,-76.975
5180,6D113198,Single_Gunshot,2014-07-05,00:38:13,WashingtonDC6D,38.873,-76.966
5181,6D113199,Single_Gunshot,2014-07-05,00:38:16,WashingtonDC6D,38.908,-76.934
5182,7D149130,Multiple_Gunshots,2014-07-05,00:38:21,WashingtonDC7D,38.834,-76.987
5183,6D113200,Single_Gunshot,2014-07-05,00:38:23,WashingtonDC6D,38.909,-76.933
5184,6D113201,Multiple_Gunshots,2014-07-05,00:38:29,WashingtonDC6D,38.91,-76.932
5185,7D149131,Multiple_Gunshots,2014-07-05,00:38:32,WashingtonDC7D,38.828,-77.003
5186,3D46563,Gunshot_or_Firecracker,2014-07-05,00:38:32,WashingtonDC3D,38.914,-77.027
5187,6D113202,Multiple_Gunshots,2014-07-05,00:38:36,WashingtonDC6D,38.893,-76.926
5188,5D43979,Multiple_Gunshots,2014-07-05,00:38:37,WashingtonDC5D,38.923,-76.986
5189,3D46564,Single_Gunshot,2014-07-05,00:38:38,WashingtonDC3D,38.919,-77.026
5190,7D149133,Single_Gunshot,2014-07-05,00:38:40,WashingtonDC7D,38.858,-76.978
5191,6D113203,Multiple_Gunshots,2014-07-05,00:38:43,WashingtonDC6D,38.893,-76.926
5192,5D43981,Multiple_Gunshots,2014-07-05,00:38:47,WashingtonDC5D,38.922,-76.986
5193,6D113205,Single_Gunshot,2014-07-05,00:38:49,WashingtonDC6D,38.889,-76.928
5194,7D149134,Multiple_Gunshots,2014-07-05,00:38:51,WashingtonDC7D,38.825,-77.01
5195,3D46565,Single_Gunshot,2014-07-05,00:38:52,WashingtonDC3D,38.924,-77.029
5196,1D60682,Single_Gunshot,2014-07-05,00:38:54,WashingtonDC1D,38.874,-77.011
5197,6D113207,Multiple_Gunshots,2014-07-05,00:38:55,WashingtonDC6D,38.884,-76.924
5198,7D149135,Single_Gunshot,2014-07-05,00:39:01,WashingtonDC7D,38.845,-76.978
5199,4D39029,Single_Gunshot,2014-07-05,00:39:02,WashingtonDC4D,38.96,-77.007
5200,3D46566,Multiple_Gunshots,2014-07-05,00:39:02,WashingtonDC3D,38.921,-77.032
5201,4D39030,Single_Gunshot,2014-07-05,00:39:10,WashingtonDC4D,38.954,-77.028
5202,3D46567,Single_Gunshot,2014-07-05,00:39:12,WashingtonDC3D,38.921,-77.033
5203,6D113209,Single_Gunshot,2014-07-05,00:39:13,WashingtonDC6D,38.899,-76.945
5204,3D46568,Multiple_Gunshots,2014-07-05,00:39:15,WashingtonDC3D,38.921,-77.032
5205,7D149136,Multiple_Gunshots,2014-07-05,00:39:18,WashingtonDC7D,38.859,-77.001
5206,4D39031,Multiple_Gunshots,2014-07-05,00:39:20,WashingtonDC4D,38.955,-77.028
5207,3D46570,Multiple_Gunshots,2014-07-05,00:39:26,WashingtonDC3D,38.921,-77.032
5208,5D43983,Single_Gunshot,2014-07-05,00:39:27,WashingtonDC5D,38.922,-77.0
5209,6D113211,Multiple_Gunshots,2014-07-05,00:39:28,WashingtonDC6D,38.886,-76.909
5210,5D43984,Single_Gunshot,2014-07-05,00:39:32,WashingtonDC5D,38.927,-76.995
5211,1D60684,Single_Gunshot,2014-07-05,00:39:34,WashingtonDC1D,38.894,-76.974
5212,3D46571,Multiple_Gunshots,2014-07-05,00:39:37,WashingtonDC3D,38.921,-77.033
5213,6D113213,Multiple_Gunshots,2014-07-05,00:39:38,WashingtonDC6D,38.889,-76.928
5214,3D46572,Gunshot_or_Firecracker,2014-07-05,00:39:39,WashingtonDC3D,38.921,-77.024
5215,7D149137,Multiple_Gunshots,2014-07-05,00:39:44,WashingtonDC7D,38.859,-77.001
5216,6D113216,Multiple_Gunshots,2014-07-05,00:39:52,WashingtonDC6D,38.892,-76.958
5217,7D149138,Multiple_Gunshots,2014-07-05,00:39:53,WashingtonDC7D,38.825,-77.01
5218,7D149139,Multiple_Gunshots,2014-07-05,00:39:58,WashingtonDC7D,38.843,-76.986
5219,7D149140,Single_Gunshot,2014-07-05,00:40:01,WashingtonDC7D,38.843,-76.986
5220,7D149141,Multiple_Gunshots,2014-07-05,00:40:02,WashingtonDC7D,38.843,-76.986
5221,7D149142,Multiple_Gunshots,2014-07-05,00:40:03,WashingtonDC7D,38.843,-76.986
5222,4D39036,Single_Gunshot,2014-07-05,00:40:03,WashingtonDC4D,38.948,-77.025
5223,5D43985,Gunshot_or_Firecracker,2014-07-05,00:40:07,WashingtonDC5D,38.917,-77.012
5224,3D46574,Gunshot_or_Firecracker,2014-07-05,00:40:08,WashingtonDC3D,38.938,-77.034
5225,4D39038,Single_Gunshot,2014-07-05,00:40:11,WashingtonDC4D,38.948,-77.023
5226,1D60686,Single_Gunshot,2014-07-05,00:40:11,WashingtonDC1D,38.862,-77.023
5227,1D60687,Single_Gunshot,2014-07-05,00:40:17,WashingtonDC1D,38.904,-76.988
5228,5D43986,Single_Gunshot,2014-07-05,00:40:18,WashingtonDC5D,38.904,-76.988
5229,7D149143,Multiple_Gunshots,2014-07-05,00:40:20,WashingtonDC7D,38.843,-76.986
5230,6D113220,Multiple_Gunshots,2014-07-05,00:40:20,WashingtonDC6D,38.892,-76.959
5231,5D43987,Multiple_Gunshots,2014-07-05,00:40:22,WashingtonDC5D,38.91,-76.988
5232,1D60688,Single_Gunshot,2014-07-05,00:40:23,WashingtonDC1D,38.874,-77.011
5233,7D149144,Single_Gunshot,2014-07-05,00:40:25,WashingtonDC7D,38.834,-77.001
5234,7D149145,Single_Gunshot,2014-07-05,00:40:27,WashingtonDC7D,38.834,-77.001
5235,1D60689,Single_Gunshot,2014-07-05,00:40:29,WashingtonDC1D,38.903,-76.988
5236,6D113221,Single_Gunshot,2014-07-05,00:40:32,WashingtonDC6D,38.909,-76.931
5237,7D149146,Single_Gunshot,2014-07-05,00:40:33,WashingtonDC7D,38.835,-77.001
5238,1D60690,Single_Gunshot,2014-07-05,00:40:41,WashingtonDC1D,38.904,-76.988
5239,4D39041,Multiple_Gunshots,2014-07-05,00:40:44,WashingtonDC4D,38.959,-77.009
5240,3D46576,Single_Gunshot,2014-07-05,00:40:48,WashingtonDC3D,38.92,-77.033
5241,7D149147,Single_Gunshot,2014-07-05,00:40:49,WashingtonDC7D,38.84,-76.989
5242,5D43990,Gunshot_or_Firecracker,2014-07-05,00:40:51,WashingtonDC5D,38.91,-76.987
5243,7D149148,Single_Gunshot,2014-07-05,00:40:54,WashingtonDC7D,38.838,-76.981
5244,7D149149,Multiple_Gunshots,2014-07-05,00:40:56,WashingtonDC7D,38.845,-76.978
5245,4D39043,Single_Gunshot,2014-07-05,00:40:56,WashingtonDC4D,38.95,-77.013
5246,7D149150,Single_Gunshot,2014-07-05,00:41:01,WashingtonDC7D,38.834,-77.001
5247,6D113223,Multiple_Gunshots,2014-07-05,00:41:01,WashingtonDC6D,38.891,-76.931
5248,7D149151,Multiple_Gunshots,2014-07-05,00:41:04,WashingtonDC7D,38.847,-76.981
5249,4D39045,Single_Gunshot,2014-07-05,00:41:07,WashingtonDC4D,38.957,-77.032
5250,3D46577,Gunshot_or_Firecracker,2014-07-05,00:41:07,WashingtonDC3D,38.932,-77.021
5251,5D43991,Multiple_Gunshots,2014-07-05,00:41:11,WashingtonDC5D,38.91,-76.988
5252,3D46578,Single_Gunshot,2014-07-05,00:41:11,WashingtonDC3D,38.919,-77.026
5253,4D39046,Multiple_Gunshots,2014-07-05,00:41:12,WashingtonDC4D,38.96,-77.008
5254,6D113225,Multiple_Gunshots,2014-07-05,00:41:13,WashingtonDC6D,38.892,-76.946
5255,4D39047,Single_Gunshot,2014-07-05,00:41:22,WashingtonDC4D,38.949,-77.014
5256,5D43993,Multiple_Gunshots,2014-07-05,00:41:24,WashingtonDC5D,38.922,-77.0
5257,7D149153,Multiple_Gunshots,2014-07-05,00:41:25,WashingtonDC7D,38.847,-76.981
5258,7D149155,Multiple_Gunshots,2014-07-05,00:41:36,WashingtonDC7D,38.847,-76.981
5259,4D39048,Single_Gunshot,2014-07-05,00:41:42,WashingtonDC4D,38.958,-77.032
5260,7D149156,Single_Gunshot,2014-07-05,00:41:43,WashingtonDC7D,38.846,-76.99
5261,7D149157,Single_Gunshot,2014-07-05,00:41:44,WashingtonDC7D,38.841,-76.989
5262,6D113229,Multiple_Gunshots,2014-07-05,00:41:44,WashingtonDC6D,38.891,-76.931
5263,3D46580,Single_Gunshot,2014-07-05,00:41:48,WashingtonDC3D,38.941,-77.032
5264,6D113231,Single_Gunshot,2014-07-05,00:41:49,WashingtonDC6D,38.882,-76.93
5265,4D39050,Single_Gunshot,2014-07-05,00:41:49,WashingtonDC4D,38.942,-77.032
5266,7D149158,Single_Gunshot,2014-07-05,00:41:50,WashingtonDC7D,38.847,-76.982
5267,5D43995,Multiple_Gunshots,2014-07-05,00:41:54,WashingtonDC5D,38.908,-76.986
5268,4D39052,Single_Gunshot,2014-07-05,00:41:55,WashingtonDC4D,38.96,-77.007
5269,6D113232,Multiple_Gunshots,2014-07-05,00:41:56,WashingtonDC6D,38.892,-76.953
5270,4D39053,Single_Gunshot,2014-07-05,00:42:04,WashingtonDC4D,38.96,-77.008
5271,7D149161,Single_Gunshot,2014-07-05,00:42:06,WashingtonDC7D,38.834,-77.001
5272,6D113235,Gunshot_or_Firecracker,2014-07-05,00:42:08,WashingtonDC6D,38.886,-76.925
5273,4D39054,Single_Gunshot,2014-07-05,00:42:10,WashingtonDC4D,38.959,-77.018
5274,7D149162,Single_Gunshot,2014-07-05,00:42:11,WashingtonDC7D,38.849,-76.972
5275,7D149163,Multiple_Gunshots,2014-07-05,00:42:13,WashingtonDC7D,38.852,-76.97
5276,6D113237,Multiple_Gunshots,2014-07-05,00:42:13,WashingtonDC6D,38.892,-76.953
5277,5D43998,Single_Gunshot,2014-07-05,00:42:13,WashingtonDC5D,38.907,-76.984
5278,3D46581,Single_Gunshot,2014-07-05,00:42:13,WashingtonDC3D,38.92,-77.032
5279,4D39055,Single_Gunshot,2014-07-05,00:42:21,WashingtonDC4D,38.96,-77.007
5280,6D113239,Single_Gunshot,2014-07-05,00:42:23,WashingtonDC6D,38.905,-76.935
5281,7D149164,Single_Gunshot,2014-07-05,00:42:24,WashingtonDC7D,38.834,-77.001
5282,4D39056,Multiple_Gunshots,2014-07-05,00:42:24,WashingtonDC4D,38.94,-77.026
5283,7D149165,Single_Gunshot,2014-07-05,00:42:26,WashingtonDC7D,38.835,-77.001
5284,3D46584,Single_Gunshot,2014-07-05,00:42:27,WashingtonDC3D,38.92,-77.026
5285,3D46585,Single_Gunshot,2014-07-05,00:42:28,WashingtonDC3D,38.922,-77.031
5286,3D46586,Single_Gunshot,2014-07-05,00:42:29,WashingtonDC3D,38.921,-77.033
5287,7D149166,Multiple_Gunshots,2014-07-05,00:42:30,WashingtonDC7D,38.829,-77.008
5288,5D43999,Gunshot_or_Firecracker,2014-07-05,00:42:34,WashingtonDC5D,38.904,-76.988
5289,1D60694,Single_Gunshot,2014-07-05,00:42:36,WashingtonDC1D,38.904,-76.988
5290,7D149167,Multiple_Gunshots,2014-07-05,00:42:40,WashingtonDC7D,38.83,-77.008
5291,7D149168,Single_Gunshot,2014-07-05,00:42:44,WashingtonDC7D,38.835,-77.001
5292,4D39059,Multiple_Gunshots,2014-07-05,00:42:48,WashingtonDC4D,38.949,-77.007
5293,3D46589,Multiple_Gunshots,2014-07-05,00:42:52,WashingtonDC3D,38.935,-77.019
5294,7D149169,Single_Gunshot,2014-07-05,00:42:56,WashingtonDC7D,38.852,-76.97
5295,7D149170,Single_Gunshot,2014-07-05,00:42:58,WashingtonDC7D,38.852,-76.97
5296,3D46590,Single_Gunshot,2014-07-05,00:42:59,WashingtonDC3D,38.926,-77.025
5297,7D149171,Single_Gunshot,2014-07-05,00:43:01,WashingtonDC7D,38.852,-76.97
5298,4D39060,Multiple_Gunshots,2014-07-05,00:43:03,WashingtonDC4D,38.942,-77.035
5299,7D149172,Multiple_Gunshots,2014-07-05,00:43:04,WashingtonDC7D,38.834,-76.987
5300,3D46591,Multiple_Gunshots,2014-07-05,00:43:11,WashingtonDC3D,38.938,-77.015
5301,6D113244,Gunshot_or_Firecracker,2014-07-05,00:43:12,WashingtonDC6D,38.887,-76.932
5302,7D149173,Single_Gunshot,2014-07-05,00:43:13,WashingtonDC7D,38.835,-77.001
5303,6D113245,Multiple_Gunshots,2014-07-05,00:43:16,WashingtonDC6D,38.887,-76.932
5304,4D39062,Multiple_Gunshots,2014-07-05,00:43:17,WashingtonDC4D,38.954,-77.031
5305,4D39063,Single_Gunshot,2014-07-05,00:43:20,WashingtonDC4D,38.957,-77.012
5306,4D39064,Single_Gunshot,2014-07-05,00:43:27,WashingtonDC4D,38.958,-77.023
5307,7D149174,Single_Gunshot,2014-07-05,00:43:29,WashingtonDC7D,38.834,-77.001
5308,6D113246,Single_Gunshot,2014-07-05,00:43:32,WashingtonDC6D,38.908,-76.931
5309,5D44004,Multiple_Gunshots,2014-07-05,00:43:32,WashingtonDC5D,38.922,-77.0
5310,1D60698,Single_Gunshot,2014-07-05,00:43:36,WashingtonDC1D,38.904,-76.988
5311,6D113247,Multiple_Gunshots,2014-07-05,00:43:37,WashingtonDC6D,38.868,-76.947
5312,1D60699,Single_Gunshot,2014-07-05,00:43:41,WashingtonDC1D,38.899,-76.974
5313,6D113248,Single_Gunshot,2014-07-05,00:43:45,WashingtonDC6D,38.9,-76.938
5314,5D44005,Single_Gunshot,2014-07-05,00:43:50,WashingtonDC5D,38.926,-76.967
5315,4D39065,Single_Gunshot,2014-07-05,00:43:51,WashingtonDC4D,38.957,-77.012
5316,6D113249,Single_Gunshot,2014-07-05,00:43:53,WashingtonDC6D,38.885,-76.93
5317,7D149175,Multiple_Gunshots,2014-07-05,00:43:54,WashingtonDC7D,38.826,-77.008
5318,6D113250,Single_Gunshot,2014-07-05,00:44:00,WashingtonDC6D,38.881,-76.932
5319,4D39066,Multiple_Gunshots,2014-07-05,00:44:05,WashingtonDC4D,38.961,-77.006
5320,7D149178,Multiple_Gunshots,2014-07-05,00:44:10,WashingtonDC7D,38.834,-77.001
5321,4D39067,Single_Gunshot,2014-07-05,00:44:11,WashingtonDC4D,38.94,-77.026
5322,3D46593,Single_Gunshot,2014-07-05,00:44:12,WashingtonDC3D,38.938,-77.026
5323,6D113251,Multiple_Gunshots,2014-07-05,00:44:15,WashingtonDC6D,38.889,-76.928
5324,4D39068,Multiple_Gunshots,2014-07-05,00:44:19,WashingtonDC4D,38.96,-77.023
5325,7D149179,Single_Gunshot,2014-07-05,00:44:21,WashingtonDC7D,38.839,-76.996
5326,7D149180,Single_Gunshot,2014-07-05,00:44:23,WashingtonDC7D,38.834,-77.001
5327,4D39069,Single_Gunshot,2014-07-05,00:44:25,WashingtonDC4D,38.942,-77.021
5328,3D46594,Single_Gunshot,2014-07-05,00:44:27,WashingtonDC3D,38.937,-77.023
5329,7D149181,Single_Gunshot,2014-07-05,00:44:29,WashingtonDC7D,38.839,-76.996
5330,6D113254,Single_Gunshot,2014-07-05,00:44:33,WashingtonDC6D,38.877,-76.962
5331,3D46595,Multiple_Gunshots,2014-07-05,00:44:37,WashingtonDC3D,38.919,-77.026
5332,7D149182,Single_Gunshot,2014-07-05,00:44:43,WashingtonDC7D,38.853,-76.98
5333,6D113255,Single_Gunshot,2014-07-05,00:44:44,WashingtonDC6D,38.901,-76.928
5334,4D39070,Single_Gunshot,2014-07-05,00:44:44,WashingtonDC4D,38.958,-77.021
5335,1D60701,Single_Gunshot,2014-07-05,00:44:46,WashingtonDC1D,38.899,-76.974
5336,7D149183,Multiple_Gunshots,2014-07-05,00:44:49,WashingtonDC7D,38.852,-76.97
5337,6D113256,Single_Gunshot,2014-07-05,00:44:51,WashingtonDC6D,38.889,-76.928
5338,5D44011,Single_Gunshot,2014-07-05,00:44:52,WashingtonDC5D,38.922,-77.0
5339,4D39071,Multiple_Gunshots,2014-07-05,00:44:56,WashingtonDC4D,38.957,-77.012
5340,1D60702,Multiple_Gunshots,2014-07-05,00:45:01,WashingtonDC1D,38.896,-76.985
5341,6D113258,Single_Gunshot,2014-07-05,00:45:06,WashingtonDC6D,38.911,-76.935
5342,5D44012,Single_Gunshot,2014-07-05,00:45:07,WashingtonDC5D,38.894,-76.988
5343,1D60703,Multiple_Gunshots,2014-07-05,00:45:07,WashingtonDC1D,38.896,-76.985
5344,7D149184,Single_Gunshot,2014-07-05,00:45:08,WashingtonDC7D,38.847,-76.982
5345,4D39072,Single_Gunshot,2014-07-05,00:45:08,WashingtonDC4D,38.948,-77.025
5346,7D149185,Multiple_Gunshots,2014-07-05,00:45:13,WashingtonDC7D,38.843,-76.986
5347,1D60704,Multiple_Gunshots,2014-07-05,00:45:13,WashingtonDC1D,38.896,-76.985
5348,4D39073,Single_Gunshot,2014-07-05,00:45:16,WashingtonDC4D,38.948,-77.025
5349,1D60705,Single_Gunshot,2014-07-05,00:45:19,WashingtonDC1D,38.896,-76.985
5350,1D60706,Single_Gunshot,2014-07-05,00:45:20,WashingtonDC1D,38.894,-76.984
5351,6D113262,Single_Gunshot,2014-07-05,00:45:21,WashingtonDC6D,38.889,-76.928
5352,4D39075,Single_Gunshot,2014-07-05,00:45:23,WashingtonDC4D,38.948,-77.025
5353,4D39074,Single_Gunshot,2014-07-05,00:45:23,WashingtonDC4D,38.948,-77.025
5354,3D46597,Gunshot_or_Firecracker,2014-07-05,00:45:23,WashingtonDC3D,38.941,-77.025
5355,4D39076,Multiple_Gunshots,2014-07-05,00:45:25,WashingtonDC4D,38.947,-77.025
5356,1D60707,Single_Gunshot,2014-07-05,00:45:28,WashingtonDC1D,38.903,-76.987
5357,7D149186,Multiple_Gunshots,2014-07-05,00:45:32,WashingtonDC7D,38.843,-76.986
5358,3D46598,Multiple_Gunshots,2014-07-05,00:45:35,WashingtonDC3D,38.945,-77.026
5359,4D39077,Single_Gunshot,2014-07-05,00:45:39,WashingtonDC4D,38.95,-77.014
5360,7D149187,Single_Gunshot,2014-07-05,00:45:47,WashingtonDC7D,38.846,-76.977
5361,6D113265,Multiple_Gunshots,2014-07-05,00:45:47,WashingtonDC6D,38.889,-76.928
5362,3D46599,Single_Gunshot,2014-07-05,00:45:47,WashingtonDC3D,38.939,-77.026
5363,4D39078,Single_Gunshot,2014-07-05,00:45:49,WashingtonDC4D,38.95,-77.013
5364,3D46600,Single_Gunshot,2014-07-05,00:45:52,WashingtonDC3D,38.935,-77.028
5365,3D46601,Single_Gunshot,2014-07-05,00:45:54,WashingtonDC3D,38.935,-77.028
5366,6D113266,Single_Gunshot,2014-07-05,00:45:57,WashingtonDC6D,38.914,-76.932
5367,1D60712,Single_Gunshot,2014-07-05,00:45:58,WashingtonDC1D,38.904,-76.988
5368,4D39079,Single_Gunshot,2014-07-05,00:45:59,WashingtonDC4D,38.949,-77.014
5369,4D39080,Gunshot_or_Firecracker,2014-07-05,00:46:04,WashingtonDC4D,38.945,-77.035
5370,7D149188,Single_Gunshot,2014-07-05,00:46:08,WashingtonDC7D,38.857,-76.978
5371,6D113267,Single_Gunshot,2014-07-05,00:46:10,WashingtonDC6D,38.892,-76.933
5372,4D39081,Single_Gunshot,2014-07-05,00:46:10,WashingtonDC4D,38.95,-77.014
5373,3D46603,Single_Gunshot,2014-07-05,00:46:15,WashingtonDC3D,38.939,-77.023
5374,6D113268,Single_Gunshot,2014-07-05,00:46:21,WashingtonDC6D,38.877,-76.962
5375,7D149190,Single_Gunshot,2014-07-05,00:46:24,WashingtonDC7D,38.834,-77.001
5376,3D46604,Single_Gunshot,2014-07-05,00:46:28,WashingtonDC3D,38.919,-77.026
5377,5D44019,Single_Gunshot,2014-07-05,00:46:31,WashingtonDC5D,38.926,-76.967
5378,7D149191,Single_Gunshot,2014-07-05,00:46:32,WashingtonDC7D,38.839,-76.996
5379,6D113269,Single_Gunshot,2014-07-05,00:46:32,WashingtonDC6D,38.881,-76.932
5380,4D39082,Multiple_Gunshots,2014-07-05,00:46:32,WashingtonDC4D,38.955,-77.028
5381,4D39083,Single_Gunshot,2014-07-05,00:46:37,WashingtonDC4D,38.94,-77.022
5382,4D39084,Multiple_Gunshots,2014-07-05,00:46:39,WashingtonDC4D,38.961,-77.006
5383,4D39085,Single_Gunshot,2014-07-05,00:46:42,WashingtonDC4D,38.94,-77.022
5384,3D46606,Single_Gunshot,2014-07-05,00:46:42,WashingtonDC3D,38.927,-77.028
5385,3D46607,Single_Gunshot,2014-07-05,00:46:43,WashingtonDC3D,38.931,-77.027
5386,6D113271,Single_Gunshot,2014-07-05,00:46:44,WashingtonDC6D,38.906,-76.935
5387,5D44020,Single_Gunshot,2014-07-05,00:46:44,WashingtonDC5D,38.902,-76.998
5388,3D46608,Single_Gunshot,2014-07-05,00:46:46,WashingtonDC3D,38.94,-77.022
5389,7D149192,Single_Gunshot,2014-07-05,00:46:47,WashingtonDC7D,38.857,-76.978
5390,4D39086,Multiple_Gunshots,2014-07-05,00:46:50,WashingtonDC4D,38.94,-77.022
5391,3D46610,Single_Gunshot,2014-07-05,00:46:54,WashingtonDC3D,38.94,-77.022
5392,3D46611,Single_Gunshot,2014-07-05,00:46:58,WashingtonDC3D,38.928,-77.024
5393,4D39087,Multiple_Gunshots,2014-07-05,00:47:01,WashingtonDC4D,38.961,-77.006
5394,5D44021,Multiple_Gunshots,2014-07-05,00:47:06,WashingtonDC5D,38.91,-76.988
5395,6D113274,Single_Gunshot,2014-07-05,00:47:07,WashingtonDC6D,38.882,-76.943
5396,7D149195,Multiple_Gunshots,2014-07-05,00:47:08,WashingtonDC7D,38.839,-76.994
5397,6D113275,Single_Gunshot,2014-07-05,00:47:21,WashingtonDC6D,38.881,-76.932
5398,4D39089,Single_Gunshot,2014-07-05,00:47:23,WashingtonDC4D,38.957,-77.013
5399,7D149196,Multiple_Gunshots,2014-07-05,00:47:24,WashingtonDC7D,38.828,-77.011
5400,7D149197,Multiple_Gunshots,2014-07-05,00:47:29,WashingtonDC7D,38.827,-77.015
5401,7D149198,Single_Gunshot,2014-07-05,00:47:32,WashingtonDC7D,38.839,-76.996
5402,3D46612,Single_Gunshot,2014-07-05,00:47:32,WashingtonDC3D,38.921,-77.033
5403,7D149199,Multiple_Gunshots,2014-07-05,00:47:35,WashingtonDC7D,38.828,-77.002
5404,4D39091,Single_Gunshot,2014-07-05,00:47:36,WashingtonDC4D,38.94,-77.026
5405,7D149200,Single_Gunshot,2014-07-05,00:47:39,WashingtonDC7D,38.835,-76.989
5406,1D60716,Multiple_Gunshots,2014-07-05,00:47:42,WashingtonDC1D,38.894,-76.98
5407,4D39092,Multiple_Gunshots,2014-07-05,00:47:44,WashingtonDC4D,38.96,-77.008
5408,7D149202,Multiple_Gunshots,2014-07-05,00:47:59,WashingtonDC7D,38.837,-76.997
5409,6D113279,Gunshot_or_Firecracker,2014-07-05,00:47:59,WashingtonDC6D,38.882,-76.943
5410,5D44022,Multiple_Gunshots,2014-07-05,00:47:59,WashingtonDC5D,38.936,-76.979
5411,7D149203,Gunshot_or_Firecracker,2014-07-05,00:48:05,WashingtonDC7D,38.86,-76.999
5412,5D44023,Single_Gunshot,2014-07-05,00:48:07,WashingtonDC5D,38.926,-76.967
5413,7D149204,Single_Gunshot,2014-07-05,00:48:12,WashingtonDC7D,38.845,-76.978
5414,4D39093,Single_Gunshot,2014-07-05,00:48:21,WashingtonDC4D,38.957,-77.013
5415,5D44024,Single_Gunshot,2014-07-05,00:48:23,WashingtonDC5D,38.903,-76.998
5416,1D60717,Single_Gunshot,2014-07-05,00:48:24,WashingtonDC1D,38.9,-76.981
5417,6D113281,Multiple_Gunshots,2014-07-05,00:48:27,WashingtonDC6D,38.887,-76.932
5418,4D39094,Multiple_Gunshots,2014-07-05,00:48:29,WashingtonDC4D,38.957,-77.013
5419,1D60718,Single_Gunshot,2014-07-05,00:48:29,WashingtonDC1D,38.895,-76.974
5420,3D46613,Multiple_Gunshots,2014-07-05,00:48:43,WashingtonDC3D,38.924,-77.029
5421,7D149208,Multiple_Gunshots,2014-07-05,00:48:44,WashingtonDC7D,38.829,-77.01
5422,4D39095,Multiple_Gunshots,2014-07-05,00:48:47,WashingtonDC4D,38.957,-77.012
5423,3D46614,Single_Gunshot,2014-07-05,00:48:50,WashingtonDC3D,38.923,-77.029
5424,7D149209,Multiple_Gunshots,2014-07-05,00:48:51,WashingtonDC7D,38.829,-77.01
5425,5D44026,Gunshot_or_Firecracker,2014-07-05,00:48:51,WashingtonDC5D,38.921,-76.962
5426,3D46615,Multiple_Gunshots,2014-07-05,00:48:52,WashingtonDC3D,38.924,-77.029
5427,5D44027,Gunshot_or_Firecracker,2014-07-05,00:48:56,WashingtonDC5D,38.91,-76.987
5428,6D113284,Single_Gunshot,2014-07-05,00:48:58,WashingtonDC6D,38.891,-76.952
5429,3D46616,Gunshot_or_Firecracker,2014-07-05,00:48:59,WashingtonDC3D,38.924,-77.029
5430,6D113285,Multiple_Gunshots,2014-07-05,00:49:08,WashingtonDC6D,38.882,-76.943
5431,3D46618,Gunshot_or_Firecracker,2014-07-05,00:49:09,WashingtonDC3D,38.924,-77.029
5432,4D39096,Multiple_Gunshots,2014-07-05,00:49:10,WashingtonDC4D,38.961,-77.006
5433,3D46619,Single_Gunshot,2014-07-05,00:49:10,WashingtonDC3D,38.923,-77.029
5434,6D113286,Multiple_Gunshots,2014-07-05,00:49:12,WashingtonDC6D,38.882,-76.943
5435,3D46620,Multiple_Gunshots,2014-07-05,00:49:13,WashingtonDC3D,38.922,-77.029
5436,7D149210,Single_Gunshot,2014-07-05,00:49:18,WashingtonDC7D,38.839,-76.996
5437,3D46621,Single_Gunshot,2014-07-05,00:49:25,WashingtonDC3D,38.91,-77.024
5438,7D149211,Multiple_Gunshots,2014-07-05,00:49:26,WashingtonDC7D,38.826,-77.003
5439,1D60721,Single_Gunshot,2014-07-05,00:49:26,WashingtonDC1D,38.894,-76.974
5440,7D149212,Multiple_Gunshots,2014-07-05,00:49:32,WashingtonDC7D,38.826,-77.003
5441,6D113289,Single_Gunshot,2014-07-05,00:49:34,WashingtonDC6D,38.89,-76.923
5442,3D46622,Single_Gunshot,2014-07-05,00:49:34,WashingtonDC3D,38.909,-77.024
5443,7D149213,Single_Gunshot,2014-07-05,00:49:40,WashingtonDC7D,38.839,-76.996
5444,3D46623,Gunshot_or_Firecracker,2014-07-05,00:49:43,WashingtonDC3D,38.933,-77.022
5445,1D60722,Single_Gunshot,2014-07-05,00:49:45,WashingtonDC1D,38.899,-76.977
5446,7D149214,Multiple_Gunshots,2014-07-05,00:49:47,WashingtonDC7D,38.827,-77.002
5447,6D113291,Single_Gunshot,2014-07-05,00:49:49,WashingtonDC6D,38.877,-76.962
5448,3D46624,Single_Gunshot,2014-07-05,00:49:56,WashingtonDC3D,38.926,-77.025
5449,3D46625,Single_Gunshot,2014-07-05,00:50:02,WashingtonDC3D,38.933,-77.023
5450,5D44028,Gunshot_or_Firecracker,2014-07-05,00:50:05,WashingtonDC5D,38.895,-76.974
5451,1D60723,Single_Gunshot,2014-07-05,00:50:05,WashingtonDC1D,38.895,-76.974
5452,4D39097,Multiple_Gunshots,2014-07-05,00:50:10,WashingtonDC4D,38.94,-77.026
5453,3D46627,Gunshot_or_Firecracker,2014-07-05,00:50:10,WashingtonDC3D,38.94,-77.026
5454,6D113294,Single_Gunshot,2014-07-05,00:50:14,WashingtonDC6D,38.89,-76.923
5455,5D44029,Gunshot_or_Firecracker,2014-07-05,00:50:14,WashingtonDC5D,38.904,-77.006
5456,3D46628,Multiple_Gunshots,2014-07-05,00:50:20,WashingtonDC3D,38.94,-77.026
5457,5D44030,Single_Gunshot,2014-07-05,00:50:24,WashingtonDC5D,38.902,-76.999
5458,1D60724,Single_Gunshot,2014-07-05,00:50:24,WashingtonDC1D,38.9,-76.994
5459,4D39098,Single_Gunshot,2014-07-05,00:50:26,WashingtonDC4D,38.942,-77.024
5460,7D149218,Multiple_Gunshots,2014-07-05,00:50:27,WashingtonDC7D,38.829,-77.006
5461,6D113296,Single_Gunshot,2014-07-05,00:50:27,WashingtonDC6D,38.898,-76.919
5462,3D46629,Multiple_Gunshots,2014-07-05,00:50:28,WashingtonDC3D,38.94,-77.026
5463,6D113297,Multiple_Gunshots,2014-07-05,00:50:29,WashingtonDC6D,38.898,-76.919
5464,4D39099,Gunshot_or_Firecracker,2014-07-05,00:50:29,WashingtonDC4D,38.94,-77.026
5465,4D39100,Multiple_Gunshots,2014-07-05,00:50:31,WashingtonDC4D,38.94,-77.025
5466,7D149219,Single_Gunshot,2014-07-05,00:50:33,WashingtonDC7D,38.854,-76.973
5467,4D39101,Multiple_Gunshots,2014-07-05,00:50:34,WashingtonDC4D,38.96,-77.007
5468,6D113300,Multiple_Gunshots,2014-07-05,00:50:36,WashingtonDC6D,38.891,-76.953
5469,7D149220,Multiple_Gunshots,2014-07-05,00:50:49,WashingtonDC7D,38.846,-76.97
5470,3D46630,Gunshot_or_Firecracker,2014-07-05,00:50:55,WashingtonDC3D,38.916,-77.008
5471,1D60725,Multiple_Gunshots,2014-07-05,00:50:55,WashingtonDC1D,38.895,-76.974
5472,5D44031,Single_Gunshot,2014-07-05,00:51:00,WashingtonDC5D,38.916,-77.008
5473,3D46631,Multiple_Gunshots,2014-07-05,00:51:10,WashingtonDC3D,38.916,-77.008
5474,5D44033,Single_Gunshot,2014-07-05,00:51:14,WashingtonDC5D,38.916,-77.008
5475,6D113308,Single_Gunshot,2014-07-05,00:51:17,WashingtonDC6D,38.906,-76.951
5476,3D46632,Single_Gunshot,2014-07-05,00:51:18,WashingtonDC3D,38.916,-77.008
5477,7D149223,Single_Gunshot,2014-07-05,00:51:19,WashingtonDC7D,38.845,-76.978
5478,5D44034,Single_Gunshot,2014-07-05,00:51:19,WashingtonDC5D,38.917,-77.008
5479,5D44035,Multiple_Gunshots,2014-07-05,00:51:22,WashingtonDC5D,38.922,-77.0
5480,4D39102,Single_Gunshot,2014-07-05,00:51:24,WashingtonDC4D,38.955,-77.021
5481,6D113310,Single_Gunshot,2014-07-05,00:51:25,WashingtonDC6D,38.9,-76.937
5482,7D149224,Multiple_Gunshots,2014-07-05,00:51:31,WashingtonDC7D,38.828,-77.01
5483,7D149227,Multiple_Gunshots,2014-07-05,00:51:42,WashingtonDC7D,38.839,-76.996
5484,4D39103,Gunshot_or_Firecracker,2014-07-05,00:51:43,WashingtonDC4D,38.959,-77.017
5485,5D44036,Single_Gunshot,2014-07-05,00:51:44,WashingtonDC5D,38.923,-76.986
5486,4D39104,Multiple_Gunshots,2014-07-05,00:51:48,WashingtonDC4D,38.96,-77.017
5487,3D46633,Single_Gunshot,2014-07-05,00:51:52,WashingtonDC3D,38.918,-77.015
5488,7D149229,Single_Gunshot,2014-07-05,00:51:54,WashingtonDC7D,38.834,-76.986
5489,4D39105,Gunshot_or_Firecracker,2014-07-05,00:51:56,WashingtonDC4D,38.958,-77.018
5490,5D44038,Single_Gunshot,2014-07-05,00:51:58,WashingtonDC5D,38.935,-76.977
5491,6D113315,Single_Gunshot,2014-07-05,00:52:01,WashingtonDC6D,38.909,-76.935
5492,4D39106,Single_Gunshot,2014-07-05,00:52:04,WashingtonDC4D,38.955,-77.021
5493,3D46634,Single_Gunshot,2014-07-05,00:52:06,WashingtonDC3D,38.913,-77.022
5494,4D39107,Single_Gunshot,2014-07-05,00:52:07,WashingtonDC4D,38.955,-77.021
5495,7D149232,Single_Gunshot,2014-07-05,00:52:09,WashingtonDC7D,38.834,-76.987
5496,7D149233,Multiple_Gunshots,2014-07-05,00:52:17,WashingtonDC7D,38.848,-76.976
5497,6D113318,Single_Gunshot,2014-07-05,00:52:21,WashingtonDC6D,38.907,-76.93
5498,5D44040,Single_Gunshot,2014-07-05,00:52:21,WashingtonDC5D,38.905,-77.011
5499,7D149234,Multiple_Gunshots,2014-07-05,00:52:22,WashingtonDC7D,38.845,-76.994
5500,3D46635,Single_Gunshot,2014-07-05,00:52:23,WashingtonDC3D,38.918,-77.015
5501,1D60728,Single_Gunshot,2014-07-05,00:52:27,WashingtonDC1D,38.907,-76.982
5502,6D113319,Single_Gunshot,2014-07-05,00:52:31,WashingtonDC6D,38.893,-76.922
5503,3D46636,Multiple_Gunshots,2014-07-05,00:52:32,WashingtonDC3D,38.913,-77.022
5504,4D39108,Single_Gunshot,2014-07-05,00:52:33,WashingtonDC4D,38.955,-77.021
5505,7D149236,Single_Gunshot,2014-07-05,00:52:34,WashingtonDC7D,38.834,-76.987
5506,5D44042,Single_Gunshot,2014-07-05,00:52:44,WashingtonDC5D,38.91,-76.988
5507,5D44043,Single_Gunshot,2014-07-05,00:52:46,WashingtonDC5D,38.91,-76.987
5508,1D60730,Single_Gunshot,2014-07-05,00:52:46,WashingtonDC1D,38.909,-76.987
5509,7D149238,Single_Gunshot,2014-07-05,00:52:53,WashingtonDC7D,38.853,-76.966
5510,5D44044,Single_Gunshot,2014-07-05,00:52:54,WashingtonDC5D,38.918,-76.999
5511,6D113322,Single_Gunshot,2014-07-05,00:52:57,WashingtonDC6D,38.89,-76.923
5512,4D39109,Single_Gunshot,2014-07-05,00:52:58,WashingtonDC4D,38.955,-77.021
5513,5D44045,Gunshot_or_Firecracker,2014-07-05,00:52:59,WashingtonDC5D,38.936,-76.979
5514,7D149239,Single_Gunshot,2014-07-05,00:53:00,WashingtonDC7D,38.835,-77.001
5515,4D39110,Multiple_Gunshots,2014-07-05,00:53:03,WashingtonDC4D,38.955,-77.021
5516,6D113323,Single_Gunshot,2014-07-05,00:53:11,WashingtonDC6D,38.884,-76.926
5517,7D149241,Multiple_Gunshots,2014-07-05,00:53:16,WashingtonDC7D,38.854,-76.966
5518,6D113325,Multiple_Gunshots,2014-07-05,00:53:21,WashingtonDC6D,38.878,-76.943
5519,4D39111,Multiple_Gunshots,2014-07-05,00:53:24,WashingtonDC4D,38.96,-77.007
5520,7D149242,Single_Gunshot,2014-07-05,00:53:25,WashingtonDC7D,38.834,-77.001
5521,5D44046,Gunshot_or_Firecracker,2014-07-05,00:53:27,WashingtonDC5D,38.926,-76.967
5522,4D39112,Single_Gunshot,2014-07-05,00:53:29,WashingtonDC4D,38.955,-77.021
5523,3D46638,Multiple_Gunshots,2014-07-05,00:53:30,WashingtonDC3D,38.938,-77.029
5524,4D39114,Single_Gunshot,2014-07-05,00:53:31,WashingtonDC4D,38.955,-77.021
5525,4D39113,Single_Gunshot,2014-07-05,00:53:31,WashingtonDC4D,38.955,-77.021
5526,3D46639,Multiple_Gunshots,2014-07-05,00:53:48,WashingtonDC3D,38.926,-77.025
5527,6D113328,Single_Gunshot,2014-07-05,00:53:51,WashingtonDC6D,38.9,-76.937
5528,7D149244,Single_Gunshot,2014-07-05,00:53:55,WashingtonDC7D,38.835,-77.001
5529,6D113330,Single_Gunshot,2014-07-05,00:54:02,WashingtonDC6D,38.894,-76.93
5530,1D60732,Multiple_Gunshots,2014-07-05,00:54:08,WashingtonDC1D,38.875,-77.013
5531,5D44049,Single_Gunshot,2014-07-05,00:54:12,WashingtonDC5D,38.935,-76.973
5532,4D39117,Single_Gunshot,2014-07-05,00:54:12,WashingtonDC4D,38.953,-77.019
5533,7D149246,Single_Gunshot,2014-07-05,00:54:23,WashingtonDC7D,38.835,-76.989
5534,5D44050,Single_Gunshot,2014-07-05,00:54:23,WashingtonDC5D,38.91,-76.988
5535,5D44051,Single_Gunshot,2014-07-05,00:54:30,WashingtonDC5D,38.905,-77.011
5536,7D149247,Single_Gunshot,2014-07-05,00:54:31,WashingtonDC7D,38.834,-76.987
5537,4D39118,Single_Gunshot,2014-07-05,00:54:33,WashingtonDC4D,38.96,-77.008
5538,7D149248,Single_Gunshot,2014-07-05,00:54:39,WashingtonDC7D,38.845,-76.978
5539,7D149249,Single_Gunshot,2014-07-05,00:54:42,WashingtonDC7D,38.845,-76.978
5540,4D39119,Multiple_Gunshots,2014-07-05,00:54:45,WashingtonDC4D,38.953,-77.019
5541,6D113338,Multiple_Gunshots,2014-07-05,00:54:49,WashingtonDC6D,38.887,-76.925
5542,7D149250,Multiple_Gunshots,2014-07-05,00:54:51,WashingtonDC7D,38.845,-76.978
5543,6D113341,Gunshot_or_Firecracker,2014-07-05,00:54:57,WashingtonDC6D,38.895,-76.924
5544,6D113342,Multiple_Gunshots,2014-07-05,00:54:58,WashingtonDC6D,38.887,-76.925
5545,7D149251,Multiple_Gunshots,2014-07-05,00:55:06,WashingtonDC7D,38.839,-76.996
5546,7D149252,Multiple_Gunshots,2014-07-05,00:55:08,WashingtonDC7D,38.839,-76.996
5547,6D113344,Multiple_Gunshots,2014-07-05,00:55:11,WashingtonDC6D,38.887,-76.925
5548,5D44055,Multiple_Gunshots,2014-07-05,00:55:15,WashingtonDC5D,38.935,-76.978
5549,4D39120,Single_Gunshot,2014-07-05,00:55:23,WashingtonDC4D,38.955,-77.021
5550,5D44057,Gunshot_or_Firecracker,2014-07-05,00:55:26,WashingtonDC5D,38.916,-77.005
5551,7D149253,Multiple_Gunshots,2014-07-05,00:55:31,WashingtonDC7D,38.826,-77.002
5552,3D46640,Single_Gunshot,2014-07-05,00:55:36,WashingtonDC3D,38.937,-77.027
5553,6D113347,Single_Gunshot,2014-07-05,00:55:39,WashingtonDC6D,38.9,-76.948
5554,7D149254,Multiple_Gunshots,2014-07-05,00:55:42,WashingtonDC7D,38.827,-77.001
5555,7D149255,Multiple_Gunshots,2014-07-05,00:55:50,WashingtonDC7D,38.826,-77.002
5556,3D46641,Single_Gunshot,2014-07-05,00:55:52,WashingtonDC3D,38.917,-77.017
5557,7D149259,Multiple_Gunshots,2014-07-05,00:56:01,WashingtonDC7D,38.831,-76.999
5558,6D113349,Single_Gunshot,2014-07-05,00:56:01,WashingtonDC6D,38.887,-76.932
5559,5D44058,Single_Gunshot,2014-07-05,00:56:04,WashingtonDC5D,38.923,-76.986
5560,7D149260,Multiple_Gunshots,2014-07-05,00:56:06,WashingtonDC7D,38.827,-77.001
5561,6D113350,Multiple_Gunshots,2014-07-05,00:56:07,WashingtonDC6D,38.893,-76.917
5562,1D60741,Gunshot_or_Firecracker,2014-07-05,00:56:20,WashingtonDC1D,38.875,-77.013
5563,4D39124,Multiple_Gunshots,2014-07-05,00:56:22,WashingtonDC4D,38.955,-77.021
5564,6D113353,Single_Gunshot,2014-07-05,00:56:27,WashingtonDC6D,38.887,-76.932
5565,4D39127,Multiple_Gunshots,2014-07-05,00:56:33,WashingtonDC4D,38.955,-77.021
5566,6D113354,Single_Gunshot,2014-07-05,00:56:34,WashingtonDC6D,38.887,-76.932
5567,5D44059,Multiple_Gunshots,2014-07-05,00:56:34,WashingtonDC5D,38.935,-76.978
5568,7D149262,Single_Gunshot,2014-07-05,00:56:35,WashingtonDC7D,38.835,-76.989
5569,3D46643,Single_Gunshot,2014-07-05,00:56:36,WashingtonDC3D,38.917,-77.017
5570,5D44060,Single_Gunshot,2014-07-05,00:56:38,WashingtonDC5D,38.917,-77.016
5571,7D149264,Gunshot_or_Firecracker,2014-07-05,00:56:42,WashingtonDC7D,38.834,-76.987
5572,4D39130,Multiple_Gunshots,2014-07-05,00:56:43,WashingtonDC4D,38.943,-77.027
5573,3D46644,Multiple_Gunshots,2014-07-05,00:56:45,WashingtonDC3D,38.943,-77.027
5574,4D39131,Multiple_Gunshots,2014-07-05,00:56:47,WashingtonDC4D,38.943,-77.027
5575,4D39133,Multiple_Gunshots,2014-07-05,00:56:51,WashingtonDC4D,38.943,-77.027
5576,3D46645,Multiple_Gunshots,2014-07-05,00:56:51,WashingtonDC3D,38.942,-77.027
5577,7D149265,Single_Gunshot,2014-07-05,00:56:53,WashingtonDC7D,38.839,-76.996
5578,4D39135,Multiple_Gunshots,2014-07-05,00:56:59,WashingtonDC4D,38.943,-77.027
5579,4D39137,Single_Gunshot,2014-07-05,00:57:05,WashingtonDC4D,38.937,-77.023
5580,7D149267,Single_Gunshot,2014-07-05,00:57:06,WashingtonDC7D,38.835,-76.989
5581,6D113357,Multiple_Gunshots,2014-07-05,00:57:06,WashingtonDC6D,38.887,-76.932
5582,3D46646,Single_Gunshot,2014-07-05,00:57:07,WashingtonDC3D,38.937,-77.023
5583,1D60743,Single_Gunshot,2014-07-05,00:57:07,WashingtonDC1D,38.902,-76.997
5584,6D113358,Single_Gunshot,2014-07-05,00:57:09,WashingtonDC6D,38.887,-76.932
5585,7D149268,Single_Gunshot,2014-07-05,00:57:11,WashingtonDC7D,38.854,-76.965
5586,1D60744,Multiple_Gunshots,2014-07-05,00:57:11,WashingtonDC1D,38.901,-76.994
5587,5D44064,Single_Gunshot,2014-07-05,00:57:14,WashingtonDC5D,38.903,-76.998
5588,5D44065,Multiple_Gunshots,2014-07-05,00:57:23,WashingtonDC5D,38.906,-76.995
5589,7D149269,Single_Gunshot,2014-07-05,00:57:24,WashingtonDC7D,38.838,-76.998
5590,7D149270,Single_Gunshot,2014-07-05,00:57:25,WashingtonDC7D,38.834,-76.987
5591,6D113360,Single_Gunshot,2014-07-05,00:57:25,WashingtonDC6D,38.887,-76.932
5592,4D39140,Single_Gunshot,2014-07-05,00:57:30,WashingtonDC4D,38.951,-77.017
5593,5D44066,Multiple_Gunshots,2014-07-05,00:57:32,WashingtonDC5D,38.935,-76.978
5594,6D113362,Gunshot_or_Firecracker,2014-07-05,00:57:36,WashingtonDC6D,38.9,-76.937
5595,7D149271,Single_Gunshot,2014-07-05,00:57:39,WashingtonDC7D,38.854,-76.965
5596,5D44067,Multiple_Gunshots,2014-07-05,00:57:40,WashingtonDC5D,38.903,-76.998
5597,1D60745,Multiple_Gunshots,2014-07-05,00:57:40,WashingtonDC1D,38.901,-76.995
5598,7D149272,Single_Gunshot,2014-07-05,00:57:44,WashingtonDC7D,38.845,-76.994
5599,7D149273,Multiple_Gunshots,2014-07-05,00:57:45,WashingtonDC7D,38.845,-76.994
5600,6D113364,Single_Gunshot,2014-07-05,00:57:50,WashingtonDC6D,38.9,-76.948
5601,5D44068,Multiple_Gunshots,2014-07-05,00:57:52,WashingtonDC5D,38.903,-76.998
5602,7D149274,Single_Gunshot,2014-07-05,00:57:53,WashingtonDC7D,38.851,-76.973
5603,1D60746,Single_Gunshot,2014-07-05,00:57:53,WashingtonDC1D,38.9,-76.993
5604,6D113365,Multiple_Gunshots,2014-07-05,00:57:56,WashingtonDC6D,38.898,-76.919
5605,4D39142,Multiple_Gunshots,2014-07-05,00:58:02,WashingtonDC4D,38.958,-77.009
5606,7D149275,Multiple_Gunshots,2014-07-05,00:58:13,WashingtonDC7D,38.829,-77.015
5607,6D113367,Single_Gunshot,2014-07-05,00:58:14,WashingtonDC6D,38.891,-76.931
5608,5D44069,Gunshot_or_Firecracker,2014-07-05,00:58:14,WashingtonDC5D,38.923,-76.986
5609,4D39143,Multiple_Gunshots,2014-07-05,00:58:16,WashingtonDC4D,38.955,-77.021
5610,7D149276,Multiple_Gunshots,2014-07-05,00:58:21,WashingtonDC7D,38.851,-76.964
5611,6D113368,Multiple_Gunshots,2014-07-05,00:58:23,WashingtonDC6D,38.894,-76.912
5612,4D39144,Single_Gunshot,2014-07-05,00:58:31,WashingtonDC4D,38.955,-77.021
5613,7D149277,Multiple_Gunshots,2014-07-05,00:58:32,WashingtonDC7D,38.851,-76.964
5614,6D113369,Single_Gunshot,2014-07-05,00:58:37,WashingtonDC6D,38.887,-76.932
5615,7D149278,Multiple_Gunshots,2014-07-05,00:58:38,WashingtonDC7D,38.829,-77.011
5616,5D44071,Gunshot_or_Firecracker,2014-07-05,00:58:41,WashingtonDC5D,38.923,-76.986
5617,4D39145,Single_Gunshot,2014-07-05,00:58:41,WashingtonDC4D,38.955,-77.021
5618,7D149279,Multiple_Gunshots,2014-07-05,00:58:42,WashingtonDC7D,38.857,-76.978
5619,6D113370,Single_Gunshot,2014-07-05,00:58:46,WashingtonDC6D,38.892,-76.953
5620,4D39146,Single_Gunshot,2014-07-05,00:58:49,WashingtonDC4D,38.955,-77.021
5621,4D39147,Single_Gunshot,2014-07-05,00:58:54,WashingtonDC4D,38.955,-77.021
5622,4D39149,Single_Gunshot,2014-07-05,00:58:58,WashingtonDC4D,38.955,-77.021
5623,7D149280,Single_Gunshot,2014-07-05,00:59:03,WashingtonDC7D,38.835,-76.989
5624,1D60749,Single_Gunshot,2014-07-05,00:59:03,WashingtonDC1D,38.88,-76.989
5625,6D113372,Single_Gunshot,2014-07-05,00:59:07,WashingtonDC6D,38.887,-76.932
5626,4D39150,Single_Gunshot,2014-07-05,00:59:10,WashingtonDC4D,38.959,-77.018
5627,7D149281,Gunshot_or_Firecracker,2014-07-05,00:59:11,WashingtonDC7D,38.839,-76.996
5628,3D46647,Single_Gunshot,2014-07-05,00:59:12,WashingtonDC3D,38.923,-77.029
5629,1D60750,Single_Gunshot,2014-07-05,00:59:13,WashingtonDC1D,38.875,-77.012
5630,5D44074,Single_Gunshot,2014-07-05,00:59:14,WashingtonDC5D,38.928,-76.982
5631,4D39151,Multiple_Gunshots,2014-07-05,00:59:18,WashingtonDC4D,38.96,-77.008
5632,5D44075,Gunshot_or_Firecracker,2014-07-05,00:59:25,WashingtonDC5D,38.922,-76.986
5633,7D149283,Single_Gunshot,2014-07-05,00:59:29,WashingtonDC7D,38.843,-76.986
5634,5D44076,Multiple_Gunshots,2014-07-05,00:59:31,WashingtonDC5D,38.922,-77.0
5635,1D60753,Single_Gunshot,2014-07-05,00:59:31,WashingtonDC1D,38.903,-76.988
5636,5D44077,Multiple_Gunshots,2014-07-05,00:59:35,WashingtonDC5D,38.922,-77.0
5637,7D149285,Single_Gunshot,2014-07-05,00:59:36,WashingtonDC7D,38.843,-76.986
5638,4D39152,Single_Gunshot,2014-07-05,00:59:36,WashingtonDC4D,38.951,-77.017
5639,7D149287,Multiple_Gunshots,2014-07-05,00:59:43,WashingtonDC7D,38.843,-76.986
5640,4D39153,Multiple_Gunshots,2014-07-05,00:59:45,WashingtonDC4D,38.952,-77.021
5641,5D44078,Single_Gunshot,2014-07-05,00:59:48,WashingtonDC5D,38.918,-77.001
5642,7D149288,Single_Gunshot,2014-07-05,00:59:50,WashingtonDC7D,38.843,-76.987
5643,6D113382,Single_Gunshot,2014-07-05,00:59:50,WashingtonDC6D,38.879,-76.928
5644,4D39154,Single_Gunshot,2014-07-05,00:59:51,WashingtonDC4D,38.954,-77.023
5645,4D39155,Single_Gunshot,2014-07-05,01:00:01,WashingtonDC4D,38.958,-77.009
5646,5D44080,Gunshot_or_Firecracker,2014-07-05,01:00:04,WashingtonDC5D,38.923,-76.986
5647,7D149290,Multiple_Gunshots,2014-07-05,01:00:10,WashingtonDC7D,38.843,-76.987
5648,4D39156,Multiple_Gunshots,2014-07-05,01:00:13,WashingtonDC4D,38.953,-77.022
5649,4D39157,Multiple_Gunshots,2014-07-05,01:00:22,WashingtonDC4D,38.943,-77.027
5650,4D39158,Multiple_Gunshots,2014-07-05,01:00:30,WashingtonDC4D,38.952,-77.02
5651,5D44082,Multiple_Gunshots,2014-07-05,01:00:32,WashingtonDC5D,38.91,-76.988
5652,4D39159,Multiple_Gunshots,2014-07-05,01:00:32,WashingtonDC4D,38.943,-77.027
5653,3D46650,Multiple_Gunshots,2014-07-05,01:00:34,WashingtonDC3D,38.942,-77.027
5654,6D113392,Single_Gunshot,2014-07-05,01:00:36,WashingtonDC6D,38.886,-76.919
5655,4D39162,Single_Gunshot,2014-07-05,01:00:41,WashingtonDC4D,38.951,-77.017
5656,5D44083,Multiple_Gunshots,2014-07-05,01:00:47,WashingtonDC5D,38.935,-76.978
5657,1D60756,Single_Gunshot,2014-07-05,01:00:50,WashingtonDC1D,38.879,-76.988
5658,5D44084,Single_Gunshot,2014-07-05,01:00:57,WashingtonDC5D,38.912,-77.007
5659,4D39163,Single_Gunshot,2014-07-05,01:00:59,WashingtonDC4D,38.94,-77.026
5660,3D46654,Single_Gunshot,2014-07-05,01:01:00,WashingtonDC3D,38.94,-77.026
5661,6D113396,Single_Gunshot,2014-07-05,01:01:09,WashingtonDC6D,38.9,-76.948
5662,6D113397,Gunshot_or_Firecracker,2014-07-05,01:01:14,WashingtonDC6D,38.891,-76.931
5663,6D113398,Multiple_Gunshots,2014-07-05,01:01:15,WashingtonDC6D,38.891,-76.931
5664,7D149294,Multiple_Gunshots,2014-07-05,01:01:17,WashingtonDC7D,38.844,-76.98
5665,4D39164,Single_Gunshot,2014-07-05,01:01:18,WashingtonDC4D,38.95,-77.015
5666,5D44086,Multiple_Gunshots,2014-07-05,01:01:19,WashingtonDC5D,38.935,-76.978
5667,4D39165,Single_Gunshot,2014-07-05,01:01:21,WashingtonDC4D,38.943,-77.027
5668,3D46655,Single_Gunshot,2014-07-05,01:01:22,WashingtonDC3D,38.942,-77.027
5669,7D149295,Multiple_Gunshots,2014-07-05,01:01:27,WashingtonDC7D,38.844,-76.98
5670,6D113403,Multiple_Gunshots,2014-07-05,01:01:29,WashingtonDC6D,38.887,-76.919
5671,5D44087,Single_Gunshot,2014-07-05,01:01:29,WashingtonDC5D,38.912,-77.007
5672,4D39166,Single_Gunshot,2014-07-05,01:01:36,WashingtonDC4D,38.94,-77.026
5673,3D46656,Single_Gunshot,2014-07-05,01:01:37,WashingtonDC3D,38.941,-77.025
5674,3D46657,Multiple_Gunshots,2014-07-05,01:01:42,WashingtonDC3D,38.94,-77.026
5675,4D39167,Single_Gunshot,2014-07-05,01:01:43,WashingtonDC4D,38.94,-77.026
5676,4D39169,Multiple_Gunshots,2014-07-05,01:01:48,WashingtonDC4D,38.94,-77.026
5677,4D39168,Gunshot_or_Firecracker,2014-07-05,01:01:48,WashingtonDC4D,38.94,-77.026
5678,3D46658,Multiple_Gunshots,2014-07-05,01:01:48,WashingtonDC3D,38.94,-77.026
5679,5D44089,Single_Gunshot,2014-07-05,01:01:51,WashingtonDC5D,38.912,-77.007
5680,4D39170,Single_Gunshot,2014-07-05,01:01:51,WashingtonDC4D,38.94,-77.026
5681,4D39171,Multiple_Gunshots,2014-07-05,01:01:52,WashingtonDC4D,38.94,-77.026
5682,6D113409,Multiple_Gunshots,2014-07-05,01:01:55,WashingtonDC6D,38.89,-76.931
5683,5D44090,Multiple_Gunshots,2014-07-05,01:01:57,WashingtonDC5D,38.935,-76.978
5684,3D46659,Single_Gunshot,2014-07-05,01:01:57,WashingtonDC3D,38.94,-77.026
5685,1D60759,Single_Gunshot,2014-07-05,01:01:58,WashingtonDC1D,38.878,-76.99
5686,4D39172,Single_Gunshot,2014-07-05,01:01:59,WashingtonDC4D,38.94,-77.026
5687,3D46660,Multiple_Gunshots,2014-07-05,01:01:59,WashingtonDC3D,38.941,-77.025
5688,3D46661,Single_Gunshot,2014-07-05,01:02:02,WashingtonDC3D,38.94,-77.026
5689,4D39173,Single_Gunshot,2014-07-05,01:02:03,WashingtonDC4D,38.94,-77.026
5690,4D39174,Multiple_Gunshots,2014-07-05,01:02:05,WashingtonDC4D,38.945,-77.017
5691,3D46662,Single_Gunshot,2014-07-05,01:02:05,WashingtonDC3D,38.917,-77.011
5692,4D39176,Single_Gunshot,2014-07-05,01:02:07,WashingtonDC4D,38.948,-77.023
5693,4D39175,Multiple_Gunshots,2014-07-05,01:02:07,WashingtonDC4D,38.939,-77.028
5694,4D39177,Multiple_Gunshots,2014-07-05,01:02:08,WashingtonDC4D,38.94,-77.022
5695,5D44092,Gunshot_or_Firecracker,2014-07-05,01:02:11,WashingtonDC5D,38.917,-77.011
5696,4D39178,Single_Gunshot,2014-07-05,01:02:16,WashingtonDC4D,38.94,-77.026
5697,3D46663,Single_Gunshot,2014-07-05,01:02:16,WashingtonDC3D,38.94,-77.026
5698,4D39179,Multiple_Gunshots,2014-07-05,01:02:19,WashingtonDC4D,38.94,-77.026
5699,6D113413,Multiple_Gunshots,2014-07-05,01:02:22,WashingtonDC6D,38.887,-76.919
5700,3D46664,Multiple_Gunshots,2014-07-05,01:02:29,WashingtonDC3D,38.916,-77.012
5701,4D39180,Single_Gunshot,2014-07-05,01:02:36,WashingtonDC4D,38.959,-77.018
5702,5D44095,Single_Gunshot,2014-07-05,01:02:37,WashingtonDC5D,38.912,-77.007
5703,5D44096,Single_Gunshot,2014-07-05,01:02:46,WashingtonDC5D,38.909,-77.012
5704,3D46665,Multiple_Gunshots,2014-07-05,01:02:49,WashingtonDC3D,38.915,-77.012
5705,4D39181,Single_Gunshot,2014-07-05,01:02:52,WashingtonDC4D,38.943,-77.027
5706,7D149302,Multiple_Gunshots,2014-07-05,01:02:55,WashingtonDC7D,38.819,-77.012
5707,5D44098,Single_Gunshot,2014-07-05,01:02:56,WashingtonDC5D,38.915,-76.995
5708,7D149303,Multiple_Gunshots,2014-07-05,01:02:58,WashingtonDC7D,38.843,-76.986
5709,7D149304,Multiple_Gunshots,2014-07-05,01:03:00,WashingtonDC7D,38.837,-76.989
5710,5D44099,Single_Gunshot,2014-07-05,01:03:00,WashingtonDC5D,38.912,-77.007
5711,4D39182,Single_Gunshot,2014-07-05,01:03:03,WashingtonDC4D,38.951,-77.017
5712,5D44100,Multiple_Gunshots,2014-07-05,01:03:08,WashingtonDC5D,38.935,-76.976
5713,7D149306,Multiple_Gunshots,2014-07-05,01:03:11,WashingtonDC7D,38.843,-76.986
5714,5D44101,Multiple_Gunshots,2014-07-05,01:03:13,WashingtonDC5D,38.924,-77.002
5715,5D44102,Multiple_Gunshots,2014-07-05,01:03:21,WashingtonDC5D,38.924,-77.002
5716,1D60762,Single_Gunshot,2014-07-05,01:03:21,WashingtonDC1D,38.902,-76.985
5717,4D39183,Multiple_Gunshots,2014-07-05,01:03:23,WashingtonDC4D,38.943,-77.027
5718,5D44104,Multiple_Gunshots,2014-07-05,01:03:27,WashingtonDC5D,38.924,-77.002
5719,6D113421,Multiple_Gunshots,2014-07-05,01:03:30,WashingtonDC6D,38.887,-76.932
5720,3D46666,Multiple_Gunshots,2014-07-05,01:03:30,WashingtonDC3D,38.943,-77.027
5721,4D39185,Single_Gunshot,2014-07-05,01:03:34,WashingtonDC4D,38.943,-77.027
5722,4D39184,Single_Gunshot,2014-07-05,01:03:34,WashingtonDC4D,38.942,-77.022
5723,6D113422,Single_Gunshot,2014-07-05,01:03:35,WashingtonDC6D,38.9,-76.948
5724,4D39186,Multiple_Gunshots,2014-07-05,01:03:37,WashingtonDC4D,38.942,-77.026
5725,5D44105,Multiple_Gunshots,2014-07-05,01:03:38,WashingtonDC5D,38.935,-76.978
5726,6D113423,Multiple_Gunshots,2014-07-05,01:03:42,WashingtonDC6D,38.891,-76.931
5727,5D44106,Multiple_Gunshots,2014-07-05,01:03:45,WashingtonDC5D,38.925,-77.002
5728,4D39187,Single_Gunshot,2014-07-05,01:03:46,WashingtonDC4D,38.943,-77.027
5729,6D113425,Single_Gunshot,2014-07-05,01:03:47,WashingtonDC6D,38.891,-76.931
5730,6D113424,Single_Gunshot,2014-07-05,01:03:47,WashingtonDC6D,38.891,-76.931
5731,5D44107,Multiple_Gunshots,2014-07-05,01:03:49,WashingtonDC5D,38.924,-77.002
5732,7D149313,Single_Gunshot,2014-07-05,01:03:54,WashingtonDC7D,38.845,-76.994
5733,7D149314,Multiple_Gunshots,2014-07-05,01:03:57,WashingtonDC7D,38.84,-76.996
5734,5D44109,Multiple_Gunshots,2014-07-05,01:03:59,WashingtonDC5D,38.924,-77.002
5735,3D46667,Gunshot_or_Firecracker,2014-07-05,01:03:59,WashingtonDC3D,38.916,-77.012
5736,3D46668,Single_Gunshot,2014-07-05,01:04:04,WashingtonDC3D,38.929,-77.02
5737,5D44110,Gunshot_or_Firecracker,2014-07-05,01:04:05,WashingtonDC5D,38.919,-76.998
5738,6D113430,Single_Gunshot,2014-07-05,01:04:10,WashingtonDC6D,38.879,-76.928
5739,5D44112,Single_Gunshot,2014-07-05,01:04:11,WashingtonDC5D,38.909,-77.012
5740,3D46669,Single_Gunshot,2014-07-05,01:04:11,WashingtonDC3D,38.909,-77.012
5741,4D39189,Multiple_Gunshots,2014-07-05,01:04:13,WashingtonDC4D,38.943,-77.027
5742,3D46670,Single_Gunshot,2014-07-05,01:04:19,WashingtonDC3D,38.935,-77.028
5743,4D39192,Single_Gunshot,2014-07-05,01:04:27,WashingtonDC4D,38.943,-77.027
5744,5D44114,Gunshot_or_Firecracker,2014-07-05,01:04:30,WashingtonDC5D,38.91,-76.988
5745,4D39193,Single_Gunshot,2014-07-05,01:04:30,WashingtonDC4D,38.943,-77.027
5746,7D149320,Multiple_Gunshots,2014-07-05,01:04:32,WashingtonDC7D,38.859,-76.999
5747,4D39194,Single_Gunshot,2014-07-05,01:04:33,WashingtonDC4D,38.943,-77.027
5748,5D44115,Multiple_Gunshots,2014-07-05,01:04:37,WashingtonDC5D,38.916,-77.008
5749,4D39195,Multiple_Gunshots,2014-07-05,01:04:39,WashingtonDC4D,38.943,-77.027
5750,6D113435,Single_Gunshot,2014-07-05,01:04:40,WashingtonDC6D,38.9,-76.948
5751,6D113436,Single_Gunshot,2014-07-05,01:04:41,WashingtonDC6D,38.9,-76.926
5752,7D149322,Multiple_Gunshots,2014-07-05,01:04:54,WashingtonDC7D,38.844,-76.978
5753,4D39196,Single_Gunshot,2014-07-05,01:04:59,WashingtonDC4D,38.96,-77.017
5754,6D113440,Multiple_Gunshots,2014-07-05,01:05:03,WashingtonDC6D,38.912,-76.932
5755,3D46671,Single_Gunshot,2014-07-05,01:05:15,WashingtonDC3D,38.916,-77.013
5756,5D44119,Gunshot_or_Firecracker,2014-07-05,01:05:16,WashingtonDC5D,38.916,-77.013
5757,4D39198,Multiple_Gunshots,2014-07-05,01:05:29,WashingtonDC4D,38.941,-77.026
5758,1D60765,Single_Gunshot,2014-07-05,01:05:31,WashingtonDC1D,38.878,-76.99
5759,5D44121,Single_Gunshot,2014-07-05,01:05:34,WashingtonDC5D,38.928,-76.982
5760,6D113445,Single_Gunshot,2014-07-05,01:05:39,WashingtonDC6D,38.869,-76.968
5761,4D39199,Single_Gunshot,2014-07-05,01:05:39,WashingtonDC4D,38.959,-77.017
5762,5D44122,Gunshot_or_Firecracker,2014-07-05,01:05:42,WashingtonDC5D,38.915,-76.993
5763,4D39200,Single_Gunshot,2014-07-05,01:05:44,WashingtonDC4D,38.955,-77.021
5764,4D39201,Multiple_Gunshots,2014-07-05,01:05:45,WashingtonDC4D,38.955,-77.021
5765,5D44123,Gunshot_or_Firecracker,2014-07-05,01:05:46,WashingtonDC5D,38.923,-76.986
5766,6D113447,Single_Gunshot,2014-07-05,01:05:47,WashingtonDC6D,38.885,-76.936
5767,6D113448,Single_Gunshot,2014-07-05,01:05:50,WashingtonDC6D,38.887,-76.936
5768,6D113449,Multiple_Gunshots,2014-07-05,01:05:51,WashingtonDC6D,38.885,-76.936
5769,4D39202,Single_Gunshot,2014-07-05,01:05:51,WashingtonDC4D,38.955,-77.021
5770,4D39203,Multiple_Gunshots,2014-07-05,01:05:53,WashingtonDC4D,38.95,-77.022
5771,5D44124,Multiple_Gunshots,2014-07-05,01:05:56,WashingtonDC5D,38.922,-76.988
5772,6D113450,Multiple_Gunshots,2014-07-05,01:05:59,WashingtonDC6D,38.899,-76.924
5773,4D39205,Multiple_Gunshots,2014-07-05,01:06:03,WashingtonDC4D,38.955,-77.021
5774,5D44125,Multiple_Gunshots,2014-07-05,01:06:07,WashingtonDC5D,38.92,-76.988
5775,6D113451,Multiple_Gunshots,2014-07-05,01:06:08,WashingtonDC6D,38.891,-76.953
5776,5D44126,Single_Gunshot,2014-07-05,01:06:11,WashingtonDC5D,38.917,-76.999
5777,6D113452,Single_Gunshot,2014-07-05,01:06:14,WashingtonDC6D,38.9,-76.948
5778,5D44127,Multiple_Gunshots,2014-07-05,01:06:14,WashingtonDC5D,38.92,-76.989
5779,6D113453,Multiple_Gunshots,2014-07-05,01:06:17,WashingtonDC6D,38.899,-76.924
5780,3D46672,Single_Gunshot,2014-07-05,01:06:21,WashingtonDC3D,38.929,-77.02
5781,4D39207,Single_Gunshot,2014-07-05,01:06:26,WashingtonDC4D,38.943,-77.032
5782,3D46673,Single_Gunshot,2014-07-05,01:06:28,WashingtonDC3D,38.936,-77.031
5783,7D149328,Single_Gunshot,2014-07-05,01:06:29,WashingtonDC7D,38.857,-76.978
5784,6D113454,Single_Gunshot,2014-07-05,01:06:30,WashingtonDC6D,38.898,-76.924
5785,7D149329,Gunshot_or_Firecracker,2014-07-05,01:06:36,WashingtonDC7D,38.855,-76.991
5786,1D60768,Single_Gunshot,2014-07-05,01:06:41,WashingtonDC1D,38.878,-76.99
5787,6D113457,Multiple_Gunshots,2014-07-05,01:06:48,WashingtonDC6D,38.887,-76.932
5788,5D44128,Gunshot_or_Firecracker,2014-07-05,01:06:53,WashingtonDC5D,38.909,-77.012
5789,3D46676,Single_Gunshot,2014-07-05,01:06:53,WashingtonDC3D,38.909,-77.012
5790,7D149330,Multiple_Gunshots,2014-07-05,01:06:57,WashingtonDC7D,38.842,-76.986
5791,6D113459,Single_Gunshot,2014-07-05,01:06:58,WashingtonDC6D,38.892,-76.953
5792,7D149331,Multiple_Gunshots,2014-07-05,01:07:02,WashingtonDC7D,38.843,-76.986
5793,4D39208,Single_Gunshot,2014-07-05,01:07:04,WashingtonDC4D,38.96,-77.007
5794,7D149332,Single_Gunshot,2014-07-05,01:07:07,WashingtonDC7D,38.838,-76.998
5795,6D113464,Single_Gunshot,2014-07-05,01:07:07,WashingtonDC6D,38.891,-76.939
5796,6D113465,Single_Gunshot,2014-07-05,01:07:08,WashingtonDC6D,38.9,-76.926
5797,4D39209,Gunshot_or_Firecracker,2014-07-05,01:07:11,WashingtonDC4D,38.959,-77.009
5798,6D113466,Multiple_Gunshots,2014-07-05,01:07:12,WashingtonDC6D,38.892,-76.953
5799,7D149333,Multiple_Gunshots,2014-07-05,01:07:15,WashingtonDC7D,38.844,-76.985
5800,7D149334,Single_Gunshot,2014-07-05,01:07:18,WashingtonDC7D,38.847,-76.981
5801,3D46677,Single_Gunshot,2014-07-05,01:07:18,WashingtonDC3D,38.94,-77.031
5802,6D113468,Single_Gunshot,2014-07-05,01:07:25,WashingtonDC6D,38.91,-76.936
5803,6D113469,Single_Gunshot,2014-07-05,01:07:32,WashingtonDC6D,38.887,-76.926
5804,7D149337,Single_Gunshot,2014-07-05,01:07:35,WashingtonDC7D,38.847,-76.981
5805,6D113471,Multiple_Gunshots,2014-07-05,01:07:38,WashingtonDC6D,38.887,-76.932
5806,4D39211,Single_Gunshot,2014-07-05,01:07:38,WashingtonDC4D,38.943,-77.027
5807,6D113473,Gunshot_or_Firecracker,2014-07-05,01:07:43,WashingtonDC6D,38.887,-76.926
5808,4D39212,Single_Gunshot,2014-07-05,01:07:47,WashingtonDC4D,38.958,-77.018
5809,5D44132,Single_Gunshot,2014-07-05,01:07:50,WashingtonDC5D,38.902,-76.998
5810,1D60771,Single_Gunshot,2014-07-05,01:07:50,WashingtonDC1D,38.9,-76.996
5811,5D44133,Gunshot_or_Firecracker,2014-07-05,01:08:04,WashingtonDC5D,38.91,-76.988
5812,6D113476,Multiple_Gunshots,2014-07-05,01:08:05,WashingtonDC6D,38.887,-76.926
5813,1D60772,Single_Gunshot,2014-07-05,01:08:06,WashingtonDC1D,38.907,-76.987
5814,6D113477,Single_Gunshot,2014-07-05,01:08:09,WashingtonDC6D,38.892,-76.939
5815,7D149341,Multiple_Gunshots,2014-07-05,01:08:10,WashingtonDC7D,38.829,-77.01
5816,6D113478,Single_Gunshot,2014-07-05,01:08:11,WashingtonDC6D,38.91,-76.936
5817,6D113479,Multiple_Gunshots,2014-07-05,01:08:13,WashingtonDC6D,38.911,-76.932
5818,7D149342,Single_Gunshot,2014-07-05,01:08:14,WashingtonDC7D,38.839,-76.996
5819,4D39213,Single_Gunshot,2014-07-05,01:08:14,WashingtonDC4D,38.943,-77.027
5820,3D46681,Single_Gunshot,2014-07-05,01:08:16,WashingtonDC3D,38.94,-77.026
5821,4D39214,Single_Gunshot,2014-07-05,01:08:21,WashingtonDC4D,38.937,-77.024
5822,1D60773,Single_Gunshot,2014-07-05,01:08:21,WashingtonDC1D,38.878,-76.99
5823,3D46682,Single_Gunshot,2014-07-05,01:08:23,WashingtonDC3D,38.936,-77.024
5824,7D149343,Single_Gunshot,2014-07-05,01:08:27,WashingtonDC7D,38.846,-76.973
5825,3D46683,Single_Gunshot,2014-07-05,01:08:27,WashingtonDC3D,38.936,-77.024
5826,4D39215,Single_Gunshot,2014-07-05,01:08:30,WashingtonDC4D,38.937,-77.024
5827,3D46684,Single_Gunshot,2014-07-05,01:08:35,WashingtonDC3D,38.936,-77.024
5828,4D39216,Single_Gunshot,2014-07-05,01:08:36,WashingtonDC4D,38.936,-77.024
5829,6D113483,Multiple_Gunshots,2014-07-05,01:08:41,WashingtonDC6D,38.901,-76.929
5830,5D44135,Multiple_Gunshots,2014-07-05,01:08:41,WashingtonDC5D,38.924,-77.002
5831,4D39218,Multiple_Gunshots,2014-07-05,01:08:44,WashingtonDC4D,38.936,-77.024
5832,3D46685,Single_Gunshot,2014-07-05,01:08:45,WashingtonDC3D,38.934,-77.026
5833,3D46686,Single_Gunshot,2014-07-05,01:08:46,WashingtonDC3D,38.936,-77.024
5834,6D113484,Single_Gunshot,2014-07-05,01:08:47,WashingtonDC6D,38.901,-76.929
5835,6D113485,Single_Gunshot,2014-07-05,01:08:48,WashingtonDC6D,38.901,-76.929
5836,3D46687,Single_Gunshot,2014-07-05,01:08:48,WashingtonDC3D,38.928,-77.013
5837,1D60776,Single_Gunshot,2014-07-05,01:08:51,WashingtonDC1D,38.902,-76.985
5838,3D46688,Multiple_Gunshots,2014-07-05,01:08:52,WashingtonDC3D,38.936,-77.024
5839,7D149344,Multiple_Gunshots,2014-07-05,01:08:54,WashingtonDC7D,38.843,-76.986
5840,5D44136,Single_Gunshot,2014-07-05,01:08:55,WashingtonDC5D,38.928,-76.982
5841,3D46689,Multiple_Gunshots,2014-07-05,01:08:59,WashingtonDC3D,38.936,-77.024
5842,6D113487,Single_Gunshot,2014-07-05,01:09:02,WashingtonDC6D,38.892,-76.939
5843,4D39219,Multiple_Gunshots,2014-07-05,01:09:03,WashingtonDC4D,38.936,-77.024
5844,3D46690,Multiple_Gunshots,2014-07-05,01:09:03,WashingtonDC3D,38.936,-77.024
5845,7D149345,Single_Gunshot,2014-07-05,01:09:07,WashingtonDC7D,38.856,-76.974
5846,4D39220,Multiple_Gunshots,2014-07-05,01:09:08,WashingtonDC4D,38.936,-77.024
5847,5D44139,Gunshot_or_Firecracker,2014-07-05,01:09:09,WashingtonDC5D,38.91,-76.987
5848,3D46692,Single_Gunshot,2014-07-05,01:09:12,WashingtonDC3D,38.936,-77.024
5849,6D113490,Single_Gunshot,2014-07-05,01:09:25,WashingtonDC6D,38.891,-76.931
5850,7D149347,Single_Gunshot,2014-07-05,01:09:29,WashingtonDC7D,38.846,-76.973
5851,4D39221,Multiple_Gunshots,2014-07-05,01:09:32,WashingtonDC4D,38.943,-77.027
5852,3D46693,Multiple_Gunshots,2014-07-05,01:09:34,WashingtonDC3D,38.939,-77.029
5853,6D113492,Single_Gunshot,2014-07-05,01:09:39,WashingtonDC6D,38.896,-76.918
5854,3D46694,Single_Gunshot,2014-07-05,01:09:44,WashingtonDC3D,38.942,-77.027
5855,4D39222,Single_Gunshot,2014-07-05,01:09:45,WashingtonDC4D,38.944,-77.022
5856,4D39223,Single_Gunshot,2014-07-05,01:09:46,WashingtonDC4D,38.943,-77.027
5857,7D149349,Multiple_Gunshots,2014-07-05,01:09:49,WashingtonDC7D,38.833,-76.981
5858,4D39224,Single_Gunshot,2014-07-05,01:09:49,WashingtonDC4D,38.943,-77.027
5859,4D39225,Single_Gunshot,2014-07-05,01:09:53,WashingtonDC4D,38.943,-77.026
5860,6D113493,Single_Gunshot,2014-07-05,01:09:54,WashingtonDC6D,38.9,-76.948
5861,5D44140,Single_Gunshot,2014-07-05,01:09:54,WashingtonDC5D,38.903,-76.998
5862,1D60781,Single_Gunshot,2014-07-05,01:09:55,WashingtonDC1D,38.901,-76.994
5863,3D46695,Single_Gunshot,2014-07-05,01:09:58,WashingtonDC3D,38.944,-77.026
5864,4D39226,Single_Gunshot,2014-07-05,01:09:59,WashingtonDC4D,38.943,-77.027
5865,4D39227,Multiple_Gunshots,2014-07-05,01:10:00,WashingtonDC4D,38.943,-77.027
5866,5D44142,Single_Gunshot,2014-07-05,01:10:02,WashingtonDC5D,38.911,-77.01
5867,7D149350,Multiple_Gunshots,2014-07-05,01:10:04,WashingtonDC7D,38.824,-77.008
5868,6D113494,Single_Gunshot,2014-07-05,01:10:08,WashingtonDC6D,38.9,-76.926
5869,7D149351,Multiple_Gunshots,2014-07-05,01:10:09,WashingtonDC7D,38.821,-77.01
5870,7D149352,Single_Gunshot,2014-07-05,01:10:11,WashingtonDC7D,38.829,-77.004
5871,6D113495,Single_Gunshot,2014-07-05,01:10:12,WashingtonDC6D,38.896,-76.918
5872,4D39228,Single_Gunshot,2014-07-05,01:10:23,WashingtonDC4D,38.96,-77.007
5873,7D149353,Single_Gunshot,2014-07-05,01:10:24,WashingtonDC7D,38.858,-76.998
5874,4D39229,Single_Gunshot,2014-07-05,01:10:30,WashingtonDC4D,38.957,-77.013
5875,5D44151,Multiple_Gunshots,2014-07-05,01:10:33,WashingtonDC5D,38.924,-77.002
5876,7D149355,Single_Gunshot,2014-07-05,01:10:48,WashingtonDC7D,38.847,-76.981
5877,7D149356,Single_Gunshot,2014-07-05,01:10:58,WashingtonDC7D,38.847,-76.981
5878,7D149357,Single_Gunshot,2014-07-05,01:11:01,WashingtonDC7D,38.847,-76.981
5879,7D149358,Single_Gunshot,2014-07-05,01:11:06,WashingtonDC7D,38.847,-76.981
5880,1D60785,Multiple_Gunshots,2014-07-05,01:11:06,WashingtonDC1D,38.879,-77.015
5881,5D44154,Multiple_Gunshots,2014-07-05,01:11:07,WashingtonDC5D,38.925,-76.999
5882,7D149359,Single_Gunshot,2014-07-05,01:11:10,WashingtonDC7D,38.847,-76.981
5883,4D39231,Single_Gunshot,2014-07-05,01:11:13,WashingtonDC4D,38.957,-77.013
5884,6D113503,Single_Gunshot,2014-07-05,01:11:14,WashingtonDC6D,38.896,-76.918
5885,4D39232,Gunshot_or_Firecracker,2014-07-05,01:11:16,WashingtonDC4D,38.957,-77.013
5886,4D39233,Single_Gunshot,2014-07-05,01:11:17,WashingtonDC4D,38.957,-77.012
5887,7D149361,Single_Gunshot,2014-07-05,01:11:24,WashingtonDC7D,38.851,-76.979
5888,6D113504,Multiple_Gunshots,2014-07-05,01:11:25,WashingtonDC6D,38.901,-76.929
5889,1D60786,Single_Gunshot,2014-07-05,01:11:27,WashingtonDC1D,38.895,-76.978
5890,5D44157,Multiple_Gunshots,2014-07-05,01:11:28,WashingtonDC5D,38.916,-77.008
5891,4D39234,Single_Gunshot,2014-07-05,01:11:32,WashingtonDC4D,38.959,-77.017
5892,7D149364,Multiple_Gunshots,2014-07-05,01:11:34,WashingtonDC7D,38.847,-76.981
5893,6D113507,Multiple_Gunshots,2014-07-05,01:11:54,WashingtonDC6D,38.887,-76.919
5894,4D39235,Single_Gunshot,2014-07-05,01:11:56,WashingtonDC4D,38.96,-77.007
5895,5D44158,Multiple_Gunshots,2014-07-05,01:11:59,WashingtonDC5D,38.924,-77.002
5896,6D113508,Single_Gunshot,2014-07-05,01:12:07,WashingtonDC6D,38.896,-76.917
5897,5D44159,Multiple_Gunshots,2014-07-05,01:12:10,WashingtonDC5D,38.924,-77.002
5898,5D44160,Multiple_Gunshots,2014-07-05,01:12:21,WashingtonDC5D,38.924,-77.002
5899,7D149368,Multiple_Gunshots,2014-07-05,01:12:24,WashingtonDC7D,38.824,-77.007
5900,6D113510,Multiple_Gunshots,2014-07-05,01:12:26,WashingtonDC6D,38.901,-76.929
5901,4D39236,Multiple_Gunshots,2014-07-05,01:12:28,WashingtonDC4D,38.95,-77.014
5902,7D149369,Multiple_Gunshots,2014-07-05,01:12:40,WashingtonDC7D,38.828,-77.01
5903,6D113512,Single_Gunshot,2014-07-05,01:12:41,WashingtonDC6D,38.896,-76.918
5904,6D113513,Multiple_Gunshots,2014-07-05,01:13:01,WashingtonDC6D,38.886,-76.926
5905,4D39239,Multiple_Gunshots,2014-07-05,01:13:06,WashingtonDC4D,38.957,-77.012
5906,6D113514,Gunshot_or_Firecracker,2014-07-05,01:13:07,WashingtonDC6D,38.892,-76.939
5907,7D149372,Multiple_Gunshots,2014-07-05,01:13:08,WashingtonDC7D,38.828,-77.016
5908,6D113515,Single_Gunshot,2014-07-05,01:13:12,WashingtonDC6D,38.876,-76.966
5909,3D46699,Single_Gunshot,2014-07-05,01:13:12,WashingtonDC3D,38.929,-77.019
5910,6D113516,Multiple_Gunshots,2014-07-05,01:13:16,WashingtonDC6D,38.901,-76.929
5911,4D39240,Multiple_Gunshots,2014-07-05,01:13:18,WashingtonDC4D,38.957,-77.012
5912,5D44165,Gunshot_or_Firecracker,2014-07-05,01:13:19,WashingtonDC5D,38.924,-77.002
5913,3D46700,Multiple_Gunshots,2014-07-05,01:13:29,WashingtonDC3D,38.937,-77.03
5914,4D39241,Single_Gunshot,2014-07-05,01:13:34,WashingtonDC4D,38.959,-77.018
5915,5D44167,Multiple_Gunshots,2014-07-05,01:13:40,WashingtonDC5D,38.924,-77.002
5916,4D39242,Multiple_Gunshots,2014-07-05,01:13:44,WashingtonDC4D,38.95,-77.014
5917,6D113519,Single_Gunshot,2014-07-05,01:13:50,WashingtonDC6D,38.892,-76.939
5918,1D60790,Multiple_Gunshots,2014-07-05,01:13:50,WashingtonDC1D,38.896,-76.979
5919,6D113520,Multiple_Gunshots,2014-07-05,01:14:02,WashingtonDC6D,38.901,-76.929
5920,6D113521,Multiple_Gunshots,2014-07-05,01:14:04,WashingtonDC6D,38.9,-76.928
5921,7D149376,Single_Gunshot,2014-07-05,01:14:08,WashingtonDC7D,38.851,-76.973
5922,6D113522,Multiple_Gunshots,2014-07-05,01:14:08,WashingtonDC6D,38.909,-76.937
5923,4D39244,Single_Gunshot,2014-07-05,01:14:15,WashingtonDC4D,38.961,-77.006
5924,1D60792,Single_Gunshot,2014-07-05,01:14:19,WashingtonDC1D,38.895,-76.978
5925,5D44170,Single_Gunshot,2014-07-05,01:14:20,WashingtonDC5D,38.895,-76.978
5926,6D113525,Multiple_Gunshots,2014-07-05,01:14:24,WashingtonDC6D,38.901,-76.929
5927,5D44171,Multiple_Gunshots,2014-07-05,01:14:26,WashingtonDC5D,38.926,-76.975
5928,7D149378,Multiple_Gunshots,2014-07-05,01:14:36,WashingtonDC7D,38.846,-76.973
5929,6D113526,Single_Gunshot,2014-07-05,01:14:36,WashingtonDC6D,38.893,-76.924
5930,6D113527,Single_Gunshot,2014-07-05,01:14:45,WashingtonDC6D,38.894,-76.912
5931,5D44173,Single_Gunshot,2014-07-05,01:14:45,WashingtonDC5D,38.927,-76.975
5932,5D44174,Multiple_Gunshots,2014-07-05,01:14:51,WashingtonDC5D,38.926,-76.976
5933,6D113528,Multiple_Gunshots,2014-07-05,01:14:58,WashingtonDC6D,38.901,-76.929
5934,6D113529,Single_Gunshot,2014-07-05,01:15:06,WashingtonDC6D,38.893,-76.924
5935,4D39245,Single_Gunshot,2014-07-05,01:15:07,WashingtonDC4D,38.957,-77.013
5936,3D46702,Gunshot_or_Firecracker,2014-07-05,01:15:09,WashingtonDC3D,38.938,-77.026
5937,3D46703,Gunshot_or_Firecracker,2014-07-05,01:15:16,WashingtonDC3D,38.939,-77.026
5938,7D149380,Multiple_Gunshots,2014-07-05,01:15:27,WashingtonDC7D,38.846,-76.973
5939,6D113535,Multiple_Gunshots,2014-07-05,01:15:37,WashingtonDC6D,38.908,-76.931
5940,5D44175,Multiple_Gunshots,2014-07-05,01:15:41,WashingtonDC5D,38.924,-77.002
5941,6D113536,Single_Gunshot,2014-07-05,01:15:42,WashingtonDC6D,38.891,-76.931
5942,4D39249,Single_Gunshot,2014-07-05,01:15:43,WashingtonDC4D,38.958,-77.011
5943,5D44176,Multiple_Gunshots,2014-07-05,01:15:48,WashingtonDC5D,38.924,-77.002
5944,6D113537,Single_Gunshot,2014-07-05,01:15:54,WashingtonDC6D,38.892,-76.922
5945,5D44177,Multiple_Gunshots,2014-07-05,01:15:55,WashingtonDC5D,38.925,-77.002
5946,7D149383,Multiple_Gunshots,2014-07-05,01:15:58,WashingtonDC7D,38.846,-76.973
5947,5D44178,Multiple_Gunshots,2014-07-05,01:15:58,WashingtonDC5D,38.924,-77.002
5948,5D44179,Multiple_Gunshots,2014-07-05,01:16:02,WashingtonDC5D,38.924,-77.002
5949,6D113540,Gunshot_or_Firecracker,2014-07-05,01:16:11,WashingtonDC6D,38.893,-76.924
5950,4D39250,Single_Gunshot,2014-07-05,01:16:16,WashingtonDC4D,38.957,-77.012
5951,6D113541,Single_Gunshot,2014-07-05,01:16:24,WashingtonDC6D,38.901,-76.929
5952,7D149385,Single_Gunshot,2014-07-05,01:16:26,WashingtonDC7D,38.853,-76.965
5953,6D113542,Multiple_Gunshots,2014-07-05,01:16:30,WashingtonDC6D,38.887,-76.932
5954,6D113544,Single_Gunshot,2014-07-05,01:16:36,WashingtonDC6D,38.891,-76.931
5955,6D113545,Single_Gunshot,2014-07-05,01:16:37,WashingtonDC6D,38.893,-76.946
5956,7D149386,Multiple_Gunshots,2014-07-05,01:16:38,WashingtonDC7D,38.846,-76.975
5957,6D113546,Single_Gunshot,2014-07-05,01:16:43,WashingtonDC6D,38.893,-76.924
5958,6D113547,Single_Gunshot,2014-07-05,01:16:44,WashingtonDC6D,38.893,-76.924
5959,7D149387,Single_Gunshot,2014-07-05,01:16:46,WashingtonDC7D,38.853,-76.965
5960,6D113548,Multiple_Gunshots,2014-07-05,01:16:50,WashingtonDC6D,38.888,-76.937
5961,4D39252,Single_Gunshot,2014-07-05,01:16:59,WashingtonDC4D,38.957,-77.013
5962,5D44180,Single_Gunshot,2014-07-05,01:17:02,WashingtonDC5D,38.923,-76.986
5963,6D113550,Single_Gunshot,2014-07-05,01:17:08,WashingtonDC6D,38.893,-76.946
5964,6D113551,Single_Gunshot,2014-07-05,01:17:12,WashingtonDC6D,38.892,-76.922
5965,6D113552,Single_Gunshot,2014-07-05,01:17:13,WashingtonDC6D,38.891,-76.922
5966,5D44181,Gunshot_or_Firecracker,2014-07-05,01:17:14,WashingtonDC5D,38.927,-76.975
5967,6D113553,Single_Gunshot,2014-07-05,01:17:16,WashingtonDC6D,38.887,-76.932
5968,7D149389,Single_Gunshot,2014-07-05,01:17:18,WashingtonDC7D,38.851,-76.964
5969,1D60796,Single_Gunshot,2014-07-05,01:17:20,WashingtonDC1D,38.905,-76.988
5970,6D113554,Single_Gunshot,2014-07-05,01:17:28,WashingtonDC6D,38.901,-76.929
5971,1D60797,Multiple_Gunshots,2014-07-05,01:17:33,WashingtonDC1D,38.905,-76.988
5972,7D149391,Multiple_Gunshots,2014-07-05,01:17:35,WashingtonDC7D,38.823,-77.008
5973,6D113556,Single_Gunshot,2014-07-05,01:17:40,WashingtonDC6D,38.889,-76.942
5974,5D44184,Single_Gunshot,2014-07-05,01:17:40,WashingtonDC5D,38.926,-76.975
5975,4D39253,Single_Gunshot,2014-07-05,01:17:47,WashingtonDC4D,38.957,-77.012
5976,7D149392,Single_Gunshot,2014-07-05,01:17:52,WashingtonDC7D,38.844,-76.992
5977,6D113560,Gunshot_or_Firecracker,2014-07-05,01:17:54,WashingtonDC6D,38.9,-76.926
5978,7D149393,Multiple_Gunshots,2014-07-05,01:17:59,WashingtonDC7D,38.839,-76.996
5979,5D44186,Single_Gunshot,2014-07-05,01:18:01,WashingtonDC5D,38.926,-76.975
5980,6D113561,Multiple_Gunshots,2014-07-05,01:18:07,WashingtonDC6D,38.901,-76.929
5981,7D149395,Single_Gunshot,2014-07-05,01:18:15,WashingtonDC7D,38.839,-76.998
5982,4D39254,Single_Gunshot,2014-07-05,01:18:17,WashingtonDC4D,38.957,-77.012
5983,7D149396,Single_Gunshot,2014-07-05,01:18:20,WashingtonDC7D,38.85,-76.984
5984,6D113565,Multiple_Gunshots,2014-07-05,01:18:37,WashingtonDC6D,38.892,-76.922
5985,1D60802,Single_Gunshot,2014-07-05,01:18:39,WashingtonDC1D,38.896,-76.982
5986,5D44189,Gunshot_or_Firecracker,2014-07-05,01:18:40,WashingtonDC5D,38.926,-76.975
5987,7D149398,Multiple_Gunshots,2014-07-05,01:18:42,WashingtonDC7D,38.844,-76.978
5988,6D113568,Single_Gunshot,2014-07-05,01:19:04,WashingtonDC6D,38.879,-76.928
5989,6D113569,Single_Gunshot,2014-07-05,01:19:14,WashingtonDC6D,38.893,-76.945
5990,7D149401,Single_Gunshot,2014-07-05,01:19:25,WashingtonDC7D,38.843,-76.986
5991,6D113570,Single_Gunshot,2014-07-05,01:19:25,WashingtonDC6D,38.893,-76.946
5992,6D113572,Single_Gunshot,2014-07-05,01:19:31,WashingtonDC6D,38.894,-76.912
5993,7D149402,Single_Gunshot,2014-07-05,01:19:43,WashingtonDC7D,38.85,-76.984
5994,6D113574,Single_Gunshot,2014-07-05,01:19:44,WashingtonDC6D,38.897,-76.916
5995,7D149403,Multiple_Gunshots,2014-07-05,01:19:54,WashingtonDC7D,38.823,-77.008
5996,6D113575,Single_Gunshot,2014-07-05,01:19:56,WashingtonDC6D,38.879,-76.927
5997,5D44192,Single_Gunshot,2014-07-05,01:19:57,WashingtonDC5D,38.91,-76.988
5998,7D149404,Single_Gunshot,2014-07-05,01:20:00,WashingtonDC7D,38.845,-76.995
5999,6D113576,Multiple_Gunshots,2014-07-05,01:20:02,WashingtonDC6D,38.898,-76.951
6000,7D149405,Multiple_Gunshots,2014-07-05,01:20:07,WashingtonDC7D,38.824,-77.006
6001,7D149406,Multiple_Gunshots,2014-07-05,01:20:19,WashingtonDC7D,38.823,-77.008
6002,4D39257,Single_Gunshot,2014-07-05,01:20:19,WashingtonDC4D,38.96,-77.012
6003,7D149407,Single_Gunshot,2014-07-05,01:20:24,WashingtonDC7D,38.825,-77.005
6004,4D39258,Multiple_Gunshots,2014-07-05,01:20:24,WashingtonDC4D,38.959,-77.013
6005,7D149408,Single_Gunshot,2014-07-05,01:20:31,WashingtonDC7D,38.85,-76.985
6006,4D39259,Gunshot_or_Firecracker,2014-07-05,01:20:37,WashingtonDC4D,38.959,-77.013
6007,4D39260,Multiple_Gunshots,2014-07-05,01:20:41,WashingtonDC4D,38.959,-77.013
6008,7D149411,Single_Gunshot,2014-07-05,01:20:45,WashingtonDC7D,38.839,-76.996
6009,7D149412,Single_Gunshot,2014-07-05,01:20:46,WashingtonDC7D,38.839,-76.996
6010,7D149413,Single_Gunshot,2014-07-05,01:20:49,WashingtonDC7D,38.86,-77.0
6011,6D113580,Multiple_Gunshots,2014-07-05,01:20:56,WashingtonDC6D,38.901,-76.929
6012,4D39261,Single_Gunshot,2014-07-05,01:20:56,WashingtonDC4D,38.959,-77.008
6013,1D60811,Single_Gunshot,2014-07-05,01:20:56,WashingtonDC1D,38.895,-76.978
6014,7D149414,Multiple_Gunshots,2014-07-05,01:20:58,WashingtonDC7D,38.829,-77.012
6015,6D113581,Single_Gunshot,2014-07-05,01:20:59,WashingtonDC6D,38.893,-76.946
6016,7D149415,Multiple_Gunshots,2014-07-05,01:21:05,WashingtonDC7D,38.839,-76.994
6017,3D46709,Multiple_Gunshots,2014-07-05,01:21:29,WashingtonDC3D,38.934,-77.027
6018,5D44196,Multiple_Gunshots,2014-07-05,01:21:30,WashingtonDC5D,38.925,-77.002
6019,7D149419,Multiple_Gunshots,2014-07-05,01:21:33,WashingtonDC7D,38.847,-76.981
6020,5D44197,Multiple_Gunshots,2014-07-05,01:21:35,WashingtonDC5D,38.924,-77.002
6021,6D113584,Single_Gunshot,2014-07-05,01:21:36,WashingtonDC6D,38.873,-76.974
6022,7D149420,Multiple_Gunshots,2014-07-05,01:21:39,WashingtonDC7D,38.847,-76.981
6023,3D46711,Gunshot_or_Firecracker,2014-07-05,01:21:39,WashingtonDC3D,38.934,-77.027
6024,7D149421,Multiple_Gunshots,2014-07-05,01:21:45,WashingtonDC7D,38.847,-76.981
6025,5D44198,Multiple_Gunshots,2014-07-05,01:21:45,WashingtonDC5D,38.924,-77.002
6026,7D149422,Multiple_Gunshots,2014-07-05,01:21:49,WashingtonDC7D,38.86,-77.0
6027,5D44199,Multiple_Gunshots,2014-07-05,01:21:49,WashingtonDC5D,38.924,-77.002
6028,7D149423,Single_Gunshot,2014-07-05,01:21:55,WashingtonDC7D,38.839,-76.996
6029,6D113588,Single_Gunshot,2014-07-05,01:22:00,WashingtonDC6D,38.893,-76.924
6030,6D113589,Single_Gunshot,2014-07-05,01:22:11,WashingtonDC6D,38.886,-76.935
6031,1D60815,Multiple_Gunshots,2014-07-05,01:22:21,WashingtonDC1D,38.9,-76.978
6032,6D113590,Multiple_Gunshots,2014-07-05,01:22:25,WashingtonDC6D,38.901,-76.929
6033,5D44200,Single_Gunshot,2014-07-05,01:22:25,WashingtonDC5D,38.9,-76.978
6034,4D39266,Single_Gunshot,2014-07-05,01:22:31,WashingtonDC4D,38.96,-77.008
6035,6D113591,Single_Gunshot,2014-07-05,01:22:35,WashingtonDC6D,38.893,-76.945
6036,4D39267,Single_Gunshot,2014-07-05,01:22:46,WashingtonDC4D,38.96,-77.007
6037,7D149428,Single_Gunshot,2014-07-05,01:22:50,WashingtonDC7D,38.861,-76.998
6038,4D39268,Single_Gunshot,2014-07-05,01:22:54,WashingtonDC4D,38.961,-77.006
6039,7D149429,Single_Gunshot,2014-07-05,01:22:55,WashingtonDC7D,38.854,-76.965
6040,6D113593,Single_Gunshot,2014-07-05,01:23:02,WashingtonDC6D,38.894,-76.912
6041,6D113595,Multiple_Gunshots,2014-07-05,01:23:10,WashingtonDC6D,38.912,-76.937
6042,4D39269,Multiple_Gunshots,2014-07-05,01:23:15,WashingtonDC4D,38.96,-77.007
6043,4D39270,Multiple_Gunshots,2014-07-05,01:23:23,WashingtonDC4D,38.967,-77.021
6044,7D149431,Single_Gunshot,2014-07-05,01:23:26,WashingtonDC7D,38.828,-77.012
6045,6D113597,Gunshot_or_Firecracker,2014-07-05,01:23:31,WashingtonDC6D,38.893,-76.946
6046,7D149432,Multiple_Gunshots,2014-07-05,01:23:33,WashingtonDC7D,38.844,-76.984
6047,6D113599,Single_Gunshot,2014-07-05,01:23:37,WashingtonDC6D,38.893,-76.926
6048,6D113600,Multiple_Gunshots,2014-07-05,01:23:42,WashingtonDC6D,38.894,-76.924
6049,7D149436,Multiple_Gunshots,2014-07-05,01:23:49,WashingtonDC7D,38.843,-76.986
6050,6D113601,Single_Gunshot,2014-07-05,01:23:54,WashingtonDC6D,38.893,-76.924
6051,6D113602,Single_Gunshot,2014-07-05,01:24:01,WashingtonDC6D,38.893,-76.926
6052,5D44205,Multiple_Gunshots,2014-07-05,01:24:01,WashingtonDC5D,38.917,-77.009
6053,5D44206,Single_Gunshot,2014-07-05,01:24:12,WashingtonDC5D,38.903,-76.998
6054,6D113604,Multiple_Gunshots,2014-07-05,01:24:22,WashingtonDC6D,38.893,-76.946
6055,5D44207,Gunshot_or_Firecracker,2014-07-05,01:24:25,WashingtonDC5D,38.91,-76.987
6056,6D113605,Single_Gunshot,2014-07-05,01:24:26,WashingtonDC6D,38.893,-76.924
6057,1D60822,Single_Gunshot,2014-07-05,01:24:27,WashingtonDC1D,38.909,-76.987
6058,7D149441,Single_Gunshot,2014-07-05,01:24:30,WashingtonDC7D,38.852,-76.992
6059,5D44208,Gunshot_or_Firecracker,2014-07-05,01:24:31,WashingtonDC5D,38.91,-76.988
6060,5D44209,Single_Gunshot,2014-07-05,01:24:34,WashingtonDC5D,38.911,-76.985
6061,1D60823,Multiple_Gunshots,2014-07-05,01:24:34,WashingtonDC1D,38.91,-76.987
6062,5D44211,Gunshot_or_Firecracker,2014-07-05,01:24:36,WashingtonDC5D,38.91,-76.987
6063,7D149444,Multiple_Gunshots,2014-07-05,01:24:47,WashingtonDC7D,38.843,-76.986
6064,5D44212,Multiple_Gunshots,2014-07-05,01:24:51,WashingtonDC5D,38.91,-76.988
6065,6D113609,Single_Gunshot,2014-07-05,01:24:56,WashingtonDC6D,38.893,-76.924
6066,3D46713,Single_Gunshot,2014-07-05,01:24:56,WashingtonDC3D,38.929,-77.02
6067,7D149446,Single_Gunshot,2014-07-05,01:25:02,WashingtonDC7D,38.827,-76.988
6068,5D44213,Multiple_Gunshots,2014-07-05,01:25:04,WashingtonDC5D,38.91,-76.987
6069,1D60824,Multiple_Gunshots,2014-07-05,01:25:06,WashingtonDC1D,38.902,-76.989
6070,5D44214,Multiple_Gunshots,2014-07-05,01:25:11,WashingtonDC5D,38.924,-77.002
6071,7D149448,Multiple_Gunshots,2014-07-05,01:25:14,WashingtonDC7D,38.824,-77.007
6072,5D44215,Gunshot_or_Firecracker,2014-07-05,01:25:17,WashingtonDC5D,38.924,-77.002
6073,5D44216,Gunshot_or_Firecracker,2014-07-05,01:25:18,WashingtonDC5D,38.924,-77.002
6074,5D44217,Gunshot_or_Firecracker,2014-07-05,01:25:22,WashingtonDC5D,38.924,-77.002
6075,5D44218,Gunshot_or_Firecracker,2014-07-05,01:25:23,WashingtonDC5D,38.924,-77.002
6076,5D44219,Gunshot_or_Firecracker,2014-07-05,01:25:26,WashingtonDC5D,38.924,-77.002
6077,3D46714,Single_Gunshot,2014-07-05,01:25:26,WashingtonDC3D,38.924,-77.003
6078,4D39273,Single_Gunshot,2014-07-05,01:25:27,WashingtonDC4D,38.96,-77.007
6079,7D149449,Multiple_Gunshots,2014-07-05,01:25:29,WashingtonDC7D,38.824,-77.006
6080,5D44221,Gunshot_or_Firecracker,2014-07-05,01:25:31,WashingtonDC5D,38.924,-77.002
6081,6D113611,Multiple_Gunshots,2014-07-05,01:25:32,WashingtonDC6D,38.88,-76.934
6082,4D39274,Single_Gunshot,2014-07-05,01:25:34,WashingtonDC4D,38.96,-77.008
6083,1D60826,Gunshot_or_Firecracker,2014-07-05,01:25:35,WashingtonDC1D,38.9,-76.978
6084,4D39275,Gunshot_or_Firecracker,2014-07-05,01:25:37,WashingtonDC4D,38.96,-77.008
6085,5D44223,Gunshot_or_Firecracker,2014-07-05,01:25:40,WashingtonDC5D,38.924,-77.002
6086,7D149450,Single_Gunshot,2014-07-05,01:25:41,WashingtonDC7D,38.832,-77.001
6087,5D44224,Gunshot_or_Firecracker,2014-07-05,01:25:42,WashingtonDC5D,38.925,-77.002
6088,4D39276,Single_Gunshot,2014-07-05,01:25:42,WashingtonDC4D,38.961,-77.006
6089,5D44226,Single_Gunshot,2014-07-05,01:25:47,WashingtonDC5D,38.923,-77.002
6090,4D39277,Multiple_Gunshots,2014-07-05,01:25:47,WashingtonDC4D,38.961,-77.006
6091,7D149451,Single_Gunshot,2014-07-05,01:25:48,WashingtonDC7D,38.832,-77.001
6092,4D39278,Single_Gunshot,2014-07-05,01:25:54,WashingtonDC4D,38.96,-77.023
6093,1D60827,Single_Gunshot,2014-07-05,01:25:55,WashingtonDC1D,38.886,-77.026
6094,4D39279,Single_Gunshot,2014-07-05,01:25:57,WashingtonDC4D,38.96,-77.023
6095,7D149452,Single_Gunshot,2014-07-05,01:25:59,WashingtonDC7D,38.854,-76.966
6096,4D39280,Multiple_Gunshots,2014-07-05,01:26:00,WashingtonDC4D,38.96,-77.008
6097,4D39281,Single_Gunshot,2014-07-05,01:26:04,WashingtonDC4D,38.961,-77.024
6098,7D149453,Multiple_Gunshots,2014-07-05,01:26:06,WashingtonDC7D,38.838,-76.998
6099,6D113613,Multiple_Gunshots,2014-07-05,01:26:14,WashingtonDC6D,38.894,-76.924
6100,6D113614,Single_Gunshot,2014-07-05,01:26:17,WashingtonDC6D,38.893,-76.951
6101,6D113615,Single_Gunshot,2014-07-05,01:26:19,WashingtonDC6D,38.893,-76.951
6102,6D113617,Multiple_Gunshots,2014-07-05,01:26:25,WashingtonDC6D,38.893,-76.95
6103,6D113619,Single_Gunshot,2014-07-05,01:26:31,WashingtonDC6D,38.893,-76.951
6104,4D39282,Single_Gunshot,2014-07-05,01:26:57,WashingtonDC4D,38.965,-77.021
6105,7D149462,Gunshot_or_Firecracker,2014-07-05,01:27:05,WashingtonDC7D,38.86,-76.974
6106,5D44228,Single_Gunshot,2014-07-05,01:27:05,WashingtonDC5D,38.906,-77.018
6107,6D113624,Single_Gunshot,2014-07-05,01:27:09,WashingtonDC6D,38.891,-76.923
6108,4D39283,Multiple_Gunshots,2014-07-05,01:27:10,WashingtonDC4D,38.96,-77.007
6109,6D113625,Multiple_Gunshots,2014-07-05,01:27:12,WashingtonDC6D,38.891,-76.923
6110,6D113626,Single_Gunshot,2014-07-05,01:27:18,WashingtonDC6D,38.891,-76.923
6111,6D113627,Single_Gunshot,2014-07-05,01:27:19,WashingtonDC6D,38.891,-76.923
6112,5D44230,Gunshot_or_Firecracker,2014-07-05,01:27:24,WashingtonDC5D,38.924,-77.002
6113,6D113629,Multiple_Gunshots,2014-07-05,01:27:34,WashingtonDC6D,38.911,-76.937
6114,7D149465,Single_Gunshot,2014-07-05,01:27:47,WashingtonDC7D,38.859,-77.001
6115,7D149466,Multiple_Gunshots,2014-07-05,01:27:54,WashingtonDC7D,38.824,-77.007
6116,3D46717,Gunshot_or_Firecracker,2014-07-05,01:27:56,WashingtonDC3D,38.924,-77.029
6117,6D113631,Single_Gunshot,2014-07-05,01:28:03,WashingtonDC6D,38.894,-76.912
6118,7D149468,Single_Gunshot,2014-07-05,01:28:08,WashingtonDC7D,38.835,-76.989
6119,6D113632,Multiple_Gunshots,2014-07-05,01:28:11,WashingtonDC6D,38.893,-76.923
6120,7D149469,Single_Gunshot,2014-07-05,01:28:16,WashingtonDC7D,38.854,-76.965
6121,6D113634,Single_Gunshot,2014-07-05,01:28:23,WashingtonDC6D,38.893,-76.924
6122,7D149470,Multiple_Gunshots,2014-07-05,01:28:27,WashingtonDC7D,38.844,-76.979
6123,1D60831,Single_Gunshot,2014-07-05,01:28:28,WashingtonDC1D,38.901,-76.985
6124,7D149471,Single_Gunshot,2014-07-05,01:28:36,WashingtonDC7D,38.835,-76.989
6125,4D39284,Multiple_Gunshots,2014-07-05,01:28:40,WashingtonDC4D,38.959,-77.013
6126,4D39285,Single_Gunshot,2014-07-05,01:28:45,WashingtonDC4D,38.959,-77.013
6127,1D60832,Single_Gunshot,2014-07-05,01:28:46,WashingtonDC1D,38.886,-77.026
6128,4D39286,Multiple_Gunshots,2014-07-05,01:28:53,WashingtonDC4D,38.959,-77.013
6129,7D149472,Single_Gunshot,2014-07-05,01:28:55,WashingtonDC7D,38.844,-76.995
6130,5D44238,Single_Gunshot,2014-07-05,01:29:09,WashingtonDC5D,38.926,-76.975
6131,1D60833,Single_Gunshot,2014-07-05,01:29:11,WashingtonDC1D,38.901,-76.985
6132,7D149473,Single_Gunshot,2014-07-05,01:29:12,WashingtonDC7D,38.835,-76.989
6133,6D113641,Single_Gunshot,2014-07-05,01:29:12,WashingtonDC6D,38.895,-76.939
6134,6D113642,Single_Gunshot,2014-07-05,01:29:25,WashingtonDC6D,38.902,-76.93
6135,1D60834,Single_Gunshot,2014-07-05,01:29:25,WashingtonDC1D,38.9,-76.985
6136,6D113643,Single_Gunshot,2014-07-05,01:29:27,WashingtonDC6D,38.902,-76.93
6137,6D113644,Multiple_Gunshots,2014-07-05,01:29:29,WashingtonDC6D,38.901,-76.929
6138,3D46718,Gunshot_or_Firecracker,2014-07-05,01:29:29,WashingtonDC3D,38.922,-77.027
6139,7D149474,Single_Gunshot,2014-07-05,01:29:30,WashingtonDC7D,38.854,-76.983
6140,7D149475,Multiple_Gunshots,2014-07-05,01:29:32,WashingtonDC7D,38.865,-76.979
6141,1D60835,Single_Gunshot,2014-07-05,01:29:35,WashingtonDC1D,38.901,-76.985
6142,6D113646,Multiple_Gunshots,2014-07-05,01:29:36,WashingtonDC6D,38.902,-76.929
6143,4D39287,Multiple_Gunshots,2014-07-05,01:29:37,WashingtonDC4D,38.959,-77.013
6144,6D113647,Single_Gunshot,2014-07-05,01:29:42,WashingtonDC6D,38.882,-76.946
6145,6D113648,Single_Gunshot,2014-07-05,01:29:43,WashingtonDC6D,38.902,-76.929
6146,7D149476,Multiple_Gunshots,2014-07-05,01:29:44,WashingtonDC7D,38.854,-76.965
6147,5D44240,Gunshot_or_Firecracker,2014-07-05,01:29:45,WashingtonDC5D,38.926,-76.975
6148,4D39289,Multiple_Gunshots,2014-07-05,01:29:45,WashingtonDC4D,38.959,-77.012
6149,7D149477,Multiple_Gunshots,2014-07-05,01:29:47,WashingtonDC7D,38.864,-76.979
6150,6D113650,Single_Gunshot,2014-07-05,01:29:52,WashingtonDC6D,38.883,-76.948
6151,5D44241,Single_Gunshot,2014-07-05,01:29:55,WashingtonDC5D,38.91,-76.988
6152,7D149478,Single_Gunshot,2014-07-05,01:29:59,WashingtonDC7D,38.857,-76.973
6153,6D113651,Single_Gunshot,2014-07-05,01:30:00,WashingtonDC6D,38.883,-76.949
6154,4D39290,Single_Gunshot,2014-07-05,01:30:01,WashingtonDC4D,38.959,-77.013
6155,4D39291,Single_Gunshot,2014-07-05,01:30:04,WashingtonDC4D,38.958,-77.014
6156,6D113653,Multiple_Gunshots,2014-07-05,01:30:05,WashingtonDC6D,38.907,-76.933
6157,7D149479,Single_Gunshot,2014-07-05,01:30:09,WashingtonDC7D,38.844,-76.995
6158,6D113654,Multiple_Gunshots,2014-07-05,01:30:12,WashingtonDC6D,38.907,-76.934
6159,5D44242,Single_Gunshot,2014-07-05,01:30:12,WashingtonDC5D,38.904,-77.012
6160,6D113655,Multiple_Gunshots,2014-07-05,01:30:13,WashingtonDC6D,38.907,-76.934
6161,7D149480,Single_Gunshot,2014-07-05,01:30:17,WashingtonDC7D,38.857,-76.973
6162,6D113656,Gunshot_or_Firecracker,2014-07-05,01:30:17,WashingtonDC6D,38.907,-76.934
6163,6D113657,Multiple_Gunshots,2014-07-05,01:30:19,WashingtonDC6D,38.893,-76.923
6164,6D113658,Single_Gunshot,2014-07-05,01:30:22,WashingtonDC6D,38.883,-76.949
6165,4D39293,Multiple_Gunshots,2014-07-05,01:30:22,WashingtonDC4D,38.961,-77.006
6166,7D149482,Multiple_Gunshots,2014-07-05,01:30:28,WashingtonDC7D,38.847,-76.981
6167,6D113659,Single_Gunshot,2014-07-05,01:30:29,WashingtonDC6D,38.881,-76.932
6168,6D113660,Single_Gunshot,2014-07-05,01:30:30,WashingtonDC6D,38.881,-76.932
6169,6D113661,Multiple_Gunshots,2014-07-05,01:30:31,WashingtonDC6D,38.881,-76.932
6170,1D60838,Multiple_Gunshots,2014-07-05,01:30:36,WashingtonDC1D,38.902,-76.992
6171,4D39294,Single_Gunshot,2014-07-05,01:30:37,WashingtonDC4D,38.96,-77.007
6172,6D113663,Multiple_Gunshots,2014-07-05,01:30:38,WashingtonDC6D,38.886,-76.93
6173,4D39295,Multiple_Gunshots,2014-07-05,01:30:44,WashingtonDC4D,38.961,-77.006
6174,6D113665,Multiple_Gunshots,2014-07-05,01:30:45,WashingtonDC6D,38.891,-76.931
6175,7D149485,Multiple_Gunshots,2014-07-05,01:30:48,WashingtonDC7D,38.856,-76.972
6176,1D60839,Multiple_Gunshots,2014-07-05,01:30:48,WashingtonDC1D,38.882,-76.988
6177,4D39296,Single_Gunshot,2014-07-05,01:30:59,WashingtonDC4D,38.96,-77.007
6178,7D149486,Single_Gunshot,2014-07-05,01:31:04,WashingtonDC7D,38.845,-76.998
6179,7D149487,Single_Gunshot,2014-07-05,01:31:20,WashingtonDC7D,38.844,-76.995
6180,6D113670,Multiple_Gunshots,2014-07-05,01:31:23,WashingtonDC6D,38.895,-76.939
6181,6D113671,Multiple_Gunshots,2014-07-05,01:31:26,WashingtonDC6D,38.907,-76.934
6182,6D113672,Multiple_Gunshots,2014-07-05,01:31:33,WashingtonDC6D,38.907,-76.934
6183,4D39297,Single_Gunshot,2014-07-05,01:31:34,WashingtonDC4D,38.947,-77.025
6184,5D44245,Gunshot_or_Firecracker,2014-07-05,01:31:35,WashingtonDC5D,38.926,-76.975
6185,6D113673,Multiple_Gunshots,2014-07-05,01:31:38,WashingtonDC6D,38.906,-76.933
6186,4D39298,Multiple_Gunshots,2014-07-05,01:31:43,WashingtonDC4D,38.939,-77.029
6187,7D149489,Single_Gunshot,2014-07-05,01:31:49,WashingtonDC7D,38.853,-76.965
6188,5D44246,Multiple_Gunshots,2014-07-05,01:31:57,WashingtonDC5D,38.91,-76.988
6189,4D39299,Single_Gunshot,2014-07-05,01:32:18,WashingtonDC4D,38.959,-77.013
6190,4D39300,Multiple_Gunshots,2014-07-05,01:32:25,WashingtonDC4D,38.96,-77.012
6191,5D44249,Multiple_Gunshots,2014-07-05,01:32:27,WashingtonDC5D,38.91,-76.988
6192,4D39301,Multiple_Gunshots,2014-07-05,01:32:35,WashingtonDC4D,38.959,-77.013
6193,3D46725,Single_Gunshot,2014-07-05,01:32:36,WashingtonDC3D,38.937,-77.032
6194,7D149492,Single_Gunshot,2014-07-05,01:32:41,WashingtonDC7D,38.851,-76.968
6195,7D149493,Single_Gunshot,2014-07-05,01:32:58,WashingtonDC7D,38.845,-76.998
6196,4D39303,Multiple_Gunshots,2014-07-05,01:33:03,WashingtonDC4D,38.957,-77.012
6197,7D149494,Single_Gunshot,2014-07-05,01:33:04,WashingtonDC7D,38.844,-76.995
6198,6D113682,Single_Gunshot,2014-07-05,01:33:04,WashingtonDC6D,38.893,-76.95
6199,5D44251,Multiple_Gunshots,2014-07-05,01:33:12,WashingtonDC5D,38.91,-76.988
6200,7D149497,Gunshot_or_Firecracker,2014-07-05,01:33:14,WashingtonDC7D,38.854,-76.981
6201,6D113684,Multiple_Gunshots,2014-07-05,01:33:18,WashingtonDC6D,38.897,-76.921
6202,7D149498,Multiple_Gunshots,2014-07-05,01:33:19,WashingtonDC7D,38.86,-77.0
6203,1D60846,Gunshot_or_Firecracker,2014-07-05,01:33:25,WashingtonDC1D,38.874,-77.012
6204,4D39304,Single_Gunshot,2014-07-05,01:33:26,WashingtonDC4D,38.958,-77.007
6205,4D39305,Single_Gunshot,2014-07-05,01:33:31,WashingtonDC4D,38.94,-77.028
6206,3D46726,Single_Gunshot,2014-07-05,01:33:31,WashingtonDC3D,38.937,-77.03
6207,4D39306,Single_Gunshot,2014-07-05,01:33:32,WashingtonDC4D,38.96,-77.007
6208,4D39307,Single_Gunshot,2014-07-05,01:33:35,WashingtonDC4D,38.948,-77.026
6209,4D39308,Multiple_Gunshots,2014-07-05,01:33:36,WashingtonDC4D,38.96,-77.008
6210,3D46727,Multiple_Gunshots,2014-07-05,01:33:38,WashingtonDC3D,38.918,-77.033
6211,5D44252,Multiple_Gunshots,2014-07-05,01:33:40,WashingtonDC5D,38.91,-76.988
6212,6D113688,Single_Gunshot,2014-07-05,01:33:43,WashingtonDC6D,38.887,-76.932
6213,1D60849,Multiple_Gunshots,2014-07-05,01:33:45,WashingtonDC1D,38.91,-76.988
6214,6D113689,Multiple_Gunshots,2014-07-05,01:33:50,WashingtonDC6D,38.887,-76.932
6215,3D46729,Multiple_Gunshots,2014-07-05,01:33:56,WashingtonDC3D,38.918,-77.033
6216,6D113691,Multiple_Gunshots,2014-07-05,01:33:57,WashingtonDC6D,38.892,-76.932
6217,4D39309,Single_Gunshot,2014-07-05,01:34:01,WashingtonDC4D,38.96,-77.007
6218,6D113692,Single_Gunshot,2014-07-05,01:34:06,WashingtonDC6D,38.887,-76.932
6219,5D44255,Multiple_Gunshots,2014-07-05,01:34:08,WashingtonDC5D,38.91,-76.988
6220,4D39310,Multiple_Gunshots,2014-07-05,01:34:09,WashingtonDC4D,38.961,-77.006
6221,6D113693,Multiple_Gunshots,2014-07-05,01:34:10,WashingtonDC6D,38.906,-76.933
6222,4D39311,Single_Gunshot,2014-07-05,01:34:13,WashingtonDC4D,38.947,-77.017
6223,6D113694,Multiple_Gunshots,2014-07-05,01:34:17,WashingtonDC6D,38.907,-76.933
6224,6D113695,Gunshot_or_Firecracker,2014-07-05,01:34:27,WashingtonDC6D,38.881,-76.932
6225,6D113696,Multiple_Gunshots,2014-07-05,01:34:42,WashingtonDC6D,38.891,-76.931
6226,4D39312,Gunshot_or_Firecracker,2014-07-05,01:34:50,WashingtonDC4D,38.947,-77.025
6227,5D44257,Single_Gunshot,2014-07-05,01:34:57,WashingtonDC5D,38.924,-77.002
6228,3D46730,Single_Gunshot,2014-07-05,01:34:58,WashingtonDC3D,38.924,-77.002
6229,6D113700,Multiple_Gunshots,2014-07-05,01:35:01,WashingtonDC6D,38.881,-76.932
6230,4D39313,Single_Gunshot,2014-07-05,01:35:05,WashingtonDC4D,38.939,-77.03
6231,6D113701,Multiple_Gunshots,2014-07-05,01:35:17,WashingtonDC6D,38.891,-76.931
6232,4D39314,Multiple_Gunshots,2014-07-05,01:35:17,WashingtonDC4D,38.96,-77.012
6233,5D44258,Single_Gunshot,2014-07-05,01:35:31,WashingtonDC5D,38.924,-77.002
6234,3D46731,Single_Gunshot,2014-07-05,01:35:32,WashingtonDC3D,38.938,-77.032
6235,4D39315,Single_Gunshot,2014-07-05,01:35:33,WashingtonDC4D,38.957,-77.012
6236,4D39316,Single_Gunshot,2014-07-05,01:35:43,WashingtonDC4D,38.96,-77.007
6237,6D113705,Single_Gunshot,2014-07-05,01:35:49,WashingtonDC6D,38.914,-76.937
6238,5D44259,Multiple_Gunshots,2014-07-05,01:35:50,WashingtonDC5D,38.91,-76.988
6239,6D113706,Multiple_Gunshots,2014-07-05,01:35:53,WashingtonDC6D,38.891,-76.931
6240,4D39318,Multiple_Gunshots,2014-07-05,01:35:55,WashingtonDC4D,38.938,-77.034
6241,5D44260,Gunshot_or_Firecracker,2014-07-05,01:36:09,WashingtonDC5D,38.91,-76.988
6242,6D113708,Multiple_Gunshots,2014-07-05,01:36:10,WashingtonDC6D,38.894,-76.912
6243,1D60858,Single_Gunshot,2014-07-05,01:36:11,WashingtonDC1D,38.909,-76.987
6244,1D60859,Multiple_Gunshots,2014-07-05,01:36:21,WashingtonDC1D,38.909,-76.987
6245,4D39319,Multiple_Gunshots,2014-07-05,01:36:23,WashingtonDC4D,38.958,-77.012
6246,6D113709,Multiple_Gunshots,2014-07-05,01:36:42,WashingtonDC6D,38.897,-76.917
6247,6D113710,Single_Gunshot,2014-07-05,01:36:45,WashingtonDC6D,38.885,-76.953
6248,5D44262,Multiple_Gunshots,2014-07-05,01:36:49,WashingtonDC5D,38.924,-77.002
6249,4D39320,Gunshot_or_Firecracker,2014-07-05,01:36:52,WashingtonDC4D,38.939,-77.03
6250,4D39321,Multiple_Gunshots,2014-07-05,01:36:56,WashingtonDC4D,38.957,-77.012
6251,5D44264,Gunshot_or_Firecracker,2014-07-05,01:36:57,WashingtonDC5D,38.924,-77.002
6252,5D44265,Single_Gunshot,2014-07-05,01:36:59,WashingtonDC5D,38.924,-77.001
6253,6D113715,Multiple_Gunshots,2014-07-05,01:37:00,WashingtonDC6D,38.881,-76.932
6254,5D44267,Multiple_Gunshots,2014-07-05,01:37:11,WashingtonDC5D,38.925,-77.002
6255,6D113717,Gunshot_or_Firecracker,2014-07-05,01:37:15,WashingtonDC6D,38.893,-76.924
6256,4D39323,Multiple_Gunshots,2014-07-05,01:37:18,WashingtonDC4D,38.957,-77.012
6257,4D39324,Single_Gunshot,2014-07-05,01:37:23,WashingtonDC4D,38.957,-77.012
6258,4D39325,Single_Gunshot,2014-07-05,01:37:29,WashingtonDC4D,38.957,-77.013
6259,1D60864,Multiple_Gunshots,2014-07-05,01:37:29,WashingtonDC1D,38.882,-76.988
6260,4D39326,Single_Gunshot,2014-07-05,01:37:30,WashingtonDC4D,38.955,-77.014
6261,6D113721,Single_Gunshot,2014-07-05,01:37:48,WashingtonDC6D,38.886,-76.953
6262,5D44270,Gunshot_or_Firecracker,2014-07-05,01:37:53,WashingtonDC5D,38.924,-77.002
6263,1D60867,Multiple_Gunshots,2014-07-05,01:37:54,WashingtonDC1D,38.909,-76.987
6264,6D113722,Single_Gunshot,2014-07-05,01:37:55,WashingtonDC6D,38.876,-76.942
6265,5D44272,Single_Gunshot,2014-07-05,01:38:12,WashingtonDC5D,38.903,-76.979
6266,1D60869,Multiple_Gunshots,2014-07-05,01:38:12,WashingtonDC1D,38.9,-76.978
6267,6D113725,Multiple_Gunshots,2014-07-05,01:38:16,WashingtonDC6D,38.891,-76.931
6268,4D39327,Multiple_Gunshots,2014-07-05,01:38:19,WashingtonDC4D,38.957,-77.012
6269,6D113726,Multiple_Gunshots,2014-07-05,01:38:22,WashingtonDC6D,38.891,-76.931
6270,4D39328,Single_Gunshot,2014-07-05,01:38:32,WashingtonDC4D,38.958,-77.012
6271,4D39329,Multiple_Gunshots,2014-07-05,01:38:36,WashingtonDC4D,38.958,-77.012
6272,6D113732,Multiple_Gunshots,2014-07-05,01:38:48,WashingtonDC6D,38.863,-76.98
6273,4D39330,Multiple_Gunshots,2014-07-05,01:38:58,WashingtonDC4D,38.959,-77.014
6274,6D113734,Multiple_Gunshots,2014-07-05,01:39:03,WashingtonDC6D,38.895,-76.939
6275,6D113735,Multiple_Gunshots,2014-07-05,01:39:05,WashingtonDC6D,38.895,-76.938
6276,4D39331,Multiple_Gunshots,2014-07-05,01:39:06,WashingtonDC4D,38.959,-77.013
6277,3D46732,Single_Gunshot,2014-07-05,01:39:06,WashingtonDC3D,38.921,-77.029
6278,1D60871,Single_Gunshot,2014-07-05,01:39:08,WashingtonDC1D,38.909,-76.987
6279,5D44277,Gunshot_or_Firecracker,2014-07-05,01:39:10,WashingtonDC5D,38.924,-77.002
6280,5D44279,Multiple_Gunshots,2014-07-05,01:39:26,WashingtonDC5D,38.925,-77.003
6281,1D60873,Single_Gunshot,2014-07-05,01:39:27,WashingtonDC1D,38.9,-76.979
6282,6D113736,Multiple_Gunshots,2014-07-05,01:39:28,WashingtonDC6D,38.892,-76.953
6283,4D39335,Gunshot_or_Firecracker,2014-07-05,01:39:31,WashingtonDC4D,38.957,-77.012
6284,6D113737,Multiple_Gunshots,2014-07-05,01:39:37,WashingtonDC6D,38.892,-76.953
6285,6D113738,Multiple_Gunshots,2014-07-05,01:39:43,WashingtonDC6D,38.892,-76.953
6286,6D113739,Multiple_Gunshots,2014-07-05,01:39:46,WashingtonDC6D,38.892,-76.953
6287,6D113740,Multiple_Gunshots,2014-07-05,01:39:48,WashingtonDC6D,38.876,-76.941
6288,4D39336,Single_Gunshot,2014-07-05,01:39:48,WashingtonDC4D,38.957,-77.012
6289,4D39337,Multiple_Gunshots,2014-07-05,01:39:51,WashingtonDC4D,38.957,-77.012
6290,5D44281,Single_Gunshot,2014-07-05,01:39:55,WashingtonDC5D,38.91,-76.988
6291,4D39338,Single_Gunshot,2014-07-05,01:39:58,WashingtonDC4D,38.957,-77.013
6292,4D39339,Multiple_Gunshots,2014-07-05,01:40:00,WashingtonDC4D,38.957,-77.012
6293,6D113743,Multiple_Gunshots,2014-07-05,01:40:03,WashingtonDC6D,38.876,-76.941
6294,5D44282,Gunshot_or_Firecracker,2014-07-05,01:40:06,WashingtonDC5D,38.91,-76.988
6295,1D60877,Multiple_Gunshots,2014-07-05,01:40:08,WashingtonDC1D,38.907,-76.987
6296,6D113744,Single_Gunshot,2014-07-05,01:40:18,WashingtonDC6D,38.863,-76.98
6297,1D60879,Multiple_Gunshots,2014-07-05,01:40:38,WashingtonDC1D,38.889,-76.985
6298,5D44284,Multiple_Gunshots,2014-07-05,01:40:42,WashingtonDC5D,38.91,-76.987
6299,5D44285,Gunshot_or_Firecracker,2014-07-05,01:40:49,WashingtonDC5D,38.924,-77.002
6300,5D44287,Multiple_Gunshots,2014-07-05,01:41:37,WashingtonDC5D,38.924,-77.002
6301,6D113750,Single_Gunshot,2014-07-05,01:41:45,WashingtonDC6D,38.886,-76.928
6302,6D113751,Multiple_Gunshots,2014-07-05,01:41:52,WashingtonDC6D,38.886,-76.954
6303,5D44288,Single_Gunshot,2014-07-05,01:41:54,WashingtonDC5D,38.924,-77.002
6304,4D39341,Multiple_Gunshots,2014-07-05,01:41:57,WashingtonDC4D,38.931,-77.021
6305,3D46733,Multiple_Gunshots,2014-07-05,01:41:57,WashingtonDC3D,38.931,-77.021
6306,4D39342,Multiple_Gunshots,2014-07-05,01:42:00,WashingtonDC4D,38.931,-77.021
6307,3D46734,Single_Gunshot,2014-07-05,01:42:16,WashingtonDC3D,38.931,-77.021
6308,4D39343,Multiple_Gunshots,2014-07-05,01:42:17,WashingtonDC4D,38.931,-77.021
6309,5D44290,Multiple_Gunshots,2014-07-05,01:42:19,WashingtonDC5D,38.928,-77.018
6310,6D113755,Single_Gunshot,2014-07-05,01:42:34,WashingtonDC6D,38.883,-76.948
6311,1D60887,Multiple_Gunshots,2014-07-05,01:42:36,WashingtonDC1D,38.902,-76.985
6312,5D44291,Gunshot_or_Firecracker,2014-07-05,01:42:40,WashingtonDC5D,38.924,-77.002
6313,3D46735,Single_Gunshot,2014-07-05,01:42:45,WashingtonDC3D,38.923,-77.028
6314,6D113756,Single_Gunshot,2014-07-05,01:42:49,WashingtonDC6D,38.883,-76.948
6315,6D113757,Single_Gunshot,2014-07-05,01:42:56,WashingtonDC6D,38.883,-76.949
6316,1D60889,Multiple_Gunshots,2014-07-05,01:43:10,WashingtonDC1D,38.908,-76.987
6317,6D113760,Multiple_Gunshots,2014-07-05,01:43:25,WashingtonDC6D,38.893,-76.925
6318,6D113761,Single_Gunshot,2014-07-05,01:43:28,WashingtonDC6D,38.881,-76.932
6319,6D113762,Single_Gunshot,2014-07-05,01:43:46,WashingtonDC6D,38.865,-76.968
6320,1D60891,Single_Gunshot,2014-07-05,01:43:46,WashingtonDC1D,38.906,-76.978
6321,5D44293,Multiple_Gunshots,2014-07-05,01:43:47,WashingtonDC5D,38.924,-77.002
6322,5D44294,Multiple_Gunshots,2014-07-05,01:43:56,WashingtonDC5D,38.924,-77.002
6323,5D44295,Single_Gunshot,2014-07-05,01:43:59,WashingtonDC5D,38.925,-77.002
6324,4D39348,Single_Gunshot,2014-07-05,01:44:01,WashingtonDC4D,38.957,-77.03
6325,5D44296,Multiple_Gunshots,2014-07-05,01:44:02,WashingtonDC5D,38.924,-77.002
6326,6D113764,Single_Gunshot,2014-07-05,01:44:14,WashingtonDC6D,38.885,-76.936
6327,6D113765,Multiple_Gunshots,2014-07-05,01:44:22,WashingtonDC6D,38.885,-76.936
6328,5D44297,Gunshot_or_Firecracker,2014-07-05,01:44:31,WashingtonDC5D,38.91,-76.987
6329,6D113767,Multiple_Gunshots,2014-07-05,01:44:33,WashingtonDC6D,38.9,-76.937
6330,1D60894,Single_Gunshot,2014-07-05,01:44:33,WashingtonDC1D,38.908,-76.987
6331,4D39351,Multiple_Gunshots,2014-07-05,01:44:42,WashingtonDC4D,38.966,-77.022
6332,5D44298,Gunshot_or_Firecracker,2014-07-05,01:45:00,WashingtonDC5D,38.91,-76.987
6333,1D60895,Multiple_Gunshots,2014-07-05,01:45:02,WashingtonDC1D,38.907,-76.987
6334,6D113776,Multiple_Gunshots,2014-07-05,01:45:22,WashingtonDC6D,38.895,-76.938
6335,7D149561,Single_Gunshot,2014-07-05,01:45:30,WashingtonDC7D,38.83,-77.002
6336,7D149562,Multiple_Gunshots,2014-07-05,01:45:31,WashingtonDC7D,38.826,-77.008
6337,1D60896,Multiple_Gunshots,2014-07-05,01:45:31,WashingtonDC1D,38.886,-77.026
6338,5D44300,Single_Gunshot,2014-07-05,01:45:35,WashingtonDC5D,38.905,-76.979
6339,7D149563,Single_Gunshot,2014-07-05,01:45:38,WashingtonDC7D,38.858,-76.973
6340,5D44301,Multiple_Gunshots,2014-07-05,01:45:56,WashingtonDC5D,38.924,-77.002
6341,6D113780,Single_Gunshot,2014-07-05,01:45:58,WashingtonDC6D,38.885,-76.936
6342,6D113781,Single_Gunshot,2014-07-05,01:45:59,WashingtonDC6D,38.885,-76.936
6343,5D44302,Multiple_Gunshots,2014-07-05,01:46:01,WashingtonDC5D,38.924,-77.002
6344,6D113782,Multiple_Gunshots,2014-07-05,01:46:03,WashingtonDC6D,38.885,-76.936
6345,4D39352,Single_Gunshot,2014-07-05,01:46:07,WashingtonDC4D,38.929,-77.021
6346,3D46737,Single_Gunshot,2014-07-05,01:46:07,WashingtonDC3D,38.931,-77.021
6347,1D60897,Single_Gunshot,2014-07-05,01:46:17,WashingtonDC1D,38.908,-76.987
6348,5D44305,Multiple_Gunshots,2014-07-05,01:46:18,WashingtonDC5D,38.924,-77.002
6349,3D46738,Single_Gunshot,2014-07-05,01:46:18,WashingtonDC3D,38.931,-77.021
6350,6D113783,Single_Gunshot,2014-07-05,01:46:21,WashingtonDC6D,38.876,-76.941
6351,5D44306,Single_Gunshot,2014-07-05,01:46:23,WashingtonDC5D,38.904,-76.981
6352,1D60898,Single_Gunshot,2014-07-05,01:46:24,WashingtonDC1D,38.904,-76.982
6353,3D46739,Single_Gunshot,2014-07-05,01:46:27,WashingtonDC3D,38.931,-77.021
6354,4D39354,Multiple_Gunshots,2014-07-05,01:46:28,WashingtonDC4D,38.929,-77.021
6355,5D44307,Single_Gunshot,2014-07-05,01:46:32,WashingtonDC5D,38.911,-76.985
6356,5D44308,Gunshot_or_Firecracker,2014-07-05,01:46:35,WashingtonDC5D,38.91,-76.988
6357,6D113785,Single_Gunshot,2014-07-05,01:46:37,WashingtonDC6D,38.904,-76.932
6358,4D39355,Single_Gunshot,2014-07-05,01:46:38,WashingtonDC4D,38.93,-77.021
6359,3D46740,Multiple_Gunshots,2014-07-05,01:46:38,WashingtonDC3D,38.931,-77.021
6360,6D113786,Multiple_Gunshots,2014-07-05,01:46:42,WashingtonDC6D,38.885,-76.936
6361,6D113787,Multiple_Gunshots,2014-07-05,01:46:48,WashingtonDC6D,38.9,-76.937
6362,6D113788,Single_Gunshot,2014-07-05,01:46:51,WashingtonDC6D,38.885,-76.936
6363,6D113789,Single_Gunshot,2014-07-05,01:46:52,WashingtonDC6D,38.885,-76.936
6364,3D46741,Gunshot_or_Firecracker,2014-07-05,01:46:57,WashingtonDC3D,38.931,-77.021
6365,7D149565,Multiple_Gunshots,2014-07-05,01:47:03,WashingtonDC7D,38.854,-76.966
6366,6D113790,Single_Gunshot,2014-07-05,01:47:15,WashingtonDC6D,38.881,-76.927
6367,1D60899,Multiple_Gunshots,2014-07-05,01:47:17,WashingtonDC1D,38.88,-76.988
6368,6D113791,Single_Gunshot,2014-07-05,01:47:24,WashingtonDC6D,38.878,-76.927
6369,7D149566,Single_Gunshot,2014-07-05,01:47:41,WashingtonDC7D,38.827,-77.007
6370,5D44311,Single_Gunshot,2014-07-05,01:47:41,WashingtonDC5D,38.924,-77.002
6371,4D39357,Multiple_Gunshots,2014-07-05,01:47:45,WashingtonDC4D,38.931,-77.021
6372,3D46742,Multiple_Gunshots,2014-07-05,01:47:45,WashingtonDC3D,38.931,-77.021
6373,4D39358,Multiple_Gunshots,2014-07-05,01:47:47,WashingtonDC4D,38.933,-77.021
6374,3D46743,Multiple_Gunshots,2014-07-05,01:47:48,WashingtonDC3D,38.931,-77.021
6375,6D113794,Single_Gunshot,2014-07-05,01:47:49,WashingtonDC6D,38.892,-76.953
6376,5D44312,Gunshot_or_Firecracker,2014-07-05,01:47:53,WashingtonDC5D,38.925,-77.002
6377,3D46744,Gunshot_or_Firecracker,2014-07-05,01:47:53,WashingtonDC3D,38.924,-77.003
6378,7D149567,Multiple_Gunshots,2014-07-05,01:47:54,WashingtonDC7D,38.825,-77.007
6379,1D60900,Multiple_Gunshots,2014-07-05,01:48:02,WashingtonDC1D,38.892,-76.978
6380,7D149568,Single_Gunshot,2014-07-05,01:48:04,WashingtonDC7D,38.826,-77.008
6381,4D39359,Multiple_Gunshots,2014-07-05,01:48:07,WashingtonDC4D,38.953,-77.012
6382,6D113795,Gunshot_or_Firecracker,2014-07-05,01:48:11,WashingtonDC6D,38.885,-76.936
6383,6D113796,Multiple_Gunshots,2014-07-05,01:48:18,WashingtonDC6D,38.885,-76.936
6384,5D44313,Single_Gunshot,2014-07-05,01:49:00,WashingtonDC5D,38.926,-76.975
6385,5D44314,Gunshot_or_Firecracker,2014-07-05,01:49:11,WashingtonDC5D,38.924,-77.002
6386,3D46745,Single_Gunshot,2014-07-05,01:49:11,WashingtonDC3D,38.924,-77.003
6387,5D44315,Single_Gunshot,2014-07-05,01:49:24,WashingtonDC5D,38.926,-76.975
6388,7D149574,Single_Gunshot,2014-07-05,01:49:36,WashingtonDC7D,38.851,-76.986
6389,5D44316,Gunshot_or_Firecracker,2014-07-05,01:49:42,WashingtonDC5D,38.924,-77.002
6390,3D46746,Gunshot_or_Firecracker,2014-07-05,01:49:42,WashingtonDC3D,38.924,-77.003
6391,5D44317,Gunshot_or_Firecracker,2014-07-05,01:50:01,WashingtonDC5D,38.926,-76.975
6392,4D39361,Multiple_Gunshots,2014-07-05,01:50:04,WashingtonDC4D,38.931,-77.021
6393,3D46747,Multiple_Gunshots,2014-07-05,01:50:04,WashingtonDC3D,38.931,-77.021
6394,1D60902,Single_Gunshot,2014-07-05,01:50:10,WashingtonDC1D,38.904,-76.979
6395,5D44318,Gunshot_or_Firecracker,2014-07-05,01:50:13,WashingtonDC5D,38.925,-77.002
6396,4D39362,Multiple_Gunshots,2014-07-05,01:50:15,WashingtonDC4D,38.931,-77.021
6397,3D46748,Multiple_Gunshots,2014-07-05,01:50:17,WashingtonDC3D,38.927,-77.023
6398,7D149577,Multiple_Gunshots,2014-07-05,01:50:21,WashingtonDC7D,38.825,-77.009
6399,3D46749,Single_Gunshot,2014-07-05,01:50:22,WashingtonDC3D,38.931,-77.021
6400,4D39363,Multiple_Gunshots,2014-07-05,01:50:23,WashingtonDC4D,38.935,-77.022
6401,3D46750,Single_Gunshot,2014-07-05,01:50:23,WashingtonDC3D,38.931,-77.021
6402,7D149578,Single_Gunshot,2014-07-05,01:50:26,WashingtonDC7D,38.83,-77.003
6403,7D149579,Multiple_Gunshots,2014-07-05,01:50:27,WashingtonDC7D,38.827,-77.006
6404,7D149580,Multiple_Gunshots,2014-07-05,01:50:33,WashingtonDC7D,38.826,-77.007
6405,7D149581,Multiple_Gunshots,2014-07-05,01:50:41,WashingtonDC7D,38.826,-77.007
6406,1D60904,Multiple_Gunshots,2014-07-05,01:50:45,WashingtonDC1D,38.9,-76.978
6407,3D46754,Gunshot_or_Firecracker,2014-07-05,01:50:46,WashingtonDC3D,38.931,-77.021
6408,5D44321,Gunshot_or_Firecracker,2014-07-05,01:50:47,WashingtonDC5D,38.924,-77.002
6409,7D149582,Multiple_Gunshots,2014-07-05,01:50:50,WashingtonDC7D,38.826,-77.007
6410,5D44322,Gunshot_or_Firecracker,2014-07-05,01:50:53,WashingtonDC5D,38.924,-77.002
6411,5D44323,Gunshot_or_Firecracker,2014-07-05,01:50:55,WashingtonDC5D,38.925,-77.002
6412,7D149583,Multiple_Gunshots,2014-07-05,01:51:00,WashingtonDC7D,38.826,-77.007
6413,5D44324,Gunshot_or_Firecracker,2014-07-05,01:51:01,WashingtonDC5D,38.924,-77.002
6414,1D60905,Single_Gunshot,2014-07-05,01:51:02,WashingtonDC1D,38.874,-77.011
6415,5D44325,Gunshot_or_Firecracker,2014-07-05,01:51:07,WashingtonDC5D,38.924,-77.002
6416,4D39367,Multiple_Gunshots,2014-07-05,01:51:07,WashingtonDC4D,38.955,-77.024
6417,5D44326,Gunshot_or_Firecracker,2014-07-05,01:51:11,WashingtonDC5D,38.925,-77.002
6418,5D44328,Single_Gunshot,2014-07-05,01:51:16,WashingtonDC5D,38.924,-77.002
6419,4D39368,Single_Gunshot,2014-07-05,01:51:17,WashingtonDC4D,38.955,-77.024
6420,4D39369,Multiple_Gunshots,2014-07-05,01:51:19,WashingtonDC4D,38.955,-77.024
6421,5D44329,Multiple_Gunshots,2014-07-05,01:51:27,WashingtonDC5D,38.926,-76.975
6422,5D44331,Single_Gunshot,2014-07-05,01:51:37,WashingtonDC5D,38.923,-77.001
6423,5D44332,Gunshot_or_Firecracker,2014-07-05,01:51:43,WashingtonDC5D,38.926,-76.975
6424,5D44333,Gunshot_or_Firecracker,2014-07-05,01:51:48,WashingtonDC5D,38.926,-76.975
6425,5D44334,Gunshot_or_Firecracker,2014-07-05,01:51:50,WashingtonDC5D,38.927,-76.975
6426,5D44335,Gunshot_or_Firecracker,2014-07-05,01:51:55,WashingtonDC5D,38.926,-76.975
6427,5D44336,Multiple_Gunshots,2014-07-05,01:51:56,WashingtonDC5D,38.926,-76.975
6428,7D149594,Multiple_Gunshots,2014-07-05,01:51:58,WashingtonDC7D,38.843,-76.986
6429,5D44337,Gunshot_or_Firecracker,2014-07-05,01:52:15,WashingtonDC5D,38.926,-76.975
6430,4D39371,Multiple_Gunshots,2014-07-05,01:52:31,WashingtonDC4D,38.94,-77.03
6431,1D60909,Multiple_Gunshots,2014-07-05,01:52:31,WashingtonDC1D,38.902,-76.979
6432,5D44338,Single_Gunshot,2014-07-05,01:52:33,WashingtonDC5D,38.903,-76.979
6433,6D113797,Single_Gunshot,2014-07-05,01:52:35,WashingtonDC6D,38.875,-76.964
6434,5D44339,Gunshot_or_Firecracker,2014-07-05,01:52:44,WashingtonDC5D,38.925,-77.002
6435,3D46755,Single_Gunshot,2014-07-05,01:52:44,WashingtonDC3D,38.924,-77.002
6436,7D149599,Single_Gunshot,2014-07-05,01:52:46,WashingtonDC7D,38.853,-76.987
6437,7D149602,Single_Gunshot,2014-07-05,01:53:04,WashingtonDC7D,38.844,-76.973
6438,5D44340,Gunshot_or_Firecracker,2014-07-05,01:53:11,WashingtonDC5D,38.926,-76.975
6439,1D60910,Multiple_Gunshots,2014-07-05,01:53:30,WashingtonDC1D,38.889,-76.985
6440,6D113798,Multiple_Gunshots,2014-07-05,01:53:32,WashingtonDC6D,38.877,-76.941
6441,6D113799,Single_Gunshot,2014-07-05,01:53:44,WashingtonDC6D,38.899,-76.937
6442,7D149606,Single_Gunshot,2014-07-05,01:53:47,WashingtonDC7D,38.857,-76.973
6443,4D39372,Multiple_Gunshots,2014-07-05,01:53:48,WashingtonDC4D,38.952,-77.026
6444,7D149607,Single_Gunshot,2014-07-05,01:53:58,WashingtonDC7D,38.844,-76.973
6445,6D113800,Multiple_Gunshots,2014-07-05,01:54:05,WashingtonDC6D,38.902,-76.929
6446,6D113801,Multiple_Gunshots,2014-07-05,01:54:08,WashingtonDC6D,38.893,-76.925
6447,1D60911,Single_Gunshot,2014-07-05,01:54:09,WashingtonDC1D,38.904,-76.978
6448,5D44341,Gunshot_or_Firecracker,2014-07-05,01:54:12,WashingtonDC5D,38.926,-76.975
6449,6D113802,Multiple_Gunshots,2014-07-05,01:54:14,WashingtonDC6D,38.907,-76.933
6450,3D46756,Multiple_Gunshots,2014-07-05,01:54:27,WashingtonDC3D,38.922,-77.029
6451,3D46757,Single_Gunshot,2014-07-05,01:54:31,WashingtonDC3D,38.922,-77.029
6452,3D46758,Single_Gunshot,2014-07-05,01:54:32,WashingtonDC3D,38.922,-77.029
6453,3D46759,Multiple_Gunshots,2014-07-05,01:54:33,WashingtonDC3D,38.921,-77.028
6454,6D113803,Multiple_Gunshots,2014-07-05,01:54:37,WashingtonDC6D,38.891,-76.933
6455,5D44342,Gunshot_or_Firecracker,2014-07-05,01:54:40,WashingtonDC5D,38.924,-77.002
6456,6D113804,Single_Gunshot,2014-07-05,01:54:41,WashingtonDC6D,38.886,-76.928
6457,3D46764,Multiple_Gunshots,2014-07-05,01:54:47,WashingtonDC3D,38.922,-77.029
6458,1D60912,Multiple_Gunshots,2014-07-05,01:55:03,WashingtonDC1D,38.889,-76.983
6459,7D149611,Gunshot_or_Firecracker,2014-07-05,01:55:07,WashingtonDC7D,38.857,-76.973
6460,5D44345,Single_Gunshot,2014-07-05,01:55:18,WashingtonDC5D,38.914,-76.985
6461,5D44346,Multiple_Gunshots,2014-07-05,01:55:24,WashingtonDC5D,38.914,-76.985
6462,6D113808,Multiple_Gunshots,2014-07-05,01:55:28,WashingtonDC6D,38.892,-76.953
6463,6D113809,Single_Gunshot,2014-07-05,01:55:33,WashingtonDC6D,38.892,-76.953
6464,6D113810,Single_Gunshot,2014-07-05,01:55:35,WashingtonDC6D,38.892,-76.953
6465,5D44347,Single_Gunshot,2014-07-05,01:55:35,WashingtonDC5D,38.914,-76.985
6466,6D113812,Single_Gunshot,2014-07-05,01:55:39,WashingtonDC6D,38.891,-76.953
6467,6D113811,Single_Gunshot,2014-07-05,01:55:39,WashingtonDC6D,38.892,-76.953
6468,5D44348,Single_Gunshot,2014-07-05,01:55:39,WashingtonDC5D,38.914,-76.987
6469,5D44349,Single_Gunshot,2014-07-05,01:55:40,WashingtonDC5D,38.914,-76.985
6470,6D113813,Single_Gunshot,2014-07-05,01:55:41,WashingtonDC6D,38.892,-76.953
6471,6D113814,Multiple_Gunshots,2014-07-05,01:55:43,WashingtonDC6D,38.892,-76.953
6472,5D44350,Multiple_Gunshots,2014-07-05,01:55:43,WashingtonDC5D,38.914,-76.985
6473,5D44351,Multiple_Gunshots,2014-07-05,01:55:49,WashingtonDC5D,38.914,-76.985
6474,5D44352,Single_Gunshot,2014-07-05,01:55:53,WashingtonDC5D,38.914,-76.985
6475,7D149614,Multiple_Gunshots,2014-07-05,01:55:54,WashingtonDC7D,38.863,-76.98
6476,5D44353,Multiple_Gunshots,2014-07-05,01:55:54,WashingtonDC5D,38.914,-76.985
6477,6D113815,Multiple_Gunshots,2014-07-05,01:55:55,WashingtonDC6D,38.863,-76.98
6478,4D39374,Multiple_Gunshots,2014-07-05,01:55:58,WashingtonDC4D,38.945,-77.025
6479,7D149615,Multiple_Gunshots,2014-07-05,01:56:08,WashingtonDC7D,38.863,-76.981
6480,4D39375,Single_Gunshot,2014-07-05,01:56:08,WashingtonDC4D,38.945,-77.025
6481,3D46765,Single_Gunshot,2014-07-05,01:56:11,WashingtonDC3D,38.941,-77.026
6482,6D113817,Single_Gunshot,2014-07-05,01:56:22,WashingtonDC6D,38.876,-76.941
6483,4D39376,Single_Gunshot,2014-07-05,01:56:23,WashingtonDC4D,38.945,-77.026
6484,3D46766,Single_Gunshot,2014-07-05,01:56:25,WashingtonDC3D,38.939,-77.025
6485,6D113819,Multiple_Gunshots,2014-07-05,01:56:49,WashingtonDC6D,38.895,-76.928
6486,7D149617,Single_Gunshot,2014-07-05,01:56:51,WashingtonDC7D,38.855,-76.974
6487,5D44355,Single_Gunshot,2014-07-05,01:56:57,WashingtonDC5D,38.924,-77.002
6488,5D44356,Single_Gunshot,2014-07-05,01:57:00,WashingtonDC5D,38.925,-77.002
6489,7D149619,Multiple_Gunshots,2014-07-05,01:57:04,WashingtonDC7D,38.829,-77.009
6490,6D113820,Multiple_Gunshots,2014-07-05,01:57:05,WashingtonDC6D,38.895,-76.928
6491,5D44358,Single_Gunshot,2014-07-05,01:57:06,WashingtonDC5D,38.909,-77.005
6492,6D113822,Single_Gunshot,2014-07-05,01:57:16,WashingtonDC6D,38.9,-76.937
6493,7D149622,Multiple_Gunshots,2014-07-05,01:57:29,WashingtonDC7D,38.844,-76.98
6494,6D113826,Multiple_Gunshots,2014-07-05,01:57:42,WashingtonDC6D,38.904,-76.935
6495,6D113827,Single_Gunshot,2014-07-05,01:58:00,WashingtonDC6D,38.895,-76.924
6496,1D60917,Single_Gunshot,2014-07-05,01:58:17,WashingtonDC1D,38.907,-76.987
6497,4D39377,Single_Gunshot,2014-07-05,01:58:18,WashingtonDC4D,38.941,-77.017
6498,3D46767,Single_Gunshot,2014-07-05,01:58:20,WashingtonDC3D,38.939,-77.017
6499,5D44363,Single_Gunshot,2014-07-05,01:58:23,WashingtonDC5D,38.93,-77.009
6500,1D60918,Multiple_Gunshots,2014-07-05,01:58:45,WashingtonDC1D,38.889,-76.985
6501,6D113828,Single_Gunshot,2014-07-05,01:58:48,WashingtonDC6D,38.899,-76.94
6502,7D149631,Multiple_Gunshots,2014-07-05,01:58:55,WashingtonDC7D,38.834,-76.996
6503,6D113829,Single_Gunshot,2014-07-05,01:59:00,WashingtonDC6D,38.871,-76.928
6504,5D44364,Single_Gunshot,2014-07-05,01:59:01,WashingtonDC5D,38.927,-76.974
6505,7D149637,Single_Gunshot,2014-07-05,02:00:15,WashingtonDC7D,38.857,-76.972
6506,4D39378,Multiple_Gunshots,2014-07-05,02:00:29,WashingtonDC4D,38.931,-77.021
6507,3D46768,Multiple_Gunshots,2014-07-05,02:00:29,WashingtonDC3D,38.931,-77.021
6508,5D44367,Multiple_Gunshots,2014-07-05,02:00:32,WashingtonDC5D,38.927,-77.017
6509,3D46769,Gunshot_or_Firecracker,2014-07-05,02:00:38,WashingtonDC3D,38.931,-77.021
6510,4D39379,Single_Gunshot,2014-07-05,02:00:39,WashingtonDC4D,38.934,-77.019
6511,3D46770,Multiple_Gunshots,2014-07-05,02:00:39,WashingtonDC3D,38.931,-77.021
6512,6D113832,Single_Gunshot,2014-07-05,02:00:44,WashingtonDC6D,38.894,-76.925
6513,4D39380,Multiple_Gunshots,2014-07-05,02:00:44,WashingtonDC4D,38.931,-77.021
6514,3D46772,Single_Gunshot,2014-07-05,02:00:45,WashingtonDC3D,38.931,-77.022
6515,3D46774,Multiple_Gunshots,2014-07-05,02:00:49,WashingtonDC3D,38.931,-77.021
6516,1D60920,Multiple_Gunshots,2014-07-05,02:00:53,WashingtonDC1D,38.898,-76.977
6517,5D44368,Multiple_Gunshots,2014-07-05,02:00:55,WashingtonDC5D,38.927,-77.018
6518,4D39381,Multiple_Gunshots,2014-07-05,02:01:02,WashingtonDC4D,38.931,-77.021
6519,6D113833,Multiple_Gunshots,2014-07-05,02:01:03,WashingtonDC6D,38.886,-76.954
6520,3D46775,Multiple_Gunshots,2014-07-05,02:01:09,WashingtonDC3D,38.931,-77.021
6521,6D113835,Multiple_Gunshots,2014-07-05,02:01:11,WashingtonDC6D,38.886,-76.954
6522,4D39382,Multiple_Gunshots,2014-07-05,02:01:21,WashingtonDC4D,38.931,-77.021
6523,6D113836,Single_Gunshot,2014-07-05,02:01:25,WashingtonDC6D,38.892,-76.94
6524,4D39383,Multiple_Gunshots,2014-07-05,02:01:26,WashingtonDC4D,38.93,-77.021
6525,3D46776,Multiple_Gunshots,2014-07-05,02:01:28,WashingtonDC3D,38.931,-77.021
6526,4D39384,Single_Gunshot,2014-07-05,02:02:01,WashingtonDC4D,38.953,-77.028
6527,3D46777,Single_Gunshot,2014-07-05,02:02:07,WashingtonDC3D,38.941,-77.03
6528,6D113840,Multiple_Gunshots,2014-07-05,02:02:18,WashingtonDC6D,38.896,-76.925
6529,6D113842,Single_Gunshot,2014-07-05,02:02:33,WashingtonDC6D,38.892,-76.94
6530,7D149648,Single_Gunshot,2014-07-05,02:02:49,WashingtonDC7D,38.863,-76.98
6531,6D113845,Single_Gunshot,2014-07-05,02:03:14,WashingtonDC6D,38.904,-76.932
6532,4D39385,Single_Gunshot,2014-07-05,02:03:29,WashingtonDC4D,38.947,-77.026
6533,5D44369,Gunshot_or_Firecracker,2014-07-05,02:03:30,WashingtonDC5D,38.927,-76.975
6534,4D39386,Single_Gunshot,2014-07-05,02:03:42,WashingtonDC4D,38.937,-77.028
6535,3D46778,Single_Gunshot,2014-07-05,02:03:42,WashingtonDC3D,38.936,-77.031
6536,5D44370,Single_Gunshot,2014-07-05,02:03:48,WashingtonDC5D,38.925,-77.014
6537,6D113846,Multiple_Gunshots,2014-07-05,02:03:50,WashingtonDC6D,38.905,-76.95
6538,5D44371,Multiple_Gunshots,2014-07-05,02:04:22,WashingtonDC5D,38.923,-77.003
6539,4D39387,Multiple_Gunshots,2014-07-05,02:04:39,WashingtonDC4D,38.955,-77.017
6540,6D113850,Single_Gunshot,2014-07-05,02:04:53,WashingtonDC6D,38.892,-76.927
6541,7D149651,Multiple_Gunshots,2014-07-05,02:05:09,WashingtonDC7D,38.825,-77.008
6542,5D44372,Gunshot_or_Firecracker,2014-07-05,02:05:19,WashingtonDC5D,38.927,-76.976
6543,5D44373,Gunshot_or_Firecracker,2014-07-05,02:05:42,WashingtonDC5D,38.927,-76.976
6544,3D46779,Multiple_Gunshots,2014-07-05,02:06:02,WashingtonDC3D,38.931,-77.021
6545,4D39388,Multiple_Gunshots,2014-07-05,02:06:03,WashingtonDC4D,38.931,-77.021
6546,5D44374,Multiple_Gunshots,2014-07-05,02:06:05,WashingtonDC5D,38.928,-77.018
6547,3D46780,Single_Gunshot,2014-07-05,02:06:14,WashingtonDC3D,38.931,-77.021
6548,4D39389,Single_Gunshot,2014-07-05,02:06:15,WashingtonDC4D,38.931,-77.021
6549,4D39390,Single_Gunshot,2014-07-05,02:06:30,WashingtonDC4D,38.931,-77.021
6550,3D46781,Gunshot_or_Firecracker,2014-07-05,02:06:30,WashingtonDC3D,38.931,-77.021
6551,5D44375,Gunshot_or_Firecracker,2014-07-05,02:06:33,WashingtonDC5D,38.927,-77.017
6552,7D149655,Multiple_Gunshots,2014-07-05,02:06:36,WashingtonDC7D,38.852,-76.966
6553,4D39391,Single_Gunshot,2014-07-05,02:07:09,WashingtonDC4D,38.931,-77.021
6554,3D46782,Single_Gunshot,2014-07-05,02:07:09,WashingtonDC3D,38.931,-77.021
6555,5D44376,Gunshot_or_Firecracker,2014-07-05,02:07:12,WashingtonDC5D,38.927,-77.018
6556,7D149657,Single_Gunshot,2014-07-05,02:07:16,WashingtonDC7D,38.825,-77.01
6557,6D113861,Single_Gunshot,2014-07-05,02:07:17,WashingtonDC6D,38.874,-76.93
6558,5D44377,Multiple_Gunshots,2014-07-05,02:07:22,WashingtonDC5D,38.925,-77.002
6559,5D44378,Multiple_Gunshots,2014-07-05,02:07:29,WashingtonDC5D,38.925,-77.002
6560,6D113863,Single_Gunshot,2014-07-05,02:07:43,WashingtonDC6D,38.893,-76.916
6561,7D149658,Single_Gunshot,2014-07-05,02:08:05,WashingtonDC7D,38.855,-76.974
6562,6D113865,Gunshot_or_Firecracker,2014-07-05,02:08:48,WashingtonDC6D,38.886,-76.927
6563,3D46783,Gunshot_or_Firecracker,2014-07-05,02:08:51,WashingtonDC3D,38.932,-77.028
6564,4D39393,Multiple_Gunshots,2014-07-05,02:08:52,WashingtonDC4D,38.933,-77.027
6565,3D46784,Single_Gunshot,2014-07-05,02:08:53,WashingtonDC3D,38.929,-77.025
6566,5D44382,Multiple_Gunshots,2014-07-05,02:08:56,WashingtonDC5D,38.927,-77.02
6567,4D39394,Multiple_Gunshots,2014-07-05,02:09:03,WashingtonDC4D,38.933,-77.027
6568,4D39395,Single_Gunshot,2014-07-05,02:09:12,WashingtonDC4D,38.932,-77.028
6569,3D46787,Single_Gunshot,2014-07-05,02:09:12,WashingtonDC3D,38.932,-77.028
6570,3D46788,Multiple_Gunshots,2014-07-05,02:09:14,WashingtonDC3D,38.932,-77.028
6571,6D113868,Single_Gunshot,2014-07-05,02:09:25,WashingtonDC6D,38.885,-76.927
6572,4D39396,Gunshot_or_Firecracker,2014-07-05,02:09:26,WashingtonDC4D,38.955,-77.023
6573,7D149662,Single_Gunshot,2014-07-05,02:09:32,WashingtonDC7D,38.827,-77.008
6574,4D39397,Multiple_Gunshots,2014-07-05,02:10:02,WashingtonDC4D,38.934,-77.022
6575,3D46792,Single_Gunshot,2014-07-05,02:10:19,WashingtonDC3D,38.931,-77.022
6576,7D149663,Single_Gunshot,2014-07-05,02:10:41,WashingtonDC7D,38.825,-77.01
6577,7D149665,Gunshot_or_Firecracker,2014-07-05,02:11:13,WashingtonDC7D,38.844,-76.983
6578,3D46793,Multiple_Gunshots,2014-07-05,02:11:44,WashingtonDC3D,38.931,-77.021
6579,4D39400,Multiple_Gunshots,2014-07-05,02:11:45,WashingtonDC4D,38.931,-77.021
6580,5D44383,Multiple_Gunshots,2014-07-05,02:11:47,WashingtonDC5D,38.927,-77.017
6581,7D149667,Single_Gunshot,2014-07-05,02:11:51,WashingtonDC7D,38.828,-77.003
6582,4D39401,Single_Gunshot,2014-07-05,02:11:58,WashingtonDC4D,38.93,-77.021
6583,3D46794,Single_Gunshot,2014-07-05,02:11:58,WashingtonDC3D,38.931,-77.021
6584,5D44384,Gunshot_or_Firecracker,2014-07-05,02:12:01,WashingtonDC5D,38.927,-77.017
6585,4D39402,Multiple_Gunshots,2014-07-05,02:12:16,WashingtonDC4D,38.934,-77.022
6586,3D46797,Single_Gunshot,2014-07-05,02:12:23,WashingtonDC3D,38.931,-77.021
6587,7D149670,Single_Gunshot,2014-07-05,02:12:26,WashingtonDC7D,38.849,-76.983
6588,6D113874,Single_Gunshot,2014-07-05,02:12:33,WashingtonDC6D,38.9,-76.94
6589,3D46798,Single_Gunshot,2014-07-05,02:12:33,WashingtonDC3D,38.931,-77.021
6590,3D46799,Single_Gunshot,2014-07-05,02:12:46,WashingtonDC3D,38.931,-77.021
6591,6D113875,Single_Gunshot,2014-07-05,02:13:16,WashingtonDC6D,38.89,-76.949
6592,7D149675,Multiple_Gunshots,2014-07-05,02:13:32,WashingtonDC7D,38.859,-76.99
6593,3D46800,Single_Gunshot,2014-07-05,02:13:35,WashingtonDC3D,38.932,-77.028
6594,3D46801,Single_Gunshot,2014-07-05,02:13:56,WashingtonDC3D,38.931,-77.021
6595,4D39405,Single_Gunshot,2014-07-05,02:13:57,WashingtonDC4D,38.931,-77.021
6596,7D149678,Multiple_Gunshots,2014-07-05,02:13:59,WashingtonDC7D,38.859,-76.99
6597,5D44388,Single_Gunshot,2014-07-05,02:13:59,WashingtonDC5D,38.927,-77.017
6598,6D113877,Single_Gunshot,2014-07-05,02:14:11,WashingtonDC6D,38.886,-76.927
6599,3D46802,Single_Gunshot,2014-07-05,02:14:35,WashingtonDC3D,38.931,-77.021
6600,4D39406,Single_Gunshot,2014-07-05,02:14:45,WashingtonDC4D,38.931,-77.021
6601,3D46803,Single_Gunshot,2014-07-05,02:14:45,WashingtonDC3D,38.931,-77.021
6602,6D113880,Multiple_Gunshots,2014-07-05,02:14:52,WashingtonDC6D,38.89,-76.949
6603,4D39407,Multiple_Gunshots,2014-07-05,02:15:08,WashingtonDC4D,38.931,-77.021
6604,4D39408,Multiple_Gunshots,2014-07-05,02:15:22,WashingtonDC4D,38.93,-77.021
6605,7D149683,Single_Gunshot,2014-07-05,02:15:48,WashingtonDC7D,38.859,-76.989
6606,3D46807,Single_Gunshot,2014-07-05,02:16:03,WashingtonDC3D,38.931,-77.021
6607,6D113884,Single_Gunshot,2014-07-05,02:16:35,WashingtonDC6D,38.868,-76.97
6608,7D149685,Multiple_Gunshots,2014-07-05,02:16:38,WashingtonDC7D,38.855,-76.967
6609,6D113885,Single_Gunshot,2014-07-05,02:16:48,WashingtonDC6D,38.89,-76.949
6610,1D60923,Single_Gunshot,2014-07-05,02:18:43,WashingtonDC1D,38.895,-76.978
6611,5D44391,Single_Gunshot,2014-07-05,02:18:44,WashingtonDC5D,38.895,-76.983
6612,1D60924,Single_Gunshot,2014-07-05,02:18:55,WashingtonDC1D,38.876,-77.011
6613,7D149695,Multiple_Gunshots,2014-07-05,02:19:25,WashingtonDC7D,38.852,-76.966
6614,5D44392,Single_Gunshot,2014-07-05,02:19:39,WashingtonDC5D,38.91,-76.985
6615,7D149697,Single_Gunshot,2014-07-05,02:20:13,WashingtonDC7D,38.849,-76.979
6616,4D39410,Multiple_Gunshots,2014-07-05,02:20:24,WashingtonDC4D,38.941,-77.025
6617,3D46808,Multiple_Gunshots,2014-07-05,02:20:25,WashingtonDC3D,38.941,-77.025
6618,4D39412,Single_Gunshot,2014-07-05,02:20:32,WashingtonDC4D,38.941,-77.025
6619,4D39413,Multiple_Gunshots,2014-07-05,02:20:35,WashingtonDC4D,38.941,-77.025
6620,1D60925,Single_Gunshot,2014-07-05,02:20:39,WashingtonDC1D,38.876,-77.011
6621,7D149698,Single_Gunshot,2014-07-05,02:20:41,WashingtonDC7D,38.849,-76.98
6622,6D113899,Single_Gunshot,2014-07-05,02:21:52,WashingtonDC6D,38.895,-76.933
6623,7D149704,Multiple_Gunshots,2014-07-05,02:22:26,WashingtonDC7D,38.845,-76.999
6624,4D39414,Single_Gunshot,2014-07-05,02:22:28,WashingtonDC4D,38.938,-77.03
6625,3D46810,Multiple_Gunshots,2014-07-05,02:22:28,WashingtonDC3D,38.936,-77.029
6626,4D39415,Single_Gunshot,2014-07-05,02:22:35,WashingtonDC4D,38.939,-77.03
6627,4D39416,Single_Gunshot,2014-07-05,02:22:40,WashingtonDC4D,38.939,-77.03
6628,7D149705,Multiple_Gunshots,2014-07-05,02:22:45,WashingtonDC7D,38.845,-76.999
6629,5D44394,Gunshot_or_Firecracker,2014-07-05,02:23:18,WashingtonDC5D,38.927,-76.975
6630,1D60928,Single_Gunshot,2014-07-05,02:23:28,WashingtonDC1D,38.9,-76.994
6631,7D149708,Single_Gunshot,2014-07-05,02:23:41,WashingtonDC7D,38.857,-76.974
6632,7D149709,Single_Gunshot,2014-07-05,02:24:06,WashingtonDC7D,38.859,-76.988
6633,7D149710,Multiple_Gunshots,2014-07-05,02:24:17,WashingtonDC7D,38.845,-76.982
6634,7D149711,Multiple_Gunshots,2014-07-05,02:24:19,WashingtonDC7D,38.844,-76.983
6635,6D113905,Multiple_Gunshots,2014-07-05,02:24:51,WashingtonDC6D,38.886,-76.937
6636,4D39417,Multiple_Gunshots,2014-07-05,02:25:21,WashingtonDC4D,38.929,-77.021
6637,3D46812,Gunshot_or_Firecracker,2014-07-05,02:25:21,WashingtonDC3D,38.931,-77.021
6638,4D39418,Multiple_Gunshots,2014-07-05,02:25:25,WashingtonDC4D,38.931,-77.021
6639,5D44395,Multiple_Gunshots,2014-07-05,02:25:26,WashingtonDC5D,38.926,-77.015
6640,7D149712,Single_Gunshot,2014-07-05,02:25:27,WashingtonDC7D,38.859,-76.989
6641,4D39419,Multiple_Gunshots,2014-07-05,02:25:36,WashingtonDC4D,38.93,-77.021
6642,3D46814,Multiple_Gunshots,2014-07-05,02:25:36,WashingtonDC3D,38.931,-77.021
6643,5D44396,Multiple_Gunshots,2014-07-05,02:25:37,WashingtonDC5D,38.927,-77.018
6644,4D39420,Multiple_Gunshots,2014-07-05,02:25:39,WashingtonDC4D,38.931,-77.021
6645,3D46815,Single_Gunshot,2014-07-05,02:25:42,WashingtonDC3D,38.919,-77.024
6646,3D46816,Single_Gunshot,2014-07-05,02:25:43,WashingtonDC3D,38.931,-77.021
6647,4D39421,Multiple_Gunshots,2014-07-05,02:25:45,WashingtonDC4D,38.931,-77.021
6648,3D46817,Single_Gunshot,2014-07-05,02:25:45,WashingtonDC3D,38.931,-77.021
6649,5D44397,Multiple_Gunshots,2014-07-05,02:25:47,WashingtonDC5D,38.927,-77.018
6650,3D46818,Single_Gunshot,2014-07-05,02:25:49,WashingtonDC3D,38.927,-77.02
6651,4D39422,Multiple_Gunshots,2014-07-05,02:25:50,WashingtonDC4D,38.931,-77.021
6652,3D46819,Single_Gunshot,2014-07-05,02:25:51,WashingtonDC3D,38.931,-77.021
6653,3D46820,Single_Gunshot,2014-07-05,02:25:56,WashingtonDC3D,38.931,-77.021
6654,4D39423,Multiple_Gunshots,2014-07-05,02:25:57,WashingtonDC4D,38.931,-77.021
6655,6D113907,Single_Gunshot,2014-07-05,02:26:30,WashingtonDC6D,38.875,-76.93
6656,7D149714,Gunshot_or_Firecracker,2014-07-05,02:27:09,WashingtonDC7D,38.857,-76.974
6657,6D113909,Multiple_Gunshots,2014-07-05,02:27:37,WashingtonDC6D,38.874,-76.966
6658,6D113910,Single_Gunshot,2014-07-05,02:28:07,WashingtonDC6D,38.891,-76.954
6659,1D60929,Single_Gunshot,2014-07-05,02:29:23,WashingtonDC1D,38.876,-77.011
6660,7D149715,Single_Gunshot,2014-07-05,02:30:05,WashingtonDC7D,38.86,-77.0
6661,7D149716,Single_Gunshot,2014-07-05,02:30:18,WashingtonDC7D,38.848,-76.98
6662,6D113914,Multiple_Gunshots,2014-07-05,02:30:18,WashingtonDC6D,38.881,-76.932
6663,7D149718,Single_Gunshot,2014-07-05,02:31:40,WashingtonDC7D,38.846,-76.983
6664,5D44399,Single_Gunshot,2014-07-05,02:31:58,WashingtonDC5D,38.941,-76.98
6665,7D149720,Single_Gunshot,2014-07-05,02:32:42,WashingtonDC7D,38.857,-76.973
6666,5D44400,Multiple_Gunshots,2014-07-05,02:33:02,WashingtonDC5D,38.911,-77.009
6667,5D44401,Multiple_Gunshots,2014-07-05,02:33:08,WashingtonDC5D,38.911,-77.009
6668,5D44402,Gunshot_or_Firecracker,2014-07-05,02:33:17,WashingtonDC5D,38.911,-77.009
6669,5D44403,Gunshot_or_Firecracker,2014-07-05,02:33:20,WashingtonDC5D,38.911,-77.01
6670,5D44404,Gunshot_or_Firecracker,2014-07-05,02:33:21,WashingtonDC5D,38.911,-77.009
6671,5D44405,Gunshot_or_Firecracker,2014-07-05,02:33:22,WashingtonDC5D,38.911,-77.009
6672,7D149721,Single_Gunshot,2014-07-05,02:33:26,WashingtonDC7D,38.844,-76.973
6673,5D44406,Multiple_Gunshots,2014-07-05,02:33:56,WashingtonDC5D,38.911,-77.009
6674,3D46824,Gunshot_or_Firecracker,2014-07-05,02:33:59,WashingtonDC3D,38.911,-77.01
6675,5D44407,Multiple_Gunshots,2014-07-05,02:34:02,WashingtonDC5D,38.911,-77.009
6676,5D44408,Multiple_Gunshots,2014-07-05,02:34:06,WashingtonDC5D,38.911,-77.009
6677,1D60934,Multiple_Gunshots,2014-07-05,02:34:07,WashingtonDC1D,38.902,-76.996
6678,5D44409,Gunshot_or_Firecracker,2014-07-05,02:34:09,WashingtonDC5D,38.912,-77.009
6679,5D44410,Single_Gunshot,2014-07-05,02:34:10,WashingtonDC5D,38.911,-77.01
6680,3D46826,Single_Gunshot,2014-07-05,02:34:10,WashingtonDC3D,38.911,-77.009
6681,5D44411,Single_Gunshot,2014-07-05,02:35:21,WashingtonDC5D,38.91,-76.986
6682,7D149729,Multiple_Gunshots,2014-07-05,02:35:23,WashingtonDC7D,38.843,-76.987
6683,7D149730,Multiple_Gunshots,2014-07-05,02:35:29,WashingtonDC7D,38.843,-76.987
6684,7D149731,Single_Gunshot,2014-07-05,02:35:32,WashingtonDC7D,38.843,-76.987
6685,5D44412,Gunshot_or_Firecracker,2014-07-05,02:35:46,WashingtonDC5D,38.911,-77.009
6686,3D46827,Single_Gunshot,2014-07-05,02:35:46,WashingtonDC3D,38.911,-77.009
6687,5D44413,Gunshot_or_Firecracker,2014-07-05,02:35:53,WashingtonDC5D,38.911,-77.009
6688,3D46828,Gunshot_or_Firecracker,2014-07-05,02:35:54,WashingtonDC3D,38.911,-77.009
6689,5D44415,Gunshot_or_Firecracker,2014-07-05,02:36:05,WashingtonDC5D,38.911,-77.01
6690,3D46829,Single_Gunshot,2014-07-05,02:36:05,WashingtonDC3D,38.911,-77.01
6691,5D44416,Single_Gunshot,2014-07-05,02:36:07,WashingtonDC5D,38.912,-77.008
6692,5D44417,Gunshot_or_Firecracker,2014-07-05,02:36:12,WashingtonDC5D,38.911,-77.009
6693,3D46830,Single_Gunshot,2014-07-05,02:36:17,WashingtonDC3D,38.911,-77.009
6694,5D44418,Gunshot_or_Firecracker,2014-07-05,02:36:19,WashingtonDC5D,38.911,-77.009
6695,5D44419,Gunshot_or_Firecracker,2014-07-05,02:36:23,WashingtonDC5D,38.911,-77.01
6696,5D44420,Single_Gunshot,2014-07-05,02:36:24,WashingtonDC5D,38.91,-77.01
6697,1D60935,Single_Gunshot,2014-07-05,02:36:24,WashingtonDC1D,38.896,-76.984
6698,5D44421,Single_Gunshot,2014-07-05,02:36:29,WashingtonDC5D,38.911,-77.009
6699,5D44422,Gunshot_or_Firecracker,2014-07-05,02:37:03,WashingtonDC5D,38.926,-76.975
6700,7D149740,Multiple_Gunshots,2014-07-05,02:37:05,WashingtonDC7D,38.844,-76.987
6701,7D149741,Multiple_Gunshots,2014-07-05,02:37:22,WashingtonDC7D,38.844,-76.987
6702,5D44423,Single_Gunshot,2014-07-05,02:37:38,WashingtonDC5D,38.927,-76.975
6703,7D149742,Single_Gunshot,2014-07-05,02:38:03,WashingtonDC7D,38.867,-76.985
6704,5D44424,Gunshot_or_Firecracker,2014-07-05,02:38:05,WashingtonDC5D,38.911,-77.009
6705,3D46832,Single_Gunshot,2014-07-05,02:38:05,WashingtonDC3D,38.911,-77.01
6706,6D113921,Multiple_Gunshots,2014-07-05,02:38:29,WashingtonDC6D,38.883,-76.936
6707,7D149743,Single_Gunshot,2014-07-05,02:38:34,WashingtonDC7D,38.843,-76.987
6708,6D113922,Single_Gunshot,2014-07-05,02:38:36,WashingtonDC6D,38.889,-76.934
6709,5D44426,Gunshot_or_Firecracker,2014-07-05,02:38:41,WashingtonDC5D,38.911,-77.009
6710,3D46833,Single_Gunshot,2014-07-05,02:38:41,WashingtonDC3D,38.911,-77.009
6711,7D149744,Single_Gunshot,2014-07-05,02:38:44,WashingtonDC7D,38.857,-76.974
6712,5D44427,Gunshot_or_Firecracker,2014-07-05,02:38:54,WashingtonDC5D,38.927,-76.976
6713,5D44428,Gunshot_or_Firecracker,2014-07-05,02:39:08,WashingtonDC5D,38.927,-76.976
6714,6D113924,Single_Gunshot,2014-07-05,02:39:12,WashingtonDC6D,38.891,-76.922
6715,5D44429,Gunshot_or_Firecracker,2014-07-05,02:39:17,WashingtonDC5D,38.911,-77.009
6716,3D46834,Single_Gunshot,2014-07-05,02:39:17,WashingtonDC3D,38.911,-77.01
6717,7D149747,Single_Gunshot,2014-07-05,02:39:31,WashingtonDC7D,38.857,-76.973
6718,7D149748,Multiple_Gunshots,2014-07-05,02:40:01,WashingtonDC7D,38.844,-76.987
6719,7D149749,Single_Gunshot,2014-07-05,02:40:30,WashingtonDC7D,38.845,-76.987
6720,7D149750,Single_Gunshot,2014-07-05,02:40:45,WashingtonDC7D,38.856,-76.974
6721,7D149751,Single_Gunshot,2014-07-05,02:40:53,WashingtonDC7D,38.843,-76.987
6722,6D113929,Single_Gunshot,2014-07-05,02:40:58,WashingtonDC6D,38.897,-76.947
6723,5D44430,Gunshot_or_Firecracker,2014-07-05,02:41:30,WashingtonDC5D,38.911,-77.009
6724,1D60937,Single_Gunshot,2014-07-05,02:41:41,WashingtonDC1D,38.895,-76.978
6725,5D44431,Single_Gunshot,2014-07-05,02:41:42,WashingtonDC5D,38.895,-76.978
6726,7D149753,Gunshot_or_Firecracker,2014-07-05,02:41:43,WashingtonDC7D,38.844,-76.987
6727,7D149754,Single_Gunshot,2014-07-05,02:42:06,WashingtonDC7D,38.843,-76.987
6728,5D44432,Gunshot_or_Firecracker,2014-07-05,02:42:09,WashingtonDC5D,38.911,-77.009
6729,3D46836,Multiple_Gunshots,2014-07-05,02:42:09,WashingtonDC3D,38.911,-77.01
6730,6D113931,Multiple_Gunshots,2014-07-05,02:42:31,WashingtonDC6D,38.905,-76.934
6731,7D149755,Single_Gunshot,2014-07-05,02:42:33,WashingtonDC7D,38.843,-76.987
6732,5D44433,Gunshot_or_Firecracker,2014-07-05,02:43:01,WashingtonDC5D,38.911,-77.009
6733,3D46837,Gunshot_or_Firecracker,2014-07-05,02:43:02,WashingtonDC3D,38.911,-77.009
6734,5D44434,Gunshot_or_Firecracker,2014-07-05,02:43:06,WashingtonDC5D,38.912,-77.007
6735,7D149756,Single_Gunshot,2014-07-05,02:43:12,WashingtonDC7D,38.843,-76.987
6736,5D44435,Gunshot_or_Firecracker,2014-07-05,02:43:29,WashingtonDC5D,38.911,-77.009
6737,3D46838,Single_Gunshot,2014-07-05,02:43:29,WashingtonDC3D,38.911,-77.009
6738,7D149758,Single_Gunshot,2014-07-05,02:44:09,WashingtonDC7D,38.843,-76.988
6739,3D46839,Single_Gunshot,2014-07-05,02:44:24,WashingtonDC3D,38.911,-77.01
6740,5D44437,Gunshot_or_Firecracker,2014-07-05,02:44:36,WashingtonDC5D,38.911,-77.009
6741,3D46840,Single_Gunshot,2014-07-05,02:44:36,WashingtonDC3D,38.911,-77.009
6742,5D44438,Single_Gunshot,2014-07-05,02:45:13,WashingtonDC5D,38.917,-77.014
6743,3D46841,Single_Gunshot,2014-07-05,02:45:20,WashingtonDC3D,38.923,-77.033
6744,5D44439,Multiple_Gunshots,2014-07-05,02:45:26,WashingtonDC5D,38.911,-77.009
6745,6D113945,Multiple_Gunshots,2014-07-05,02:45:41,WashingtonDC6D,38.88,-76.953
6746,5D44440,Gunshot_or_Firecracker,2014-07-05,02:45:43,WashingtonDC5D,38.911,-77.009
6747,3D46843,Single_Gunshot,2014-07-05,02:45:43,WashingtonDC3D,38.911,-77.009
6748,5D44441,Gunshot_or_Firecracker,2014-07-05,02:46:31,WashingtonDC5D,38.911,-77.009
6749,4D39425,Single_Gunshot,2014-07-05,02:46:31,WashingtonDC4D,38.945,-77.024
6750,3D46844,Single_Gunshot,2014-07-05,02:46:31,WashingtonDC3D,38.911,-77.009
6751,6D113947,Single_Gunshot,2014-07-05,02:46:49,WashingtonDC6D,38.877,-76.931
6752,5D44442,Gunshot_or_Firecracker,2014-07-05,02:46:49,WashingtonDC5D,38.911,-77.009
6753,5D44443,Gunshot_or_Firecracker,2014-07-05,02:46:54,WashingtonDC5D,38.911,-77.009
6754,7D149772,Multiple_Gunshots,2014-07-05,02:46:58,WashingtonDC7D,38.844,-76.987
6755,6D113948,Single_Gunshot,2014-07-05,02:47:01,WashingtonDC6D,38.876,-76.966
6756,3D46846,Single_Gunshot,2014-07-05,02:47:41,WashingtonDC3D,38.918,-77.017
6757,5D44444,Single_Gunshot,2014-07-05,02:47:42,WashingtonDC5D,38.916,-77.013
6758,3D46847,Multiple_Gunshots,2014-07-05,02:47:52,WashingtonDC3D,38.916,-77.022
6759,6D113951,Single_Gunshot,2014-07-05,02:48:03,WashingtonDC6D,38.909,-76.933
6760,7D149778,Multiple_Gunshots,2014-07-05,02:49:02,WashingtonDC7D,38.843,-76.987
6761,6D113955,Single_Gunshot,2014-07-05,02:49:06,WashingtonDC6D,38.904,-76.934
6762,5D44447,Single_Gunshot,2014-07-05,02:49:17,WashingtonDC5D,38.926,-76.967
6763,5D44449,Single_Gunshot,2014-07-05,02:50:37,WashingtonDC5D,38.911,-76.981
6764,7D149784,Multiple_Gunshots,2014-07-05,02:50:39,WashingtonDC7D,38.844,-76.987
6765,6D113957,Single_Gunshot,2014-07-05,02:50:49,WashingtonDC6D,38.86,-76.988
6766,5D44450,Gunshot_or_Firecracker,2014-07-05,02:50:51,WashingtonDC5D,38.911,-77.01
6767,3D46850,Single_Gunshot,2014-07-05,02:50:51,WashingtonDC3D,38.911,-77.01
6768,5D44452,Gunshot_or_Firecracker,2014-07-05,02:51:44,WashingtonDC5D,38.911,-77.01
6769,3D46851,Gunshot_or_Firecracker,2014-07-05,02:51:44,WashingtonDC3D,38.911,-77.01
6770,1D60949,Single_Gunshot,2014-07-05,02:51:48,WashingtonDC1D,38.902,-76.99
6771,7D149785,Multiple_Gunshots,2014-07-05,02:51:50,WashingtonDC7D,38.844,-76.987
6772,5D44453,Gunshot_or_Firecracker,2014-07-05,02:52:49,WashingtonDC5D,38.911,-77.009
6773,3D46852,Single_Gunshot,2014-07-05,02:52:49,WashingtonDC3D,38.911,-77.009
6774,7D149788,Single_Gunshot,2014-07-05,02:53:10,WashingtonDC7D,38.859,-76.989
6775,7D149789,Multiple_Gunshots,2014-07-05,02:53:21,WashingtonDC7D,38.859,-76.989
6776,7D149790,Single_Gunshot,2014-07-05,02:53:26,WashingtonDC7D,38.859,-76.989
6777,7D149791,Multiple_Gunshots,2014-07-05,02:53:36,WashingtonDC7D,38.844,-76.987
6778,3D46853,Single_Gunshot,2014-07-05,02:53:42,WashingtonDC3D,38.911,-77.009
6779,5D44457,Gunshot_or_Firecracker,2014-07-05,02:53:54,WashingtonDC5D,38.927,-76.974
6780,7D149793,Single_Gunshot,2014-07-05,02:53:57,WashingtonDC7D,38.843,-76.987
6781,3D46854,Single_Gunshot,2014-07-05,02:53:59,WashingtonDC3D,38.915,-77.022
6782,5D44458,Multiple_Gunshots,2014-07-05,02:54:15,WashingtonDC5D,38.911,-77.009
6783,3D46855,Multiple_Gunshots,2014-07-05,02:54:16,WashingtonDC3D,38.911,-77.009
6784,7D149794,Single_Gunshot,2014-07-05,02:54:18,WashingtonDC7D,38.843,-76.987
6785,3D46856,Multiple_Gunshots,2014-07-05,02:54:23,WashingtonDC3D,38.915,-77.022
6786,4D39427,Single_Gunshot,2014-07-05,02:54:33,WashingtonDC4D,38.953,-77.02
6787,5D44460,Multiple_Gunshots,2014-07-05,02:55:07,WashingtonDC5D,38.911,-77.009
6788,7D149796,Gunshot_or_Firecracker,2014-07-05,02:55:31,WashingtonDC7D,38.843,-76.987
6789,5D44462,Gunshot_or_Firecracker,2014-07-05,02:55:58,WashingtonDC5D,38.926,-76.967
6790,7D149798,Gunshot_or_Firecracker,2014-07-05,02:56:11,WashingtonDC7D,38.843,-76.987
6791,7D149800,Multiple_Gunshots,2014-07-05,02:56:48,WashingtonDC7D,38.86,-76.99
6792,4D39429,Gunshot_or_Firecracker,2014-07-05,02:57:02,WashingtonDC4D,38.953,-77.021
6793,1D60957,Multiple_Gunshots,2014-07-05,02:57:06,WashingtonDC1D,38.897,-76.982
6794,7D149801,Single_Gunshot,2014-07-05,02:57:09,WashingtonDC7D,38.843,-76.987
6795,7D149802,Multiple_Gunshots,2014-07-05,02:57:18,WashingtonDC7D,38.844,-76.987
6796,1D60958,Single_Gunshot,2014-07-05,02:57:36,WashingtonDC1D,38.902,-76.979
6797,6D113963,Single_Gunshot,2014-07-05,02:58:12,WashingtonDC6D,38.896,-76.94
6798,1D60959,Single_Gunshot,2014-07-05,02:58:39,WashingtonDC1D,38.903,-76.979
6799,6D113964,Single_Gunshot,2014-07-05,02:59:03,WashingtonDC6D,38.87,-76.969
6800,7D149806,Multiple_Gunshots,2014-07-05,02:59:09,WashingtonDC7D,38.844,-76.987
6801,4D39430,Single_Gunshot,2014-07-05,02:59:09,WashingtonDC4D,38.951,-77.025
6802,6D113965,Single_Gunshot,2014-07-05,02:59:52,WashingtonDC6D,38.87,-76.969
6803,7D149807,Multiple_Gunshots,2014-07-05,02:59:56,WashingtonDC7D,38.845,-76.999
6804,7D149809,Single_Gunshot,2014-07-05,03:00:08,WashingtonDC7D,38.846,-76.998
6805,7D149810,Multiple_Gunshots,2014-07-05,03:00:09,WashingtonDC7D,38.845,-77.001
6806,7D149811,Single_Gunshot,2014-07-05,03:00:12,WashingtonDC7D,38.843,-76.995
6807,6D113966,Single_Gunshot,2014-07-05,03:00:32,WashingtonDC6D,38.892,-76.953
6808,4D39431,Single_Gunshot,2014-07-05,03:00:53,WashingtonDC4D,38.963,-77.024
6809,1D60961,Single_Gunshot,2014-07-05,03:00:54,WashingtonDC1D,38.876,-77.011
6810,7D149821,Single_Gunshot,2014-07-05,03:02:56,WashingtonDC7D,38.856,-76.973
6811,5D44469,Multiple_Gunshots,2014-07-05,03:03:26,WashingtonDC5D,38.925,-77.008
6812,5D44470,Single_Gunshot,2014-07-05,03:03:50,WashingtonDC5D,38.935,-76.961
6813,5D44471,Single_Gunshot,2014-07-05,03:04:30,WashingtonDC5D,38.903,-76.979
6814,1D60967,Single_Gunshot,2014-07-05,03:04:31,WashingtonDC1D,38.903,-76.979
6815,3D46861,Gunshot_or_Firecracker,2014-07-05,03:05:41,WashingtonDC3D,38.924,-77.028
6816,1D60968,Multiple_Gunshots,2014-07-05,03:06:01,WashingtonDC1D,38.9,-76.986
6817,5D44474,Multiple_Gunshots,2014-07-05,03:11:48,WashingtonDC5D,38.91,-77.022
6818,1D60969,Single_Gunshot,2014-07-05,03:11:53,WashingtonDC1D,38.88,-77.02
6819,3D46863,Gunshot_or_Firecracker,2014-07-05,03:11:57,WashingtonDC3D,38.91,-77.024
6820,3D46864,Gunshot_or_Firecracker,2014-07-05,03:12:01,WashingtonDC3D,38.91,-77.024
6821,5D44475,Single_Gunshot,2014-07-05,03:12:02,WashingtonDC5D,38.91,-77.022
6822,4D39433,Single_Gunshot,2014-07-05,03:12:36,WashingtonDC4D,38.952,-77.011
6823,3D46866,Single_Gunshot,2014-07-05,03:12:37,WashingtonDC3D,38.91,-77.024
6824,5D44477,Gunshot_or_Firecracker,2014-07-05,03:12:38,WashingtonDC5D,38.91,-77.023
6825,5D44478,Multiple_Gunshots,2014-07-05,03:12:54,WashingtonDC5D,38.91,-77.022
6826,5D44479,Single_Gunshot,2014-07-05,03:13:31,WashingtonDC5D,38.929,-76.971
6827,7D149831,Single_Gunshot,2014-07-05,03:14:10,WashingtonDC7D,38.857,-76.973
6828,5D44480,Single_Gunshot,2014-07-05,03:15:20,WashingtonDC5D,38.928,-76.971
6829,1D60970,Single_Gunshot,2014-07-05,03:15:43,WashingtonDC1D,38.902,-76.979
6830,6D113971,Single_Gunshot,2014-07-05,03:16:07,WashingtonDC6D,38.902,-76.938
6831,3D46868,Gunshot_or_Firecracker,2014-07-05,03:16:19,WashingtonDC3D,38.911,-77.022
6832,5D44482,Gunshot_or_Firecracker,2014-07-05,03:16:21,WashingtonDC5D,38.911,-77.02
6833,6D113972,Single_Gunshot,2014-07-05,03:17:53,WashingtonDC6D,38.903,-76.933
6834,1D60971,Single_Gunshot,2014-07-05,03:19:23,WashingtonDC1D,38.903,-76.979
6835,1D60972,Single_Gunshot,2014-07-05,03:20:08,WashingtonDC1D,38.907,-76.988
6836,6D113973,Single_Gunshot,2014-07-05,03:22:32,WashingtonDC6D,38.886,-76.953
6837,5D44485,Multiple_Gunshots,2014-07-05,03:22:44,WashingtonDC5D,38.911,-77.02
6838,3D46871,Gunshot_or_Firecracker,2014-07-05,03:22:51,WashingtonDC3D,38.911,-77.021
6839,3D46872,Single_Gunshot,2014-07-05,03:22:52,WashingtonDC3D,38.911,-77.021
6840,5D44486,Multiple_Gunshots,2014-07-05,03:22:54,WashingtonDC5D,38.911,-77.02
6841,3D46874,Gunshot_or_Firecracker,2014-07-05,03:22:59,WashingtonDC3D,38.911,-77.021
6842,3D46875,Gunshot_or_Firecracker,2014-07-05,03:23:01,WashingtonDC3D,38.911,-77.021
6843,5D44487,Multiple_Gunshots,2014-07-05,03:23:06,WashingtonDC5D,38.911,-77.02
6844,5D44488,Single_Gunshot,2014-07-05,03:23:12,WashingtonDC5D,38.911,-77.023
6845,4D39435,Gunshot_or_Firecracker,2014-07-05,03:24:10,WashingtonDC4D,38.947,-77.025
6846,5D44491,Single_Gunshot,2014-07-05,03:24:35,WashingtonDC5D,38.928,-76.97
6847,5D44492,Multiple_Gunshots,2014-07-05,03:24:41,WashingtonDC5D,38.911,-77.02
6848,3D46878,Gunshot_or_Firecracker,2014-07-05,03:24:46,WashingtonDC3D,38.911,-77.022
6849,3D46879,Multiple_Gunshots,2014-07-05,03:24:48,WashingtonDC3D,38.911,-77.022
6850,4D39436,Multiple_Gunshots,2014-07-05,03:26:02,WashingtonDC4D,38.951,-77.025
6851,7D149837,Multiple_Gunshots,2014-07-05,03:26:41,WashingtonDC7D,38.859,-77.001
6852,3D46880,Single_Gunshot,2014-07-05,03:26:46,WashingtonDC3D,38.918,-77.016
6853,5D44494,Single_Gunshot,2014-07-05,03:26:47,WashingtonDC5D,38.918,-77.015
6854,4D39437,Single_Gunshot,2014-07-05,03:26:48,WashingtonDC4D,38.918,-77.016
6855,6D113975,Single_Gunshot,2014-07-05,03:26:57,WashingtonDC6D,38.885,-76.953
6856,7D149841,Multiple_Gunshots,2014-07-05,03:28:04,WashingtonDC7D,38.829,-77.003
6857,7D149842,Multiple_Gunshots,2014-07-05,03:28:12,WashingtonDC7D,38.858,-77.0
6858,6D113976,Single_Gunshot,2014-07-05,03:28:50,WashingtonDC6D,38.894,-76.93
6859,7D149843,Multiple_Gunshots,2014-07-05,03:28:54,WashingtonDC7D,38.829,-77.003
6860,7D149844,Multiple_Gunshots,2014-07-05,03:29:34,WashingtonDC7D,38.829,-77.003
6861,7D149845,Multiple_Gunshots,2014-07-05,03:30:13,WashingtonDC7D,38.829,-77.003
6862,7D149846,Multiple_Gunshots,2014-07-05,03:31:04,WashingtonDC7D,38.829,-77.003
6863,6D113980,Single_Gunshot,2014-07-05,03:32:01,WashingtonDC6D,38.868,-76.981
6864,6D113981,Multiple_Gunshots,2014-07-05,03:32:12,WashingtonDC6D,38.861,-76.999
6865,7D149850,Multiple_Gunshots,2014-07-05,03:32:18,WashingtonDC7D,38.859,-77.0
6866,7D149852,Single_Gunshot,2014-07-05,03:32:31,WashingtonDC7D,38.859,-77.0
6867,7D149853,Multiple_Gunshots,2014-07-05,03:32:33,WashingtonDC7D,38.829,-77.003
6868,7D149854,Multiple_Gunshots,2014-07-05,03:33:21,WashingtonDC7D,38.829,-77.004
6869,6D113982,Single_Gunshot,2014-07-05,03:33:52,WashingtonDC6D,38.9,-76.924
6870,5D44495,Single_Gunshot,2014-07-05,03:33:53,WashingtonDC5D,38.925,-77.007
6871,7D149856,Single_Gunshot,2014-07-05,03:34:25,WashingtonDC7D,38.841,-76.989
6872,7D149857,Single_Gunshot,2014-07-05,03:34:57,WashingtonDC7D,38.844,-76.979
6873,6D113983,Single_Gunshot,2014-07-05,03:43:24,WashingtonDC6D,38.913,-76.932
6874,6D113984,Multiple_Gunshots,2014-07-05,03:43:56,WashingtonDC6D,38.886,-76.936
6875,7D149861,Single_Gunshot,2014-07-05,03:44:25,WashingtonDC7D,38.839,-76.998
6876,4D39438,Gunshot_or_Firecracker,2014-07-05,03:46:30,WashingtonDC4D,38.947,-77.023
6877,6D113988,Multiple_Gunshots,2014-07-05,03:46:34,WashingtonDC6D,38.886,-76.936
6878,7D149863,Multiple_Gunshots,2014-07-05,03:48:19,WashingtonDC7D,38.837,-76.999
6879,7D149870,Multiple_Gunshots,2014-07-05,03:51:09,WashingtonDC7D,38.836,-77.0
6880,7D149872,Multiple_Gunshots,2014-07-05,03:51:49,WashingtonDC7D,38.836,-77.001
6881,7D149873,Multiple_Gunshots,2014-07-05,03:52:06,WashingtonDC7D,38.836,-77.001
6882,6D113992,Single_Gunshot,2014-07-05,03:53:11,WashingtonDC6D,38.902,-76.932
6883,7D149874,Multiple_Gunshots,2014-07-05,03:53:17,WashingtonDC7D,38.836,-77.0
6884,7D149876,Multiple_Gunshots,2014-07-05,03:54:08,WashingtonDC7D,38.836,-77.001
6885,7D149880,Multiple_Gunshots,2014-07-05,03:56:10,WashingtonDC7D,38.836,-77.001
6886,7D149882,Multiple_Gunshots,2014-07-05,03:56:37,WashingtonDC7D,38.836,-77.0
6887,7D149886,Multiple_Gunshots,2014-07-05,03:58:06,WashingtonDC7D,38.836,-77.001
6888,7D149888,Multiple_Gunshots,2014-07-05,03:58:43,WashingtonDC7D,38.836,-77.001
6889,4D39440,Multiple_Gunshots,2014-07-05,03:59:03,WashingtonDC4D,38.957,-77.021
6890,4D39441,Single_Gunshot,2014-07-05,04:02:54,WashingtonDC4D,38.947,-77.031
6891,7D149889,Gunshot_or_Firecracker,2014-07-05,04:18:02,WashingtonDC7D,38.85,-76.983
6892,7D149890,Single_Gunshot,2014-07-05,04:18:07,WashingtonDC7D,38.85,-76.983
6893,7D149891,Single_Gunshot,2014-07-05,04:18:10,WashingtonDC7D,38.85,-76.983
6894,7D149895,Single_Gunshot,2014-07-05,04:39:18,WashingtonDC7D,38.859,-77.001
6895,7D149896,Multiple_Gunshots,2014-07-05,04:41:16,WashingtonDC7D,38.859,-77.001
6896,1D60973,Multiple_Gunshots,2014-07-05,04:41:17,WashingtonDC1D,38.866,-77.012
6897,7D149897,Multiple_Gunshots,2014-07-05,04:41:22,WashingtonDC7D,38.859,-77.001
6898,6D114002,Gunshot_or_Firecracker,2014-07-05,04:41:31,WashingtonDC6D,38.861,-76.999
6899,7D149900,Multiple_Gunshots,2014-07-05,04:41:32,WashingtonDC7D,38.859,-77.001
6900,1D60974,Multiple_Gunshots,2014-07-05,04:41:34,WashingtonDC1D,38.866,-77.012
6901,7D149901,Multiple_Gunshots,2014-07-05,04:41:35,WashingtonDC7D,38.864,-77.003
6902,7D149903,Single_Gunshot,2014-07-05,04:43:21,WashingtonDC7D,38.845,-76.998
6903,7D149905,Multiple_Gunshots,2014-07-05,04:47:35,WashingtonDC7D,38.858,-76.999
6904,6D114006,Multiple_Gunshots,2014-07-05,05:02:30,WashingtonDC6D,38.867,-76.97
6905,7D149907,Multiple_Gunshots,2014-07-05,05:21:25,WashingtonDC7D,38.86,-76.966
6906,4D39450,Multiple_Gunshots,2014-07-05,05:25:06,WashingtonDC4D,38.963,-77.022
6907,7D150220,Multiple_Gunshots,2014-07-05,12:56:14,WashingtonDC7D,38.844,-76.986
6908,7D150231,Multiple_Gunshots,2014-07-05,12:58:32,WashingtonDC7D,38.849,-76.983
6909,6D114218,Multiple_Gunshots,2014-07-05,13:42:50,WashingtonDC6D,38.893,-76.924
6910,1D61044,Multiple_Gunshots,2014-07-05,13:46:51,WashingtonDC1D,38.881,-76.988
6911,7D150290,Multiple_Gunshots,2014-07-05,13:50:28,WashingtonDC7D,38.861,-77.0
6912,7D150363,Multiple_Gunshots,2014-07-05,14:34:46,WashingtonDC7D,38.854,-76.986
6913,7D150372,Multiple_Gunshots,2014-07-05,14:37:43,WashingtonDC7D,38.854,-76.986
6914,6D114292,Multiple_Gunshots,2014-07-05,14:37:54,WashingtonDC6D,38.892,-76.949
6915,7D150405,Multiple_Gunshots,2014-07-05,14:54:04,WashingtonDC7D,38.831,-76.998
6916,7D150621,Multiple_Gunshots,2014-07-05,17:46:58,WashingtonDC7D,38.829,-77.003
6917,7D150782,Multiple_Gunshots,2014-07-05,19:17:46,WashingtonDC7D,38.843,-76.987
6918,1D61171,Multiple_Gunshots,2014-07-05,19:21:09,WashingtonDC1D,38.906,-76.987
6919,7D150975,Multiple_Gunshots,2014-07-05,20:39:38,WashingtonDC7D,38.846,-76.999
6920,7D151021,Multiple_Gunshots,2014-07-05,20:49:19,WashingtonDC7D,38.865,-76.98
6921,5D44762,Multiple_Gunshots,2014-07-05,20:58:37,WashingtonDC5D,38.895,-76.982
6922,7D151097,Single_Gunshot,2014-07-05,20:59:01,WashingtonDC7D,38.863,-76.987
6923,7D151168,Single_Gunshot,2014-07-05,21:06:30,WashingtonDC7D,38.857,-76.978
6924,6D114943,Multiple_Gunshots,2014-07-05,21:06:37,WashingtonDC6D,38.898,-76.938
6925,6D114956,Multiple_Gunshots,2014-07-05,21:07:45,WashingtonDC6D,38.899,-76.928
6926,7D151175,Multiple_Gunshots,2014-07-05,21:08:01,WashingtonDC7D,38.827,-77.005
6927,7D151184,Multiple_Gunshots,2014-07-05,21:09:00,WashingtonDC7D,38.827,-77.005
6928,6D114983,Multiple_Gunshots,2014-07-05,21:11:15,WashingtonDC6D,38.861,-76.975
6929,1D61391,Gunshot_or_Firecracker,2014-07-05,21:12:14,WashingtonDC1D,38.89,-76.983
6930,7D151209,Multiple_Gunshots,2014-07-05,21:13:46,WashingtonDC7D,38.828,-77.0
6931,7D151216,Multiple_Gunshots,2014-07-05,21:14:57,WashingtonDC7D,38.826,-77.008
6932,7D151219,Multiple_Gunshots,2014-07-05,21:15:16,WashingtonDC7D,38.846,-77.0
6933,6D115088,Multiple_Gunshots,2014-07-05,21:22:28,WashingtonDC6D,38.897,-76.935
6934,7D151304,Single_Gunshot,2014-07-05,21:24:26,WashingtonDC7D,38.827,-77.005
6935,5D44884,Multiple_Gunshots,2014-07-05,21:24:30,WashingtonDC5D,38.901,-76.987
6936,7D151311,Multiple_Gunshots,2014-07-05,21:24:58,WashingtonDC7D,38.826,-77.005
6937,7D151318,Gunshot_or_Firecracker,2014-07-05,21:25:56,WashingtonDC7D,38.826,-77.005
6938,3D47036,Gunshot_or_Firecracker,2014-07-05,21:26:59,WashingtonDC3D,38.906,-77.022
6939,5D44900,Gunshot_or_Firecracker,2014-07-05,21:27:11,WashingtonDC5D,38.898,-76.976
6940,7D151324,Multiple_Gunshots,2014-07-05,21:27:26,WashingtonDC7D,38.827,-77.005
6941,1D61452,Multiple_Gunshots,2014-07-05,21:28:06,WashingtonDC1D,38.88,-76.988
6942,7D151333,Multiple_Gunshots,2014-07-05,21:28:40,WashingtonDC7D,38.851,-76.977
6943,6D115167,Multiple_Gunshots,2014-07-05,21:28:52,WashingtonDC6D,38.893,-76.949
6944,5D44915,Multiple_Gunshots,2014-07-05,21:29:48,WashingtonDC5D,38.932,-76.967
6945,7D151342,Single_Gunshot,2014-07-05,21:30:09,WashingtonDC7D,38.85,-76.977
6946,7D151343,Single_Gunshot,2014-07-05,21:30:16,WashingtonDC7D,38.827,-77.005
6947,6D115180,Multiple_Gunshots,2014-07-05,21:30:19,WashingtonDC6D,38.897,-76.967
6948,4D39679,Multiple_Gunshots,2014-07-05,21:30:22,WashingtonDC4D,38.948,-77.024
6949,7D151358,Multiple_Gunshots,2014-07-05,21:31:53,WashingtonDC7D,38.839,-77.007
6950,4D39685,Gunshot_or_Firecracker,2014-07-05,21:31:58,WashingtonDC4D,38.936,-77.023
6951,7D151365,Single_Gunshot,2014-07-05,21:32:16,WashingtonDC7D,38.827,-77.005
6952,7D151370,Multiple_Gunshots,2014-07-05,21:32:57,WashingtonDC7D,38.827,-77.005
6953,7D151371,Multiple_Gunshots,2014-07-05,21:33:02,WashingtonDC7D,38.827,-77.005
6954,7D151372,Multiple_Gunshots,2014-07-05,21:33:04,WashingtonDC7D,38.829,-77.003
6955,5D44933,Multiple_Gunshots,2014-07-05,21:33:11,WashingtonDC5D,38.922,-76.982
6956,7D151375,Single_Gunshot,2014-07-05,21:33:32,WashingtonDC7D,38.848,-76.969
6957,6D115205,Multiple_Gunshots,2014-07-05,21:34:13,WashingtonDC6D,38.902,-76.922
6958,6D115207,Multiple_Gunshots,2014-07-05,21:34:25,WashingtonDC6D,38.862,-76.98
6959,6D115220,Multiple_Gunshots,2014-07-05,21:35:37,WashingtonDC6D,38.893,-76.949
6960,7D151397,Multiple_Gunshots,2014-07-05,21:35:58,WashingtonDC7D,38.858,-76.994
6961,7D151399,Multiple_Gunshots,2014-07-05,21:36:13,WashingtonDC7D,38.858,-76.995
6962,7D151401,Multiple_Gunshots,2014-07-05,21:36:26,WashingtonDC7D,38.863,-76.981
6963,4D39704,Multiple_Gunshots,2014-07-05,21:36:42,WashingtonDC4D,38.929,-77.031
6964,6D115235,Multiple_Gunshots,2014-07-05,21:36:58,WashingtonDC6D,38.899,-76.917
6965,7D151406,Single_Gunshot,2014-07-05,21:37:11,WashingtonDC7D,38.834,-76.991
6966,7D151412,Multiple_Gunshots,2014-07-05,21:37:44,WashingtonDC7D,38.858,-76.994
6967,7D151436,Multiple_Gunshots,2014-07-05,21:40:18,WashingtonDC7D,38.834,-76.999
6968,7D151460,Multiple_Gunshots,2014-07-05,21:42:30,WashingtonDC7D,38.839,-77.005
6969,5D44976,Multiple_Gunshots,2014-07-05,21:43:21,WashingtonDC5D,38.904,-77.01
6970,7D151466,Single_Gunshot,2014-07-05,21:43:28,WashingtonDC7D,38.833,-76.999
6971,7D151467,Multiple_Gunshots,2014-07-05,21:43:31,WashingtonDC7D,38.833,-76.999
6972,7D151469,Multiple_Gunshots,2014-07-05,21:43:42,WashingtonDC7D,38.833,-76.999
6973,4D39738,Multiple_Gunshots,2014-07-05,21:43:58,WashingtonDC4D,38.932,-77.023
6974,3D47076,Gunshot_or_Firecracker,2014-07-05,21:44:28,WashingtonDC3D,38.936,-77.022
6975,7D151477,Gunshot_or_Firecracker,2014-07-05,21:44:31,WashingtonDC7D,38.839,-76.992
6976,5D44986,Gunshot_or_Firecracker,2014-07-05,21:45:37,WashingtonDC5D,38.923,-76.989
6977,5D44987,Gunshot_or_Firecracker,2014-07-05,21:45:39,WashingtonDC5D,38.921,-76.986
6978,5D44988,Multiple_Gunshots,2014-07-05,21:45:40,WashingtonDC5D,38.925,-76.99
6979,6D115411,Multiple_Gunshots,2014-07-05,21:56:32,WashingtonDC6D,38.893,-76.949
6980,7D151587,Single_Gunshot,2014-07-05,21:56:36,WashingtonDC7D,38.828,-77.003
6981,7D151588,Multiple_Gunshots,2014-07-05,21:56:39,WashingtonDC7D,38.836,-76.993
6982,6D115421,Multiple_Gunshots,2014-07-05,21:57:13,WashingtonDC6D,38.893,-76.948
6983,5D45053,Multiple_Gunshots,2014-07-05,21:57:18,WashingtonDC5D,38.903,-77.011
6984,7D151594,Multiple_Gunshots,2014-07-05,21:57:21,WashingtonDC7D,38.852,-76.982
6985,5D45055,Multiple_Gunshots,2014-07-05,21:57:23,WashingtonDC5D,38.904,-77.01
6986,7D151595,Multiple_Gunshots,2014-07-05,21:57:25,WashingtonDC7D,38.837,-76.999
6987,4D39809,Gunshot_or_Firecracker,2014-07-05,21:57:26,WashingtonDC4D,38.93,-77.033
6988,5D45058,Multiple_Gunshots,2014-07-05,21:57:39,WashingtonDC5D,38.904,-77.01
6989,3D47127,Gunshot_or_Firecracker,2014-07-05,21:57:45,WashingtonDC3D,38.904,-77.01
6990,7D151605,Multiple_Gunshots,2014-07-05,21:58:15,WashingtonDC7D,38.834,-76.991
6991,5D45066,Multiple_Gunshots,2014-07-05,21:58:15,WashingtonDC5D,38.904,-77.01
6992,7D151606,Multiple_Gunshots,2014-07-05,21:58:17,WashingtonDC7D,38.837,-76.993
6993,7D151607,Multiple_Gunshots,2014-07-05,21:58:24,WashingtonDC7D,38.834,-76.991
6994,4D39813,Gunshot_or_Firecracker,2014-07-05,21:58:34,WashingtonDC4D,38.946,-77.02
6995,7D151611,Gunshot_or_Firecracker,2014-07-05,21:58:41,WashingtonDC7D,38.835,-76.987
6996,6D115526,Multiple_Gunshots,2014-07-05,22:08:20,WashingtonDC6D,38.872,-76.971
6997,7D151709,Multiple_Gunshots,2014-07-05,22:10:23,WashingtonDC7D,38.838,-76.991
6998,7D151711,Single_Gunshot,2014-07-05,22:10:29,WashingtonDC7D,38.837,-77.0
6999,7D151715,Multiple_Gunshots,2014-07-05,22:10:45,WashingtonDC7D,38.838,-76.991
7000,7D151718,Multiple_Gunshots,2014-07-05,22:10:53,WashingtonDC7D,38.838,-76.991
7001,7D151726,Single_Gunshot,2014-07-05,22:11:51,WashingtonDC7D,38.834,-76.993
7002,5D45144,Single_Gunshot,2014-07-05,22:12:05,WashingtonDC5D,38.9,-76.975
7003,5D45145,Multiple_Gunshots,2014-07-05,22:12:11,WashingtonDC5D,38.925,-76.996
7004,7D151737,Multiple_Gunshots,2014-07-05,22:13:25,WashingtonDC7D,38.828,-77.006
7005,7D151738,Single_Gunshot,2014-07-05,22:13:45,WashingtonDC7D,38.825,-77.01
7006,5D45155,Gunshot_or_Firecracker,2014-07-05,22:14:00,WashingtonDC5D,38.924,-76.996
7007,4D39897,Multiple_Gunshots,2014-07-05,22:14:41,WashingtonDC4D,38.936,-77.023
7008,3D47193,Gunshot_or_Firecracker,2014-07-05,22:14:55,WashingtonDC3D,38.932,-77.033
7009,3D47194,Multiple_Gunshots,2014-07-05,22:14:58,WashingtonDC3D,38.936,-77.023
7010,3D47195,Gunshot_or_Firecracker,2014-07-05,22:15:05,WashingtonDC3D,38.933,-77.026
7011,3D47196,Multiple_Gunshots,2014-07-05,22:15:07,WashingtonDC3D,38.936,-77.023
7012,6D115591,Multiple_Gunshots,2014-07-05,22:15:10,WashingtonDC6D,38.889,-76.934
7013,7D151747,Multiple_Gunshots,2014-07-05,22:15:33,WashingtonDC7D,38.839,-76.992
7014,5D45173,Multiple_Gunshots,2014-07-05,22:17:44,WashingtonDC5D,38.907,-76.988
7015,6D115609,Multiple_Gunshots,2014-07-05,22:17:50,WashingtonDC6D,38.896,-76.936
7016,1D61662,Multiple_Gunshots,2014-07-05,22:17:57,WashingtonDC1D,38.879,-77.014
7017,1D61663,Gunshot_or_Firecracker,2014-07-05,22:18:05,WashingtonDC1D,38.905,-76.988
7018,7D151765,Multiple_Gunshots,2014-07-05,22:18:24,WashingtonDC7D,38.859,-76.999
7019,7D151768,Single_Gunshot,2014-07-05,22:18:43,WashingtonDC7D,38.829,-77.014
7020,7D151769,Single_Gunshot,2014-07-05,22:18:46,WashingtonDC7D,38.834,-76.997
7021,6D115623,Multiple_Gunshots,2014-07-05,22:18:51,WashingtonDC6D,38.885,-76.921
7022,7D151797,Single_Gunshot,2014-07-05,22:23:08,WashingtonDC7D,38.848,-76.97
7023,7D151803,Single_Gunshot,2014-07-05,22:24:15,WashingtonDC7D,38.822,-77.009
7024,7D151805,Single_Gunshot,2014-07-05,22:24:38,WashingtonDC7D,38.848,-76.97
7025,6D115688,Multiple_Gunshots,2014-07-05,22:26:57,WashingtonDC6D,38.894,-76.912
7026,6D115689,Multiple_Gunshots,2014-07-05,22:27:04,WashingtonDC6D,38.888,-76.956
7027,1D61700,Multiple_Gunshots,2014-07-05,22:27:07,WashingtonDC1D,38.889,-76.971
7028,3D47239,Gunshot_or_Firecracker,2014-07-05,22:27:08,WashingtonDC3D,38.912,-77.028
7029,5D45213,Multiple_Gunshots,2014-07-05,22:27:31,WashingtonDC5D,38.911,-77.023
7030,6D115693,Multiple_Gunshots,2014-07-05,22:27:34,WashingtonDC6D,38.883,-76.959
7031,5D45217,Multiple_Gunshots,2014-07-05,22:28:13,WashingtonDC5D,38.893,-76.978
7032,1D61705,Gunshot_or_Firecracker,2014-07-05,22:28:18,WashingtonDC1D,38.893,-76.978
7033,7D151840,Multiple_Gunshots,2014-07-05,22:28:27,WashingtonDC7D,38.859,-76.998
7034,1D61709,Multiple_Gunshots,2014-07-05,22:28:39,WashingtonDC1D,38.897,-76.969
7035,6D115700,Multiple_Gunshots,2014-07-05,22:29:02,WashingtonDC6D,38.873,-76.974
7036,1D61712,Single_Gunshot,2014-07-05,22:29:06,WashingtonDC1D,38.904,-76.978
7037,6D115702,Multiple_Gunshots,2014-07-05,22:29:09,WashingtonDC6D,38.872,-76.974
7038,6D115703,Multiple_Gunshots,2014-07-05,22:29:14,WashingtonDC6D,38.872,-76.974
7039,7D151847,Multiple_Gunshots,2014-07-05,22:29:28,WashingtonDC7D,38.854,-76.972
7040,3D47258,Single_Gunshot,2014-07-05,22:29:30,WashingtonDC3D,38.911,-77.026
7041,7D151851,Single_Gunshot,2014-07-05,22:29:47,WashingtonDC7D,38.834,-77.002
7042,5D45226,Single_Gunshot,2014-07-05,22:29:49,WashingtonDC5D,38.899,-76.982
7043,1D61717,Gunshot_or_Firecracker,2014-07-05,22:29:57,WashingtonDC1D,38.897,-76.969
7044,5D45227,Multiple_Gunshots,2014-07-05,22:30:02,WashingtonDC5D,38.897,-76.969
7045,1D61720,Single_Gunshot,2014-07-05,22:30:12,WashingtonDC1D,38.899,-76.982
7046,1D61723,Gunshot_or_Firecracker,2014-07-05,22:30:29,WashingtonDC1D,38.897,-76.969
7047,5D45230,Single_Gunshot,2014-07-05,22:30:34,WashingtonDC5D,38.899,-76.973
7048,1D61724,Single_Gunshot,2014-07-05,22:30:36,WashingtonDC1D,38.899,-76.982
7049,5D45235,Gunshot_or_Firecracker,2014-07-05,22:31:19,WashingtonDC5D,38.899,-76.982
7050,1D61729,Single_Gunshot,2014-07-05,22:31:50,WashingtonDC1D,38.899,-76.982
7051,6D115723,Multiple_Gunshots,2014-07-05,22:32:14,WashingtonDC6D,38.901,-76.919
7052,3D47265,Multiple_Gunshots,2014-07-05,22:32:19,WashingtonDC3D,38.911,-77.025
7053,6D115724,Multiple_Gunshots,2014-07-05,22:32:22,WashingtonDC6D,38.901,-76.919
7054,5D45243,Multiple_Gunshots,2014-07-05,22:32:35,WashingtonDC5D,38.897,-76.969
7055,5D45244,Multiple_Gunshots,2014-07-05,22:32:43,WashingtonDC5D,38.897,-76.969
7056,5D45245,Multiple_Gunshots,2014-07-05,22:32:55,WashingtonDC5D,38.897,-76.969
7057,1D61732,Multiple_Gunshots,2014-07-05,22:32:55,WashingtonDC1D,38.897,-76.969
7058,6D115731,Multiple_Gunshots,2014-07-05,22:33:19,WashingtonDC6D,38.89,-76.954
7059,1D61737,Single_Gunshot,2014-07-05,22:33:55,WashingtonDC1D,38.899,-76.982
7060,1D61739,Multiple_Gunshots,2014-07-05,22:34:04,WashingtonDC1D,38.897,-76.969
7061,6D115736,Multiple_Gunshots,2014-07-05,22:34:21,WashingtonDC6D,38.894,-76.934
7062,1D61740,Multiple_Gunshots,2014-07-05,22:34:22,WashingtonDC1D,38.897,-76.969
7063,6D115737,Multiple_Gunshots,2014-07-05,22:34:36,WashingtonDC6D,38.875,-76.935
7064,5D45254,Multiple_Gunshots,2014-07-05,22:34:50,WashingtonDC5D,38.907,-77.006
7065,6D115739,Multiple_Gunshots,2014-07-05,22:34:56,WashingtonDC6D,38.884,-76.939
7066,1D61744,Single_Gunshot,2014-07-05,22:35:17,WashingtonDC1D,38.899,-76.982
7067,6D115744,Multiple_Gunshots,2014-07-05,22:35:40,WashingtonDC6D,38.888,-76.956
7068,7D151855,Multiple_Gunshots,2014-07-05,22:35:43,WashingtonDC7D,38.852,-76.966
7069,6D115745,Gunshot_or_Firecracker,2014-07-05,22:35:46,WashingtonDC6D,38.884,-76.921
7070,4D39987,Multiple_Gunshots,2014-07-05,22:35:49,WashingtonDC4D,38.935,-77.034
7071,5D45264,Multiple_Gunshots,2014-07-05,22:36:12,WashingtonDC5D,38.914,-76.985
7072,1D61748,Single_Gunshot,2014-07-05,22:36:43,WashingtonDC1D,38.899,-76.974
7073,7D151861,Multiple_Gunshots,2014-07-05,22:36:51,WashingtonDC7D,38.865,-76.983
7074,7D151862,Multiple_Gunshots,2014-07-05,22:36:55,WashingtonDC7D,38.865,-76.984
7075,6D115760,Multiple_Gunshots,2014-07-05,22:36:56,WashingtonDC6D,38.865,-76.983
7076,6D115761,Multiple_Gunshots,2014-07-05,22:37:01,WashingtonDC6D,38.865,-76.983
7077,5D45269,Multiple_Gunshots,2014-07-05,22:37:11,WashingtonDC5D,38.898,-76.981
7078,1D61752,Multiple_Gunshots,2014-07-05,22:37:24,WashingtonDC1D,38.899,-76.982
7079,5D45272,Multiple_Gunshots,2014-07-05,22:37:30,WashingtonDC5D,38.901,-76.983
7080,7D151864,Multiple_Gunshots,2014-07-05,22:37:34,WashingtonDC7D,38.858,-76.99
7081,7D151865,Single_Gunshot,2014-07-05,22:37:40,WashingtonDC7D,38.858,-76.99
7082,4D39996,Multiple_Gunshots,2014-07-05,22:37:42,WashingtonDC4D,38.939,-77.027
7083,7D151868,Multiple_Gunshots,2014-07-05,22:38:01,WashingtonDC7D,38.858,-76.99
7084,7D151869,Single_Gunshot,2014-07-05,22:38:06,WashingtonDC7D,38.833,-77.005
7085,7D151884,Multiple_Gunshots,2014-07-05,22:40:22,WashingtonDC7D,38.852,-76.966
7086,3D47293,Multiple_Gunshots,2014-07-05,22:40:23,WashingtonDC3D,38.932,-77.022
7087,4D40006,Multiple_Gunshots,2014-07-05,22:40:24,WashingtonDC4D,38.932,-77.022
7088,1D61762,Single_Gunshot,2014-07-05,22:40:29,WashingtonDC1D,38.879,-77.014
7089,3D47294,Multiple_Gunshots,2014-07-05,22:40:36,WashingtonDC3D,38.932,-77.022
7090,7D151885,Multiple_Gunshots,2014-07-05,22:40:37,WashingtonDC7D,38.855,-76.971
7091,4D40007,Multiple_Gunshots,2014-07-05,22:40:39,WashingtonDC4D,38.933,-77.022
7092,1D61764,Single_Gunshot,2014-07-05,22:40:41,WashingtonDC1D,38.899,-76.982
7093,4D40008,Gunshot_or_Firecracker,2014-07-05,22:40:54,WashingtonDC4D,38.947,-77.03
7094,5D45286,Gunshot_or_Firecracker,2014-07-05,22:40:59,WashingtonDC5D,38.899,-76.984
7095,1D61766,Single_Gunshot,2014-07-05,22:41:16,WashingtonDC1D,38.879,-77.014
7096,7D151892,Multiple_Gunshots,2014-07-05,22:41:29,WashingtonDC7D,38.858,-76.99
7097,5D45290,Multiple_Gunshots,2014-07-05,22:41:41,WashingtonDC5D,38.898,-76.983
7098,5D45291,Multiple_Gunshots,2014-07-05,22:41:50,WashingtonDC5D,38.9,-76.983
7099,1D61769,Gunshot_or_Firecracker,2014-07-05,22:41:50,WashingtonDC1D,38.899,-76.982
7100,6D115798,Gunshot_or_Firecracker,2014-07-05,22:41:51,WashingtonDC6D,38.897,-76.934
7101,1D61770,Multiple_Gunshots,2014-07-05,22:41:51,WashingtonDC1D,38.893,-76.976
7102,1D61772,Single_Gunshot,2014-07-05,22:41:59,WashingtonDC1D,38.9,-76.982
7103,6D115805,Gunshot_or_Firecracker,2014-07-05,22:42:15,WashingtonDC6D,38.888,-76.923
7104,6D115806,Multiple_Gunshots,2014-07-05,22:42:21,WashingtonDC6D,38.884,-76.921
7105,7D151899,Single_Gunshot,2014-07-05,22:42:25,WashingtonDC7D,38.839,-76.997
7106,6D115807,Gunshot_or_Firecracker,2014-07-05,22:42:25,WashingtonDC6D,38.885,-76.926
7107,1D61775,Single_Gunshot,2014-07-05,22:42:27,WashingtonDC1D,38.904,-76.99
7108,1D61777,Multiple_Gunshots,2014-07-05,22:43:04,WashingtonDC1D,38.899,-76.982
7109,3D47300,Gunshot_or_Firecracker,2014-07-05,22:43:54,WashingtonDC3D,38.911,-77.026
7110,7D151912,Multiple_Gunshots,2014-07-05,22:44:03,WashingtonDC7D,38.828,-77.016
7111,1D61788,Multiple_Gunshots,2014-07-05,22:44:16,WashingtonDC1D,38.879,-77.014
7112,1D61789,Single_Gunshot,2014-07-05,22:44:19,WashingtonDC1D,38.881,-77.003
7113,7D151914,Multiple_Gunshots,2014-07-05,22:44:20,WashingtonDC7D,38.838,-76.991
7114,5D45303,Gunshot_or_Firecracker,2014-07-05,22:44:26,WashingtonDC5D,38.929,-76.971
7115,1D61790,Gunshot_or_Firecracker,2014-07-05,22:44:37,WashingtonDC1D,38.882,-77.003
7116,7D151915,Single_Gunshot,2014-07-05,22:44:38,WashingtonDC7D,38.843,-76.991
7117,7D151917,Single_Gunshot,2014-07-05,22:44:51,WashingtonDC7D,38.829,-77.012
7118,7D151918,Multiple_Gunshots,2014-07-05,22:44:54,WashingtonDC7D,38.829,-77.013
7119,5D45305,Single_Gunshot,2014-07-05,22:45:27,WashingtonDC5D,38.93,-76.963
7120,1D61796,Single_Gunshot,2014-07-05,22:48:42,WashingtonDC1D,38.907,-76.987
7121,7D151952,Gunshot_or_Firecracker,2014-07-05,22:49:08,WashingtonDC7D,38.838,-76.991
7122,1D61799,Single_Gunshot,2014-07-05,22:49:26,WashingtonDC1D,38.904,-76.985
7123,4D40039,Multiple_Gunshots,2014-07-05,22:49:48,WashingtonDC4D,38.935,-77.035
7124,1D61800,Single_Gunshot,2014-07-05,22:49:51,WashingtonDC1D,38.904,-76.985
7125,4D40040,Gunshot_or_Firecracker,2014-07-05,22:49:56,WashingtonDC4D,38.937,-77.033
7126,7D151971,Multiple_Gunshots,2014-07-05,22:51:18,WashingtonDC7D,38.834,-76.994
7127,7D151974,Gunshot_or_Firecracker,2014-07-05,22:51:42,WashingtonDC7D,38.838,-76.991
7128,4D40054,Gunshot_or_Firecracker,2014-07-05,22:53:56,WashingtonDC4D,38.936,-77.033
7129,5D45336,Multiple_Gunshots,2014-07-05,22:55:51,WashingtonDC5D,38.903,-76.974
7130,5D45341,Multiple_Gunshots,2014-07-05,22:56:48,WashingtonDC5D,38.93,-76.963
7131,7D152014,Multiple_Gunshots,2014-07-05,22:57:42,WashingtonDC7D,38.829,-77.003
7132,6D115920,Multiple_Gunshots,2014-07-05,22:57:44,WashingtonDC6D,38.868,-76.98
7133,7D152015,Multiple_Gunshots,2014-07-05,22:57:45,WashingtonDC7D,38.829,-77.013
7134,3D47323,Single_Gunshot,2014-07-05,22:57:50,WashingtonDC3D,38.904,-77.011
7135,7D152017,Multiple_Gunshots,2014-07-05,22:57:51,WashingtonDC7D,38.853,-76.966
7136,7D152018,Multiple_Gunshots,2014-07-05,22:57:53,WashingtonDC7D,38.829,-77.011
7137,6D115923,Single_Gunshot,2014-07-05,22:57:55,WashingtonDC6D,38.871,-76.971
7138,7D152020,Multiple_Gunshots,2014-07-05,22:57:57,WashingtonDC7D,38.831,-77.006
7139,6D115925,Multiple_Gunshots,2014-07-05,22:58:03,WashingtonDC6D,38.868,-76.979
7140,1D61817,Single_Gunshot,2014-07-05,22:58:09,WashingtonDC1D,38.889,-76.982
7141,4D40071,Single_Gunshot,2014-07-05,22:58:17,WashingtonDC4D,38.953,-77.02
7142,5D45345,Single_Gunshot,2014-07-05,22:58:46,WashingtonDC5D,38.903,-77.011
7143,1D61822,Multiple_Gunshots,2014-07-05,22:59:07,WashingtonDC1D,38.902,-76.975
7144,7D152033,Multiple_Gunshots,2014-07-05,23:00:18,WashingtonDC7D,38.846,-77.0
7145,7D152038,Gunshot_or_Firecracker,2014-07-05,23:00:47,WashingtonDC7D,38.834,-76.991
7146,5D45353,Multiple_Gunshots,2014-07-05,23:00:49,WashingtonDC5D,38.903,-77.011
7147,7D152043,Single_Gunshot,2014-07-05,23:01:10,WashingtonDC7D,38.834,-76.991
7148,7D152045,Multiple_Gunshots,2014-07-05,23:01:13,WashingtonDC7D,38.834,-76.991
7149,6D115944,Multiple_Gunshots,2014-07-05,23:01:37,WashingtonDC6D,38.869,-76.958
7150,7D152049,Gunshot_or_Firecracker,2014-07-05,23:01:45,WashingtonDC7D,38.848,-76.981
7151,7D152072,Single_Gunshot,2014-07-05,23:04:49,WashingtonDC7D,38.85,-76.982
7152,3D47337,Multiple_Gunshots,2014-07-05,23:05:52,WashingtonDC3D,38.927,-77.032
7153,1D61829,Single_Gunshot,2014-07-05,23:05:59,WashingtonDC1D,38.891,-76.963
7154,1D61830,Single_Gunshot,2014-07-05,23:06:03,WashingtonDC1D,38.894,-76.982
7155,4D40106,Multiple_Gunshots,2014-07-05,23:06:12,WashingtonDC4D,38.95,-77.014
7156,1D61831,Single_Gunshot,2014-07-05,23:06:13,WashingtonDC1D,38.904,-76.978
7157,4D40113,Multiple_Gunshots,2014-07-05,23:08:32,WashingtonDC4D,38.95,-77.014
7158,4D40114,Single_Gunshot,2014-07-05,23:08:50,WashingtonDC4D,38.953,-77.02
7159,4D40115,Gunshot_or_Firecracker,2014-07-05,23:08:52,WashingtonDC4D,38.95,-77.014
7160,5D45375,Single_Gunshot,2014-07-05,23:08:55,WashingtonDC5D,38.905,-76.978
7161,1D61839,Multiple_Gunshots,2014-07-05,23:08:57,WashingtonDC1D,38.904,-76.978
7162,7D152126,Gunshot_or_Firecracker,2014-07-05,23:11:10,WashingtonDC7D,38.843,-76.986
7163,1D61846,Multiple_Gunshots,2014-07-05,23:11:11,WashingtonDC1D,38.9,-77.001
7164,4D40117,Gunshot_or_Firecracker,2014-07-05,23:11:18,WashingtonDC4D,38.937,-77.015
7165,5D45387,Multiple_Gunshots,2014-07-05,23:11:20,WashingtonDC5D,38.903,-77.01
7166,7D152128,Single_Gunshot,2014-07-05,23:11:21,WashingtonDC7D,38.847,-76.98
7167,3D47347,Gunshot_or_Firecracker,2014-07-05,23:13:51,WashingtonDC3D,38.903,-77.01
7168,7D152158,Multiple_Gunshots,2014-07-05,23:15:41,WashingtonDC7D,38.845,-76.999
7169,7D152159,Single_Gunshot,2014-07-05,23:15:48,WashingtonDC7D,38.847,-77.003
7170,5D45401,Multiple_Gunshots,2014-07-05,23:15:53,WashingtonDC5D,38.903,-77.011
7171,6D116028,Multiple_Gunshots,2014-07-05,23:15:54,WashingtonDC6D,38.904,-76.935
7172,4D40137,Gunshot_or_Firecracker,2014-07-05,23:19:14,WashingtonDC4D,38.942,-77.016
7173,4D40139,Single_Gunshot,2014-07-05,23:19:23,WashingtonDC4D,38.942,-77.016
7174,4D40140,Gunshot_or_Firecracker,2014-07-05,23:19:26,WashingtonDC4D,38.942,-77.017
7175,4D40141,Gunshot_or_Firecracker,2014-07-05,23:19:31,WashingtonDC4D,38.942,-77.016
7176,4D40142,Single_Gunshot,2014-07-05,23:19:32,WashingtonDC4D,38.942,-77.016
7177,1D61859,Multiple_Gunshots,2014-07-05,23:19:35,WashingtonDC1D,38.897,-76.97
7178,4D40143,Gunshot_or_Firecracker,2014-07-05,23:19:36,WashingtonDC4D,38.942,-77.016
7179,5D45410,Multiple_Gunshots,2014-07-05,23:19:50,WashingtonDC5D,38.897,-76.97
7180,7D152223,Multiple_Gunshots,2014-07-05,23:24:37,WashingtonDC7D,38.845,-76.999
7181,7D152251,Multiple_Gunshots,2014-07-05,23:27:57,WashingtonDC7D,38.846,-76.996
7182,6D116138,Multiple_Gunshots,2014-07-05,23:33:06,WashingtonDC6D,38.895,-76.915
7183,7D152372,Single_Gunshot,2014-07-05,23:46:14,WashingtonDC7D,38.84,-76.994
7184,7D152410,Multiple_Gunshots,2014-07-05,23:51:38,WashingtonDC7D,38.852,-76.966
7185,5D45478,Multiple_Gunshots,2014-07-05,23:59:34,WashingtonDC5D,38.929,-76.967
7186,6D116488,Multiple_Gunshots,2014-07-06,00:27:58,WashingtonDC6D,38.876,-76.959
7187,3D47422,Single_Gunshot,2014-07-06,01:11:29,WashingtonDC3D,38.921,-77.033
7188,6D116644,Multiple_Gunshots,2014-07-06,01:11:31,WashingtonDC6D,38.871,-76.971
7189,6D116646,Multiple_Gunshots,2014-07-06,01:11:45,WashingtonDC6D,38.871,-76.971
7190,6D116648,Gunshot_or_Firecracker,2014-07-06,01:11:50,WashingtonDC6D,38.871,-76.971
7191,6D116650,Multiple_Gunshots,2014-07-06,01:12:03,WashingtonDC6D,38.871,-76.971
7192,3D47424,Single_Gunshot,2014-07-06,01:12:13,WashingtonDC3D,38.921,-77.033
7193,6D116659,Single_Gunshot,2014-07-06,01:14:48,WashingtonDC6D,38.892,-76.952
7194,6D116662,Gunshot_or_Firecracker,2014-07-06,01:14:51,WashingtonDC6D,38.892,-76.951
7195,6D116686,Single_Gunshot,2014-07-06,01:24:54,WashingtonDC6D,38.891,-76.93
7196,6D116689,Single_Gunshot,2014-07-06,01:25:07,WashingtonDC6D,38.891,-76.93
7197,6D116690,Single_Gunshot,2014-07-06,01:25:10,WashingtonDC6D,38.891,-76.93
7198,7D152662,Single_Gunshot,2014-07-06,01:42:19,WashingtonDC7D,38.848,-76.977
7199,1D61934,Multiple_Gunshots,2014-07-06,03:19:03,WashingtonDC1D,38.863,-77.006
7200,7D152688,Multiple_Gunshots,2014-07-06,04:02:45,WashingtonDC7D,38.832,-76.992
7201,7D152698,Multiple_Gunshots,2014-07-06,09:54:59,WashingtonDC7D,38.859,-76.997
7202,7D152727,Multiple_Gunshots,2014-07-06,13:03:54,WashingtonDC7D,38.862,-76.986
7203,5D45571,Multiple_Gunshots,2014-07-06,14:53:26,WashingtonDC5D,38.906,-76.983
7204,6D116917,Multiple_Gunshots,2014-07-06,15:44:50,WashingtonDC6D,38.894,-76.912
7205,7D152812,Multiple_Gunshots,2014-07-06,16:52:21,WashingtonDC7D,38.834,-77.003
7206,3D47489,Gunshot_or_Firecracker,2014-07-06,17:19:58,WashingtonDC3D,38.912,-77.014
7207,7D152842,Multiple_Gunshots,2014-07-06,17:49:01,WashingtonDC7D,38.855,-76.989
7208,7D152844,Multiple_Gunshots,2014-07-06,17:49:36,WashingtonDC7D,38.855,-76.989
7209,7D152860,Multiple_Gunshots,2014-07-06,18:07:14,WashingtonDC7D,38.861,-76.984
7210,6D116998,Gunshot_or_Firecracker,2014-07-06,18:25:02,WashingtonDC6D,38.893,-76.949
7211,4D40303,Gunshot_or_Firecracker,2014-07-06,20:20:04,WashingtonDC4D,38.949,-77.011
7212,7D153095,Multiple_Gunshots,2014-07-06,20:29:35,WashingtonDC7D,38.861,-76.985
7213,6D117102,Multiple_Gunshots,2014-07-06,20:29:56,WashingtonDC6D,38.896,-76.92
7214,7D153143,Multiple_Gunshots,2014-07-06,20:48:47,WashingtonDC7D,38.824,-77.013
7215,7D153157,Single_Gunshot,2014-07-06,20:51:33,WashingtonDC7D,38.829,-77.008
7216,7D153161,Multiple_Gunshots,2014-07-06,20:52:15,WashingtonDC7D,38.825,-77.01
7217,7D153165,Single_Gunshot,2014-07-06,20:53:07,WashingtonDC7D,38.827,-77.014
7218,7D153170,Single_Gunshot,2014-07-06,20:53:55,WashingtonDC7D,38.829,-77.009
7219,7D153186,Single_Gunshot,2014-07-06,20:57:15,WashingtonDC7D,38.829,-77.009
7220,7D153187,Gunshot_or_Firecracker,2014-07-06,20:57:29,WashingtonDC7D,38.831,-77.008
7221,7D153189,Single_Gunshot,2014-07-06,20:58:08,WashingtonDC7D,38.828,-77.01
7222,7D153194,Multiple_Gunshots,2014-07-06,20:59:10,WashingtonDC7D,38.84,-77.006
7223,7D153195,Multiple_Gunshots,2014-07-06,20:59:16,WashingtonDC7D,38.839,-77.004
7224,7D153196,Multiple_Gunshots,2014-07-06,20:59:25,WashingtonDC7D,38.844,-76.989
7225,4D40322,Multiple_Gunshots,2014-07-06,21:02:58,WashingtonDC4D,38.945,-77.02
7226,6D117246,Multiple_Gunshots,2014-07-06,21:05:19,WashingtonDC6D,38.878,-76.94
7227,6D117261,Multiple_Gunshots,2014-07-06,21:08:59,WashingtonDC6D,38.87,-76.943
7228,6D117283,Multiple_Gunshots,2014-07-06,21:12:30,WashingtonDC6D,38.9,-76.936
7229,6D117289,Multiple_Gunshots,2014-07-06,21:13:29,WashingtonDC6D,38.9,-76.936
7230,6D117291,Multiple_Gunshots,2014-07-06,21:13:53,WashingtonDC6D,38.87,-76.943
7231,6D117292,Multiple_Gunshots,2014-07-06,21:14:01,WashingtonDC6D,38.9,-76.936
7232,6D117299,Multiple_Gunshots,2014-07-06,21:14:57,WashingtonDC6D,38.87,-76.943
7233,4D40338,Gunshot_or_Firecracker,2014-07-06,21:15:12,WashingtonDC4D,38.952,-77.011
7234,4D40339,Multiple_Gunshots,2014-07-06,21:15:17,WashingtonDC4D,38.932,-77.021
7235,4D40340,Gunshot_or_Firecracker,2014-07-06,21:15:22,WashingtonDC4D,38.939,-77.019
7236,4D40342,Multiple_Gunshots,2014-07-06,21:15:26,WashingtonDC4D,38.932,-77.021
7237,4D40345,Multiple_Gunshots,2014-07-06,21:15:33,WashingtonDC4D,38.932,-77.022
7238,6D117305,Multiple_Gunshots,2014-07-06,21:15:55,WashingtonDC6D,38.9,-76.935
7239,4D40355,Gunshot_or_Firecracker,2014-07-06,21:17:44,WashingtonDC4D,38.946,-77.02
7240,6D117345,Multiple_Gunshots,2014-07-06,21:19:57,WashingtonDC6D,38.87,-76.943
7241,7D153315,Multiple_Gunshots,2014-07-06,21:20:50,WashingtonDC7D,38.826,-77.003
7242,4D40362,Multiple_Gunshots,2014-07-06,21:21:28,WashingtonDC4D,38.953,-77.015
7243,6D117364,Multiple_Gunshots,2014-07-06,21:23:44,WashingtonDC6D,38.876,-76.937
7244,6D117365,Multiple_Gunshots,2014-07-06,21:23:49,WashingtonDC6D,38.876,-76.937
7245,7D153339,Multiple_Gunshots,2014-07-06,21:24:21,WashingtonDC7D,38.855,-76.97
7246,7D153365,Single_Gunshot,2014-07-06,21:27:46,WashingtonDC7D,38.829,-77.005
7247,7D153389,Single_Gunshot,2014-07-06,21:30:50,WashingtonDC7D,38.852,-76.986
7248,7D153401,Multiple_Gunshots,2014-07-06,21:33:27,WashingtonDC7D,38.86,-76.998
7249,1D62036,Multiple_Gunshots,2014-07-06,21:33:28,WashingtonDC1D,38.866,-77.011
7250,6D117432,Multiple_Gunshots,2014-07-06,21:33:32,WashingtonDC6D,38.884,-76.954
7251,6D117436,Gunshot_or_Firecracker,2014-07-06,21:34:07,WashingtonDC6D,38.886,-76.959
7252,7D153404,Single_Gunshot,2014-07-06,21:34:45,WashingtonDC7D,38.852,-76.986
7253,1D62041,Single_Gunshot,2014-07-06,21:35:25,WashingtonDC1D,38.899,-76.977
7254,6D117448,Multiple_Gunshots,2014-07-06,21:35:37,WashingtonDC6D,38.871,-76.966
7255,6D117458,Multiple_Gunshots,2014-07-06,21:36:47,WashingtonDC6D,38.884,-76.954
7256,7D153417,Single_Gunshot,2014-07-06,21:37:03,WashingtonDC7D,38.819,-76.995
7257,1D62044,Single_Gunshot,2014-07-06,21:37:17,WashingtonDC1D,38.872,-77.009
7258,7D153463,Multiple_Gunshots,2014-07-06,21:42:48,WashingtonDC7D,38.828,-77.01
7259,7D153464,Multiple_Gunshots,2014-07-06,21:42:54,WashingtonDC7D,38.828,-77.011
7260,5D45722,Single_Gunshot,2014-07-06,21:44:44,WashingtonDC5D,38.905,-76.982
7261,7D153477,Multiple_Gunshots,2014-07-06,21:44:45,WashingtonDC7D,38.845,-76.984
7262,1D62069,Gunshot_or_Firecracker,2014-07-06,21:44:50,WashingtonDC1D,38.897,-76.985
7263,7D153483,Single_Gunshot,2014-07-06,21:45:26,WashingtonDC7D,38.846,-76.971
7264,1D62077,Gunshot_or_Firecracker,2014-07-06,21:46:10,WashingtonDC1D,38.895,-76.971
7265,7D153490,Single_Gunshot,2014-07-06,21:46:15,WashingtonDC7D,38.859,-77.001
7266,6D117513,Multiple_Gunshots,2014-07-06,21:46:28,WashingtonDC6D,38.863,-76.992
7267,6D117528,Multiple_Gunshots,2014-07-06,21:49:11,WashingtonDC6D,38.898,-76.932
7268,6D117534,Multiple_Gunshots,2014-07-06,21:50:15,WashingtonDC6D,38.898,-76.932
7269,7D153528,Multiple_Gunshots,2014-07-06,21:50:44,WashingtonDC7D,38.829,-77.005
7270,7D153530,Multiple_Gunshots,2014-07-06,21:50:59,WashingtonDC7D,38.831,-77.004
7271,7D153537,Multiple_Gunshots,2014-07-06,21:51:52,WashingtonDC7D,38.828,-77.012
7272,7D153548,Multiple_Gunshots,2014-07-06,21:53:22,WashingtonDC7D,38.863,-76.994
7273,7D153551,Multiple_Gunshots,2014-07-06,21:53:43,WashingtonDC7D,38.852,-76.979
7274,1D62090,Multiple_Gunshots,2014-07-06,21:54:02,WashingtonDC1D,38.878,-77.028
7275,7D153555,Multiple_Gunshots,2014-07-06,21:54:18,WashingtonDC7D,38.829,-77.006
7276,7D153556,Multiple_Gunshots,2014-07-06,21:54:22,WashingtonDC7D,38.829,-77.005
7277,1D62092,Single_Gunshot,2014-07-06,21:54:49,WashingtonDC1D,38.899,-76.979
7278,1D62093,Multiple_Gunshots,2014-07-06,21:55:22,WashingtonDC1D,38.879,-77.028
7279,6D117577,Multiple_Gunshots,2014-07-06,21:55:26,WashingtonDC6D,38.872,-76.935
7280,6D117578,Multiple_Gunshots,2014-07-06,21:55:38,WashingtonDC6D,38.872,-76.935
7281,6D117679,Multiple_Gunshots,2014-07-06,22:10:05,WashingtonDC6D,38.894,-76.932
7282,1D62112,Multiple_Gunshots,2014-07-06,22:10:13,WashingtonDC1D,38.88,-76.989
7283,7D153672,Multiple_Gunshots,2014-07-06,22:12:20,WashingtonDC7D,38.829,-77.009
7284,6D117699,Multiple_Gunshots,2014-07-06,22:12:27,WashingtonDC6D,38.887,-76.919
7285,7D153680,Multiple_Gunshots,2014-07-06,22:13:26,WashingtonDC7D,38.844,-76.978
7286,7D153761,Multiple_Gunshots,2014-07-06,22:28:02,WashingtonDC7D,38.865,-76.979
7287,6D117846,Multiple_Gunshots,2014-07-06,22:39:33,WashingtonDC6D,38.914,-76.937
7288,6D117857,Multiple_Gunshots,2014-07-06,22:41:23,WashingtonDC6D,38.894,-76.928
7289,7D153832,Multiple_Gunshots,2014-07-06,22:49:14,WashingtonDC7D,38.842,-77.002
7290,3D47571,Multiple_Gunshots,2014-07-06,22:51:30,WashingtonDC3D,38.928,-77.022
7291,3D47572,Multiple_Gunshots,2014-07-06,22:51:35,WashingtonDC3D,38.928,-77.022
7292,3D47576,Multiple_Gunshots,2014-07-06,22:54:20,WashingtonDC3D,38.928,-77.022
7293,5D45828,Gunshot_or_Firecracker,2014-07-06,22:55:52,WashingtonDC5D,38.91,-76.987
7294,5D45829,Multiple_Gunshots,2014-07-06,22:55:54,WashingtonDC5D,38.91,-76.988
7295,7D153861,Single_Gunshot,2014-07-06,22:58:14,WashingtonDC7D,38.854,-76.97
7296,7D153862,Multiple_Gunshots,2014-07-06,22:58:17,WashingtonDC7D,38.854,-76.97
7297,7D153865,Multiple_Gunshots,2014-07-06,22:58:35,WashingtonDC7D,38.854,-76.97
7298,7D153867,Multiple_Gunshots,2014-07-06,22:58:43,WashingtonDC7D,38.854,-76.97
7299,7D153931,Multiple_Gunshots,2014-07-06,23:25:41,WashingtonDC7D,38.842,-77.002
7300,7D153933,Single_Gunshot,2014-07-06,23:25:50,WashingtonDC7D,38.842,-77.002
7301,6D118026,Single_Gunshot,2014-07-06,23:29:22,WashingtonDC6D,38.871,-76.942
7302,7D153953,Multiple_Gunshots,2014-07-07,00:15:23,WashingtonDC7D,38.844,-76.992
7303,7D153982,Multiple_Gunshots,2014-07-07,00:54:20,WashingtonDC7D,38.852,-76.959
7304,7D153985,Multiple_Gunshots,2014-07-07,00:56:42,WashingtonDC7D,38.829,-76.994
7305,6D118069,Multiple_Gunshots,2014-07-07,01:07:57,WashingtonDC6D,38.869,-76.946
7306,7D153989,Multiple_Gunshots,2014-07-07,01:13:21,WashingtonDC7D,38.836,-77.001
7307,6D118083,Multiple_Gunshots,2014-07-07,03:33:41,WashingtonDC6D,38.908,-76.954
7308,6D118084,Multiple_Gunshots,2014-07-07,03:33:46,WashingtonDC6D,38.908,-76.953
7309,6D118085,Gunshot_or_Firecracker,2014-07-07,03:34:46,WashingtonDC6D,38.908,-76.953
7310,6D118104,Multiple_Gunshots,2014-07-07,06:00:54,WashingtonDC6D,38.871,-76.96
7311,6D118106,Multiple_Gunshots,2014-07-07,07:43:24,WashingtonDC6D,38.873,-76.967
7312,7D154017,Multiple_Gunshots,2014-07-07,09:46:28,WashingtonDC7D,38.86,-76.989
7313,6D118119,Multiple_Gunshots,2014-07-07,10:39:58,WashingtonDC6D,38.877,-76.946
7314,3D47606,Multiple_Gunshots,2014-07-07,17:51:39,WashingtonDC3D,38.928,-77.032
7315,6D118191,Single_Gunshot,2014-07-07,18:52:58,WashingtonDC6D,38.869,-76.925
7316,7D154092,Single_Gunshot,2014-07-07,19:55:23,WashingtonDC7D,38.848,-76.973
7317,4D40510,Single_Gunshot,2014-07-07,20:07:37,WashingtonDC4D,38.952,-77.021
7318,4D40532,Single_Gunshot,2014-07-07,21:14:46,WashingtonDC4D,38.941,-77.024
7319,5D45971,Multiple_Gunshots,2014-07-07,21:21:47,WashingtonDC5D,38.91,-76.987
7320,3D47628,Gunshot_or_Firecracker,2014-07-07,21:26:44,WashingtonDC3D,38.922,-77.034
7321,1D62231,Multiple_Gunshots,2014-07-07,23:37:45,WashingtonDC1D,38.872,-77.014
7322,1D62232,Multiple_Gunshots,2014-07-07,23:38:00,WashingtonDC1D,38.872,-77.014
7323,1D62234,Multiple_Gunshots,2014-07-07,23:38:21,WashingtonDC1D,38.873,-77.014
7324,1D62235,Single_Gunshot,2014-07-07,23:39:33,WashingtonDC1D,38.87,-77.008
7325,7D154391,Single_Gunshot,2014-07-07,23:55:53,WashingtonDC7D,38.843,-76.978
7326,7D154403,Multiple_Gunshots,2014-07-08,00:04:09,WashingtonDC7D,38.825,-77.009
7327,7D154406,Multiple_Gunshots,2014-07-08,00:04:19,WashingtonDC7D,38.825,-77.009
7328,6D118572,Multiple_Gunshots,2014-07-08,01:06:54,WashingtonDC6D,38.884,-76.929
7329,6D118633,Multiple_Gunshots,2014-07-08,19:08:06,WashingtonDC6D,38.89,-76.919
7330,7D154584,Multiple_Gunshots,2014-07-09,20:49:05,WashingtonDC7D,38.834,-77.003
7331,3D47725,Single_Gunshot,2014-07-09,21:20:02,WashingtonDC3D,38.928,-77.017
7332,6D118800,Multiple_Gunshots,2014-07-09,21:23:29,WashingtonDC6D,38.876,-76.966
7333,7D154608,Single_Gunshot,2014-07-09,21:25:53,WashingtonDC7D,38.832,-77.001
7334,6D118811,Multiple_Gunshots,2014-07-09,21:28:04,WashingtonDC6D,38.858,-76.973
7335,6D118820,Multiple_Gunshots,2014-07-09,21:33:10,WashingtonDC6D,38.858,-76.973
7336,6D118821,Multiple_Gunshots,2014-07-09,21:33:24,WashingtonDC6D,38.866,-76.966
7337,6D118827,Multiple_Gunshots,2014-07-09,21:38:28,WashingtonDC6D,38.884,-76.921
7338,6D118895,Single_Gunshot,2014-07-10,00:05:36,WashingtonDC6D,38.89,-76.919
7339,7D154735,Single_Gunshot,2014-07-10,00:44:59,WashingtonDC7D,38.836,-76.97
7340,1D62296,Single_Gunshot,2014-07-10,02:48:17,WashingtonDC1D,38.893,-76.965
7341,6D118913,Multiple_Gunshots,2014-07-10,03:12:35,WashingtonDC6D,38.912,-76.935
7342,6D118914,Multiple_Gunshots,2014-07-10,03:12:38,WashingtonDC6D,38.912,-76.935
7343,1D62306,Gunshot_or_Firecracker,2014-07-10,18:41:39,WashingtonDC1D,38.874,-77.014
7344,7D154812,Single_Gunshot,2014-07-11,00:26:09,WashingtonDC7D,38.824,-77.009
7345,6D119043,Single_Gunshot,2014-07-11,01:09:00,WashingtonDC6D,38.896,-76.926
7346,4D40655,Single_Gunshot,2014-07-11,01:13:01,WashingtonDC4D,38.948,-77.027
7347,6D119044,Multiple_Gunshots,2014-07-11,01:21:41,WashingtonDC6D,38.877,-76.953
7348,6D119047,Multiple_Gunshots,2014-07-11,01:31:06,WashingtonDC6D,38.872,-76.957
7349,5D46127,Single_Gunshot,2014-07-11,05:52:10,WashingtonDC5D,38.902,-76.978
7350,1D62325,Single_Gunshot,2014-07-11,05:52:10,WashingtonDC1D,38.902,-76.978
7351,6D119062,Single_Gunshot,2014-07-11,07:09:31,WashingtonDC6D,38.886,-76.932
7352,6D119063,Multiple_Gunshots,2014-07-11,11:22:34,WashingtonDC6D,38.882,-76.926
7353,7D154837,Single_Gunshot,2014-07-11,18:35:28,WashingtonDC7D,38.82,-77.005
7354,7D154839,Single_Gunshot,2014-07-11,19:21:40,WashingtonDC7D,38.855,-76.991
7355,1D62343,Single_Gunshot,2014-07-11,20:22:53,WashingtonDC1D,38.899,-76.982
7356,7D154879,Multiple_Gunshots,2014-07-11,20:52:37,WashingtonDC7D,38.832,-77.001
7357,7D154884,Multiple_Gunshots,2014-07-11,20:53:44,WashingtonDC7D,38.832,-77.001
7358,7D154893,Single_Gunshot,2014-07-11,20:56:49,WashingtonDC7D,38.855,-76.992
7359,7D154894,Multiple_Gunshots,2014-07-11,20:56:56,WashingtonDC7D,38.832,-77.001
7360,7D154896,Single_Gunshot,2014-07-11,20:57:19,WashingtonDC7D,38.855,-76.992
7361,7D154912,Single_Gunshot,2014-07-11,21:00:51,WashingtonDC7D,38.833,-77.001
7362,7D154913,Gunshot_or_Firecracker,2014-07-11,21:01:18,WashingtonDC7D,38.833,-77.001
7363,1D62364,Single_Gunshot,2014-07-11,21:10:59,WashingtonDC1D,38.899,-76.974
7364,6D119160,Multiple_Gunshots,2014-07-11,21:17:01,WashingtonDC6D,38.89,-76.955
7365,1D62380,Single_Gunshot,2014-07-11,22:09:42,WashingtonDC1D,38.899,-76.975
7366,7D155052,Single_Gunshot,2014-07-11,23:40:53,WashingtonDC7D,38.847,-76.958
7367,7D155056,Multiple_Gunshots,2014-07-12,00:02:15,WashingtonDC7D,38.86,-76.989
7368,6D119401,Multiple_Gunshots,2014-07-12,01:18:17,WashingtonDC6D,38.883,-76.931
7369,6D119402,Single_Gunshot,2014-07-12,01:19:49,WashingtonDC6D,38.879,-76.932
7370,6D119403,Multiple_Gunshots,2014-07-12,02:34:11,WashingtonDC6D,38.878,-76.931
7371,6D119404,Multiple_Gunshots,2014-07-12,02:37:32,WashingtonDC6D,38.884,-76.929
7372,7D155075,Multiple_Gunshots,2014-07-12,03:00:45,WashingtonDC7D,38.849,-76.978
7373,6D119405,Single_Gunshot,2014-07-12,03:06:01,WashingtonDC6D,38.888,-76.954
7374,4D40699,Multiple_Gunshots,2014-07-12,03:56:52,WashingtonDC4D,38.957,-77.014
7375,6D119406,Single_Gunshot,2014-07-12,04:16:53,WashingtonDC6D,38.878,-76.966
7376,3D47810,Single_Gunshot,2014-07-12,05:40:03,WashingtonDC3D,38.914,-77.029
7377,7D155093,Single_Gunshot,2014-07-12,10:00:18,WashingtonDC7D,38.828,-77.003
7378,7D155099,Single_Gunshot,2014-07-12,12:16:21,WashingtonDC7D,38.863,-76.983
7379,7D155103,Single_Gunshot,2014-07-12,13:13:31,WashingtonDC7D,38.828,-76.996
7380,7D155110,Multiple_Gunshots,2014-07-12,16:21:33,WashingtonDC7D,38.839,-76.989
7381,7D155122,Single_Gunshot,2014-07-12,19:24:28,WashingtonDC7D,38.845,-76.996
7382,6D119447,Single_Gunshot,2014-07-12,19:46:31,WashingtonDC6D,38.893,-76.93
7383,7D155157,Single_Gunshot,2014-07-12,21:09:34,WashingtonDC7D,38.824,-77.005
7384,6D119486,Multiple_Gunshots,2014-07-12,21:09:57,WashingtonDC6D,38.889,-76.92
7385,6D119487,Multiple_Gunshots,2014-07-12,21:14:32,WashingtonDC6D,38.893,-76.912
7386,6D119498,Multiple_Gunshots,2014-07-12,21:22:40,WashingtonDC6D,38.9,-76.95
7387,7D155173,Multiple_Gunshots,2014-07-12,21:29:20,WashingtonDC7D,38.849,-76.979
7388,4D40730,Multiple_Gunshots,2014-07-12,21:32:22,WashingtonDC4D,38.95,-77.022
7389,4D40732,Multiple_Gunshots,2014-07-12,21:32:30,WashingtonDC4D,38.95,-77.022
7390,7D155244,Multiple_Gunshots,2014-07-12,22:07:03,WashingtonDC7D,38.835,-76.989
7391,7D155247,Multiple_Gunshots,2014-07-12,22:07:07,WashingtonDC7D,38.835,-76.989
7392,7D155248,Multiple_Gunshots,2014-07-12,22:07:09,WashingtonDC7D,38.835,-76.989
7393,7D155292,Gunshot_or_Firecracker,2014-07-12,22:21:49,WashingtonDC7D,38.846,-76.971
7394,5D46276,Multiple_Gunshots,2014-07-13,00:25:24,WashingtonDC5D,38.924,-77.007
7395,7D155455,Multiple_Gunshots,2014-07-13,02:19:51,WashingtonDC7D,38.844,-76.98
7396,7D155456,Multiple_Gunshots,2014-07-13,02:19:59,WashingtonDC7D,38.844,-76.979
7397,7D155464,Multiple_Gunshots,2014-07-13,10:30:35,WashingtonDC7D,38.824,-76.999
7398,7D155465,Multiple_Gunshots,2014-07-13,10:30:45,WashingtonDC7D,38.825,-76.999
7399,7D155475,Multiple_Gunshots,2014-07-13,14:38:26,WashingtonDC7D,38.857,-76.975
7400,6D119747,Multiple_Gunshots,2014-07-13,14:38:28,WashingtonDC6D,38.857,-76.975
7401,7D155495,Single_Gunshot,2014-07-13,18:33:18,WashingtonDC7D,38.829,-77.003
7402,6D119791,Multiple_Gunshots,2014-07-13,20:51:12,WashingtonDC6D,38.893,-76.912
7403,3D47844,Gunshot_or_Firecracker,2014-07-13,20:51:17,WashingtonDC3D,38.917,-77.009
7404,5D46331,Multiple_Gunshots,2014-07-13,21:08:02,WashingtonDC5D,38.914,-77.008
7405,5D46339,Gunshot_or_Firecracker,2014-07-13,21:37:39,WashingtonDC5D,38.925,-76.988
7406,4D40794,Gunshot_or_Firecracker,2014-07-13,22:29:28,WashingtonDC4D,38.959,-77.018
7407,7D155578,Multiple_Gunshots,2014-07-13,22:31:21,WashingtonDC7D,38.839,-76.998
7408,6D119835,Single_Gunshot,2014-07-13,22:59:51,WashingtonDC6D,38.886,-76.951
7409,7D155582,Single_Gunshot,2014-07-13,23:25:22,WashingtonDC7D,38.836,-77.002
7410,7D155591,Single_Gunshot,2014-07-13,23:42:35,WashingtonDC7D,38.836,-77.002
7411,6D119836,Multiple_Gunshots,2014-07-14,00:10:34,WashingtonDC6D,38.882,-76.938
7412,3D47868,Single_Gunshot,2014-07-14,00:45:05,WashingtonDC3D,38.93,-77.03
7413,3D47869,Single_Gunshot,2014-07-14,00:45:09,WashingtonDC3D,38.93,-77.03
7414,6D119837,Multiple_Gunshots,2014-07-14,04:33:52,WashingtonDC6D,38.895,-76.93
7415,5D46353,Gunshot_or_Firecracker,2014-07-14,11:28:31,WashingtonDC5D,38.91,-76.983
7416,6D119855,Multiple_Gunshots,2014-07-14,18:06:17,WashingtonDC6D,38.877,-76.953
7417,4D40806,Gunshot_or_Firecracker,2014-07-14,21:02:20,WashingtonDC4D,38.934,-77.021
7418,6D119901,Multiple_Gunshots,2014-07-14,22:59:31,WashingtonDC6D,38.886,-76.952
7419,6D119904,Multiple_Gunshots,2014-07-15,00:26:50,WashingtonDC6D,38.884,-76.939
7420,1D62447,Single_Gunshot,2014-07-15,19:10:27,WashingtonDC1D,38.872,-77.021
7421,6D119939,Multiple_Gunshots,2014-07-16,04:02:30,WashingtonDC6D,38.89,-76.953
7422,7D155709,Multiple_Gunshots,2014-07-16,06:45:58,WashingtonDC7D,38.847,-76.999
7423,7D155733,Multiple_Gunshots,2014-07-16,18:06:48,WashingtonDC7D,38.828,-77.005
7424,7D155760,Gunshot_or_Firecracker,2014-07-16,21:13:44,WashingtonDC7D,38.825,-77.009
7425,7D155765,Gunshot_or_Firecracker,2014-07-16,21:27:19,WashingtonDC7D,38.825,-77.01
7426,4D40840,Gunshot_or_Firecracker,2014-07-16,22:37:30,WashingtonDC4D,38.952,-77.027
7427,3D47925,Single_Gunshot,2014-07-16,22:42:57,WashingtonDC3D,38.905,-77.011
7428,3D47937,Gunshot_or_Firecracker,2014-07-16,23:39:15,WashingtonDC3D,38.92,-77.026
7429,6D120020,Single_Gunshot,2014-07-17,00:17:00,WashingtonDC6D,38.886,-76.917
7430,7D155796,Single_Gunshot,2014-07-17,00:32:13,WashingtonDC7D,38.865,-76.987
7431,6D120028,Multiple_Gunshots,2014-07-17,00:59:02,WashingtonDC6D,38.893,-76.949
7432,6D120030,Single_Gunshot,2014-07-17,01:08:33,WashingtonDC6D,38.9,-76.944
7433,6D120033,Single_Gunshot,2014-07-17,11:21:56,WashingtonDC6D,38.89,-76.954
7434,6D120071,Multiple_Gunshots,2014-07-17,20:58:24,WashingtonDC6D,38.881,-76.962
7435,7D155925,Multiple_Gunshots,2014-07-17,22:41:24,WashingtonDC7D,38.844,-76.979
7436,6D120139,Multiple_Gunshots,2014-07-17,23:22:17,WashingtonDC6D,38.885,-76.953
7437,6D120140,Multiple_Gunshots,2014-07-17,23:22:40,WashingtonDC6D,38.886,-76.953
7438,7D155941,Single_Gunshot,2014-07-18,00:26:22,WashingtonDC7D,38.847,-76.972
7439,6D120143,Single_Gunshot,2014-07-18,01:50:28,WashingtonDC6D,38.91,-76.936
7440,6D120147,Single_Gunshot,2014-07-18,02:59:53,WashingtonDC6D,38.911,-76.937
7441,6D120149,Multiple_Gunshots,2014-07-18,09:05:00,WashingtonDC6D,38.89,-76.93
7442,6D120153,Multiple_Gunshots,2014-07-18,10:43:06,WashingtonDC6D,38.905,-76.93
7443,7D156000,Multiple_Gunshots,2014-07-18,19:45:45,WashingtonDC7D,38.844,-76.978
7444,5D46459,Gunshot_or_Firecracker,2014-07-18,21:01:33,WashingtonDC5D,38.905,-77.011
7445,3D47986,Gunshot_or_Firecracker,2014-07-18,21:10:41,WashingtonDC3D,38.904,-77.01
7446,1D62579,Multiple_Gunshots,2014-07-18,22:17:11,WashingtonDC1D,38.87,-77.002
7447,1D62591,Gunshot_or_Firecracker,2014-07-18,22:18:10,WashingtonDC1D,38.87,-77.003
7448,6D120269,Single_Gunshot,2014-07-19,00:57:50,WashingtonDC6D,38.88,-76.915
7449,6D120272,Multiple_Gunshots,2014-07-19,01:08:53,WashingtonDC6D,38.858,-76.997
7450,5D46510,Single_Gunshot,2014-07-19,04:45:23,WashingtonDC5D,38.923,-76.982
7451,7D156302,Single_Gunshot,2014-07-19,23:00:16,WashingtonDC7D,38.855,-76.969
7452,6D120474,Multiple_Gunshots,2014-07-19,23:02:09,WashingtonDC6D,38.87,-76.934
7453,6D120475,Multiple_Gunshots,2014-07-19,23:02:55,WashingtonDC6D,38.87,-76.934
7454,7D156304,Single_Gunshot,2014-07-19,23:17:28,WashingtonDC7D,38.844,-76.979
7455,7D156322,Multiple_Gunshots,2014-07-19,23:57:47,WashingtonDC7D,38.837,-76.998
7456,7D156324,Multiple_Gunshots,2014-07-19,23:58:52,WashingtonDC7D,38.837,-76.998
7457,7D156331,Multiple_Gunshots,2014-07-20,00:04:05,WashingtonDC7D,38.837,-76.998
7458,7D156334,Multiple_Gunshots,2014-07-20,00:06:41,WashingtonDC7D,38.838,-76.998
7459,1D62686,Single_Gunshot,2014-07-20,00:22:17,WashingtonDC1D,38.905,-76.979
7460,1D62687,Single_Gunshot,2014-07-20,00:23:05,WashingtonDC1D,38.905,-76.979
7461,5D46534,Gunshot_or_Firecracker,2014-07-20,00:25:59,WashingtonDC5D,38.924,-77.003
7462,5D46535,Gunshot_or_Firecracker,2014-07-20,00:29:42,WashingtonDC5D,38.905,-77.01
7463,3D48024,Single_Gunshot,2014-07-20,00:29:44,WashingtonDC3D,38.905,-77.01
7464,6D120518,Multiple_Gunshots,2014-07-20,01:05:15,WashingtonDC6D,38.894,-76.926
7465,6D120519,Multiple_Gunshots,2014-07-20,01:05:28,WashingtonDC6D,38.893,-76.924
7466,6D120536,Multiple_Gunshots,2014-07-20,02:23:31,WashingtonDC6D,38.885,-76.952
7467,5D46541,Multiple_Gunshots,2014-07-20,03:12:00,WashingtonDC5D,38.915,-77.001
7468,6D120540,Multiple_Gunshots,2014-07-20,04:02:27,WashingtonDC6D,38.881,-76.927
7469,6D120546,Multiple_Gunshots,2014-07-20,11:30:25,WashingtonDC6D,38.877,-76.953
7470,7D156354,Multiple_Gunshots,2014-07-20,14:21:59,WashingtonDC7D,38.834,-76.996
7471,7D156355,Multiple_Gunshots,2014-07-20,14:22:33,WashingtonDC7D,38.834,-76.996
7472,7D156377,Multiple_Gunshots,2014-07-20,18:56:53,WashingtonDC7D,38.834,-76.992
7473,6D120602,Multiple_Gunshots,2014-07-20,21:38:32,WashingtonDC6D,38.909,-76.933
7474,6D120604,Multiple_Gunshots,2014-07-20,21:38:35,WashingtonDC6D,38.906,-76.931
7475,4D40923,Single_Gunshot,2014-07-20,23:37:24,WashingtonDC4D,38.936,-77.024
7476,3D48033,Multiple_Gunshots,2014-07-20,23:37:24,WashingtonDC3D,38.935,-77.024
7477,5D46556,Multiple_Gunshots,2014-07-20,23:59:51,WashingtonDC5D,38.901,-76.974
7478,1D62693,Multiple_Gunshots,2014-07-20,23:59:51,WashingtonDC1D,38.901,-76.974
7479,5D46558,Multiple_Gunshots,2014-07-21,00:00:58,WashingtonDC5D,38.901,-76.974
7480,1D62694,Multiple_Gunshots,2014-07-21,00:00:58,WashingtonDC1D,38.901,-76.974
7481,4D40926,Multiple_Gunshots,2014-07-21,03:57:29,WashingtonDC4D,38.931,-77.017
7482,4D40928,Multiple_Gunshots,2014-07-21,09:04:58,WashingtonDC4D,38.945,-77.022
7483,7D156440,Multiple_Gunshots,2014-07-21,17:03:02,WashingtonDC7D,38.828,-76.995
7484,7D156465,Multiple_Gunshots,2014-07-21,21:04:33,WashingtonDC7D,38.834,-76.987
7485,5D46564,Multiple_Gunshots,2014-07-22,00:59:39,WashingtonDC5D,38.9,-76.974
7486,1D62700,Multiple_Gunshots,2014-07-22,00:59:39,WashingtonDC1D,38.9,-76.974
7487,7D156477,Multiple_Gunshots,2014-07-22,03:40:07,WashingtonDC7D,38.846,-76.985
7488,6D120689,Single_Gunshot,2014-07-22,04:27:20,WashingtonDC6D,38.881,-76.939
7489,6D120694,Multiple_Gunshots,2014-07-22,06:50:04,WashingtonDC6D,38.878,-76.955
7490,6D120697,Multiple_Gunshots,2014-07-22,10:45:56,WashingtonDC6D,38.884,-76.929
7491,3D48044,Multiple_Gunshots,2014-07-22,17:37:37,WashingtonDC3D,38.925,-77.025
7492,7D156488,Gunshot_or_Firecracker,2014-07-22,20:23:57,WashingtonDC7D,38.826,-76.999
7493,7D156529,Multiple_Gunshots,2014-07-22,22:57:50,WashingtonDC7D,38.864,-76.983
7494,3D48045,Single_Gunshot,2014-07-22,23:57:52,WashingtonDC3D,38.918,-77.017
7495,6D120766,Multiple_Gunshots,2014-07-23,23:45:11,WashingtonDC6D,38.891,-76.924
7496,1D62715,Multiple_Gunshots,2014-07-23,23:59:30,WashingtonDC1D,38.873,-77.012
7497,1D62716,Multiple_Gunshots,2014-07-24,00:00:07,WashingtonDC1D,38.872,-77.011
7498,1D62717,Multiple_Gunshots,2014-07-24,00:00:14,WashingtonDC1D,38.872,-77.012
7499,7D156577,Multiple_Gunshots,2014-07-24,15:01:28,WashingtonDC7D,38.836,-76.999
7500,7D156587,Single_Gunshot,2014-07-24,19:10:14,WashingtonDC7D,38.844,-76.995
7501,6D120790,Multiple_Gunshots,2014-07-24,20:58:21,WashingtonDC6D,38.91,-76.937
7502,5D46625,Gunshot_or_Firecracker,2014-07-24,21:17:04,WashingtonDC5D,38.929,-76.995
7503,7D156596,Multiple_Gunshots,2014-07-24,21:19:26,WashingtonDC7D,38.85,-76.973
7504,7D156597,Multiple_Gunshots,2014-07-24,21:19:40,WashingtonDC7D,38.861,-76.984
7505,1D62728,Gunshot_or_Firecracker,2014-07-24,22:09:10,WashingtonDC1D,38.897,-76.97
7506,6D120804,Multiple_Gunshots,2014-07-24,23:22:11,WashingtonDC6D,38.887,-76.909
7507,7D156609,Gunshot_or_Firecracker,2014-07-24,23:54:06,WashingtonDC7D,38.866,-76.963
7508,6D120807,Gunshot_or_Firecracker,2014-07-24,23:54:06,WashingtonDC6D,38.887,-76.952
7509,5D46634,Gunshot_or_Firecracker,2014-07-25,02:04:27,WashingtonDC5D,38.916,-77.009
7510,3D48052,Single_Gunshot,2014-07-25,02:04:28,WashingtonDC3D,38.916,-77.009
7511,7D156611,Multiple_Gunshots,2014-07-25,02:28:48,WashingtonDC7D,38.861,-76.973
7512,7D156612,Multiple_Gunshots,2014-07-25,02:29:03,WashingtonDC7D,38.862,-76.973
7513,7D156613,Multiple_Gunshots,2014-07-25,02:29:09,WashingtonDC7D,38.86,-76.974
7514,7D156614,Single_Gunshot,2014-07-25,02:51:45,WashingtonDC7D,38.844,-76.987
7515,6D120826,Multiple_Gunshots,2014-07-25,03:10:32,WashingtonDC6D,38.894,-76.931
7516,1D62733,Single_Gunshot,2014-07-25,03:40:12,WashingtonDC1D,38.903,-76.975
7517,1D62734,Multiple_Gunshots,2014-07-25,04:46:02,WashingtonDC1D,38.896,-76.983
7518,6D120829,Single_Gunshot,2014-07-25,05:26:56,WashingtonDC6D,38.893,-76.912
7519,5D46637,Multiple_Gunshots,2014-07-25,20:43:37,WashingtonDC5D,38.926,-76.962
7520,1D62747,Single_Gunshot,2014-07-25,21:27:12,WashingtonDC1D,38.898,-76.982
7521,1D62755,Gunshot_or_Firecracker,2014-07-25,22:59:37,WashingtonDC1D,38.874,-77.007
7522,1D62756,Multiple_Gunshots,2014-07-25,22:59:41,WashingtonDC1D,38.874,-77.007
7523,1D62757,Multiple_Gunshots,2014-07-25,22:59:44,WashingtonDC1D,38.877,-77.009
7524,1D62759,Single_Gunshot,2014-07-25,22:59:47,WashingtonDC1D,38.878,-77.011
7525,1D62760,Multiple_Gunshots,2014-07-25,22:59:49,WashingtonDC1D,38.874,-77.007
7526,1D62762,Single_Gunshot,2014-07-25,22:59:55,WashingtonDC1D,38.874,-77.007
7527,3D48070,Gunshot_or_Firecracker,2014-07-25,23:14:39,WashingtonDC3D,38.904,-77.01
7528,7D156667,Multiple_Gunshots,2014-07-25,23:45:40,WashingtonDC7D,38.859,-76.986
7529,7D156668,Multiple_Gunshots,2014-07-25,23:45:51,WashingtonDC7D,38.859,-76.986
7530,7D156669,Single_Gunshot,2014-07-26,00:05:39,WashingtonDC7D,38.819,-76.996
7531,7D156670,Multiple_Gunshots,2014-07-26,00:07:15,WashingtonDC7D,38.842,-77.001
7532,1D62770,Single_Gunshot,2014-07-26,00:24:29,WashingtonDC1D,38.899,-76.982
7533,5D46649,Multiple_Gunshots,2014-07-26,00:25:01,WashingtonDC5D,38.9,-76.983
7534,7D156671,Multiple_Gunshots,2014-07-26,00:45:30,WashingtonDC7D,38.845,-76.971
7535,7D156672,Multiple_Gunshots,2014-07-26,01:04:47,WashingtonDC7D,38.845,-76.973
7536,7D156674,Single_Gunshot,2014-07-26,01:07:57,WashingtonDC7D,38.825,-77.009
7537,7D156675,Single_Gunshot,2014-07-26,01:16:03,WashingtonDC7D,38.825,-77.009
7538,7D156676,Single_Gunshot,2014-07-26,01:27:50,WashingtonDC7D,38.845,-76.97
7539,7D156677,Single_Gunshot,2014-07-26,01:28:13,WashingtonDC7D,38.845,-76.97
7540,7D156678,Multiple_Gunshots,2014-07-26,01:28:32,WashingtonDC7D,38.846,-76.97
7541,7D156679,Multiple_Gunshots,2014-07-26,01:28:49,WashingtonDC7D,38.846,-76.97
7542,7D156680,Single_Gunshot,2014-07-26,01:30:42,WashingtonDC7D,38.845,-76.97
7543,7D156681,Single_Gunshot,2014-07-26,01:46:03,WashingtonDC7D,38.828,-77.003
7544,1D62771,Multiple_Gunshots,2014-07-26,02:14:18,WashingtonDC1D,38.874,-77.011
7545,1D62774,Multiple_Gunshots,2014-07-26,02:14:26,WashingtonDC1D,38.874,-77.011
7546,7D156683,Single_Gunshot,2014-07-26,02:48:38,WashingtonDC7D,38.846,-76.97
7547,5D46650,Multiple_Gunshots,2014-07-26,02:59:12,WashingtonDC5D,38.907,-76.999
7548,5D46651,Single_Gunshot,2014-07-26,02:59:23,WashingtonDC5D,38.907,-76.999
7549,5D46652,Single_Gunshot,2014-07-26,02:59:35,WashingtonDC5D,38.907,-76.999
7550,5D46653,Single_Gunshot,2014-07-26,02:59:46,WashingtonDC5D,38.907,-76.999
7551,5D46655,Single_Gunshot,2014-07-26,03:10:39,WashingtonDC5D,38.903,-76.979
7552,1D62777,Single_Gunshot,2014-07-26,03:10:39,WashingtonDC1D,38.903,-76.979
7553,7D156685,Single_Gunshot,2014-07-26,03:18:40,WashingtonDC7D,38.854,-76.973
7554,7D156686,Multiple_Gunshots,2014-07-26,03:27:57,WashingtonDC7D,38.846,-76.972
7555,6D120899,Multiple_Gunshots,2014-07-26,03:28:04,WashingtonDC6D,38.858,-76.965
7556,1D62782,Multiple_Gunshots,2014-07-26,12:22:22,WashingtonDC1D,38.872,-77.011
7557,1D62785,Multiple_Gunshots,2014-07-26,20:49:22,WashingtonDC1D,38.879,-76.974
7558,7D156711,Single_Gunshot,2014-07-26,20:53:50,WashingtonDC7D,38.86,-76.984
7559,7D156717,Multiple_Gunshots,2014-07-26,21:01:24,WashingtonDC7D,38.86,-76.984
7560,1D62788,Multiple_Gunshots,2014-07-26,21:28:53,WashingtonDC1D,38.879,-76.974
7561,7D156748,Multiple_Gunshots,2014-07-26,22:22:34,WashingtonDC7D,38.834,-76.996
7562,3D48082,Gunshot_or_Firecracker,2014-07-26,22:27:12,WashingtonDC3D,38.904,-77.01
7563,7D156752,Gunshot_or_Firecracker,2014-07-26,22:33:57,WashingtonDC7D,38.83,-77.001
7564,5D46668,Multiple_Gunshots,2014-07-26,22:47:44,WashingtonDC5D,38.924,-77.007
7565,7D156754,Single_Gunshot,2014-07-26,22:52:21,WashingtonDC7D,38.834,-76.983
7566,7D156756,Multiple_Gunshots,2014-07-26,23:15:15,WashingtonDC7D,38.83,-77.007
7567,6D121034,Single_Gunshot,2014-07-26,23:16:29,WashingtonDC6D,38.876,-76.93
7568,7D156761,Multiple_Gunshots,2014-07-27,00:20:49,WashingtonDC7D,38.834,-76.983
7569,6D121067,Multiple_Gunshots,2014-07-27,00:44:17,WashingtonDC6D,38.887,-76.952
7570,6D121070,Multiple_Gunshots,2014-07-27,00:44:21,WashingtonDC6D,38.887,-76.952
7571,6D121074,Multiple_Gunshots,2014-07-27,00:44:28,WashingtonDC6D,38.887,-76.952
7572,4D41005,Multiple_Gunshots,2014-07-27,01:01:19,WashingtonDC4D,38.949,-77.016
7573,7D156767,Multiple_Gunshots,2014-07-27,02:28:02,WashingtonDC7D,38.854,-76.966
7574,6D121092,Multiple_Gunshots,2014-07-27,05:07:15,WashingtonDC6D,38.895,-76.923
7575,6D121100,Multiple_Gunshots,2014-07-27,13:42:43,WashingtonDC6D,38.893,-76.926
7576,7D156769,Multiple_Gunshots,2014-07-27,15:04:57,WashingtonDC7D,38.837,-76.993
7577,7D156777,Multiple_Gunshots,2014-07-27,20:37:37,WashingtonDC7D,38.827,-76.999
7578,7D156778,Multiple_Gunshots,2014-07-27,20:38:34,WashingtonDC7D,38.827,-77.0
7579,6D121146,Multiple_Gunshots,2014-07-27,21:53:56,WashingtonDC6D,38.861,-76.984
7580,6D121152,Single_Gunshot,2014-07-27,23:15:41,WashingtonDC6D,38.888,-76.93
7581,7D156858,Multiple_Gunshots,2014-07-27,23:54:23,WashingtonDC7D,38.845,-77.0
7582,7D156867,Multiple_Gunshots,2014-07-28,20:47:01,WashingtonDC7D,38.835,-76.996
7583,6D121178,Single_Gunshot,2014-07-28,21:27:15,WashingtonDC6D,38.902,-76.937
7584,6D121191,Multiple_Gunshots,2014-07-29,00:17:24,WashingtonDC6D,38.882,-76.935
7585,7D156882,Multiple_Gunshots,2014-07-29,04:18:48,WashingtonDC7D,38.84,-76.994
7586,1D62814,Multiple_Gunshots,2014-07-29,07:41:11,WashingtonDC1D,38.898,-76.987
7587,6D121207,Single_Gunshot,2014-07-29,11:45:26,WashingtonDC6D,38.887,-76.959
7588,6D121221,Multiple_Gunshots,2014-07-29,22:12:12,WashingtonDC6D,38.88,-76.932
7589,6D121222,Multiple_Gunshots,2014-07-29,22:12:16,WashingtonDC6D,38.88,-76.932
7590,3D48112,Gunshot_or_Firecracker,2014-07-29,22:26:10,WashingtonDC3D,38.932,-77.023
7591,5D46702,Multiple_Gunshots,2014-07-29,22:47:53,WashingtonDC5D,38.908,-76.988
7592,1D62822,Multiple_Gunshots,2014-07-29,22:47:54,WashingtonDC1D,38.907,-76.988
7593,7D156915,Multiple_Gunshots,2014-07-29,23:06:52,WashingtonDC7D,38.867,-76.98
7594,1D62823,Multiple_Gunshots,2014-07-29,23:40:54,WashingtonDC1D,38.902,-76.974
7595,3D48115,Single_Gunshot,2014-07-30,00:57:09,WashingtonDC3D,38.91,-77.018
7596,6D121237,Multiple_Gunshots,2014-07-30,02:27:58,WashingtonDC6D,38.894,-76.948
7597,7D156925,Gunshot_or_Firecracker,2014-07-30,18:23:28,WashingtonDC7D,38.837,-76.993
7598,6D121273,Multiple_Gunshots,2014-07-30,19:55:21,WashingtonDC6D,38.885,-76.952
7599,6D121277,Multiple_Gunshots,2014-07-30,21:17:26,WashingtonDC6D,38.886,-76.952
7600,6D121298,Multiple_Gunshots,2014-07-31,02:02:42,WashingtonDC6D,38.882,-76.935
7601,7D156957,Single_Gunshot,2014-07-31,18:19:42,WashingtonDC7D,38.823,-77.002
7602,7D156974,Single_Gunshot,2014-08-01,00:11:41,WashingtonDC7D,38.83,-76.996
7603,6D121340,Multiple_Gunshots,2014-08-01,00:42:38,WashingtonDC6D,38.899,-76.926
7604,6D121341,Single_Gunshot,2014-08-01,00:55:25,WashingtonDC6D,38.862,-76.973
7605,3D48129,Single_Gunshot,2014-08-01,01:00:41,WashingtonDC3D,38.922,-77.028
7606,3D48131,Single_Gunshot,2014-08-01,01:03:30,WashingtonDC3D,38.922,-77.027
7607,3D48132,Single_Gunshot,2014-08-01,01:03:38,WashingtonDC3D,38.922,-77.027
7608,3D48133,Single_Gunshot,2014-08-01,01:03:44,WashingtonDC3D,38.922,-77.027
7609,3D48134,Single_Gunshot,2014-08-01,01:05:45,WashingtonDC3D,38.922,-77.027
7610,6D121342,Single_Gunshot,2014-08-01,01:33:49,WashingtonDC6D,38.885,-76.921
7611,6D121352,Multiple_Gunshots,2014-08-01,02:01:40,WashingtonDC6D,38.877,-76.959
7612,7D156976,Single_Gunshot,2014-08-01,02:26:25,WashingtonDC7D,38.843,-77.004
7613,6D121356,Multiple_Gunshots,2014-08-01,05:31:04,WashingtonDC6D,38.871,-76.963
7614,6D121357,Single_Gunshot,2014-08-01,05:31:11,WashingtonDC6D,38.871,-76.962
7615,7D156978,Single_Gunshot,2014-08-01,08:12:04,WashingtonDC7D,38.83,-76.993
7616,5D46722,Gunshot_or_Firecracker,2014-08-01,20:26:15,WashingtonDC5D,38.901,-76.985
7617,6D121392,Multiple_Gunshots,2014-08-01,22:00:06,WashingtonDC6D,38.89,-76.918
7618,1D62862,Single_Gunshot,2014-08-01,22:44:24,WashingtonDC1D,38.896,-76.983
7619,7D157019,Single_Gunshot,2014-08-01,23:23:49,WashingtonDC7D,38.83,-77.005
7620,7D157020,Single_Gunshot,2014-08-01,23:25:55,WashingtonDC7D,38.831,-77.006
7621,7D157021,Multiple_Gunshots,2014-08-01,23:49:45,WashingtonDC7D,38.831,-77.002
7622,4D41042,Single_Gunshot,2014-08-02,00:59:09,WashingtonDC4D,38.95,-77.014
7623,6D121398,Multiple_Gunshots,2014-08-02,02:30:32,WashingtonDC6D,38.868,-76.976
7624,6D121399,Single_Gunshot,2014-08-02,03:02:01,WashingtonDC6D,38.886,-76.92
7625,7D157024,Multiple_Gunshots,2014-08-02,03:39:26,WashingtonDC7D,38.828,-77.003
7626,7D157027,Single_Gunshot,2014-08-02,03:54:24,WashingtonDC7D,38.826,-76.99
7627,6D121400,Single_Gunshot,2014-08-02,04:02:32,WashingtonDC6D,38.905,-76.951
7628,6D121401,Multiple_Gunshots,2014-08-02,04:04:30,WashingtonDC6D,38.905,-76.95
7629,6D121402,Single_Gunshot,2014-08-02,04:04:37,WashingtonDC6D,38.905,-76.951
7630,7D157031,Single_Gunshot,2014-08-02,11:50:58,WashingtonDC7D,38.846,-76.969
7631,6D121430,Multiple_Gunshots,2014-08-02,21:12:05,WashingtonDC6D,38.901,-76.928
7632,4D41046,Gunshot_or_Firecracker,2014-08-02,21:54:56,WashingtonDC4D,38.953,-77.019
7633,5D46741,Single_Gunshot,2014-08-02,22:19:46,WashingtonDC5D,38.932,-76.968
7634,7D157131,Multiple_Gunshots,2014-08-02,22:32:35,WashingtonDC7D,38.852,-76.972
7635,3D48141,Single_Gunshot,2014-08-03,00:03:15,WashingtonDC3D,38.916,-77.039
7636,7D157138,Multiple_Gunshots,2014-08-03,01:30:28,WashingtonDC7D,38.83,-77.002
7637,5D46745,Single_Gunshot,2014-08-03,01:42:20,WashingtonDC5D,38.905,-77.01
7638,5D46746,Single_Gunshot,2014-08-03,02:09:55,WashingtonDC5D,38.907,-77.012
7639,3D48143,Single_Gunshot,2014-08-03,02:09:56,WashingtonDC3D,38.907,-77.012
7640,7D157139,Multiple_Gunshots,2014-08-03,02:22:23,WashingtonDC7D,38.855,-76.991
7641,6D121442,Single_Gunshot,2014-08-03,03:43:05,WashingtonDC6D,38.902,-76.93
7642,7D157141,Single_Gunshot,2014-08-03,04:08:45,WashingtonDC7D,38.842,-76.987
7643,6D121443,Multiple_Gunshots,2014-08-03,04:39:17,WashingtonDC6D,38.879,-76.939
7644,7D157146,Multiple_Gunshots,2014-08-03,14:26:46,WashingtonDC7D,38.839,-76.998
7645,7D157147,Multiple_Gunshots,2014-08-03,14:40:39,WashingtonDC7D,38.861,-76.998
7646,7D157159,Multiple_Gunshots,2014-08-03,19:05:41,WashingtonDC7D,38.847,-76.958
7647,7D157182,Single_Gunshot,2014-08-03,23:04:15,WashingtonDC7D,38.857,-76.974
7648,6D121472,Single_Gunshot,2014-08-03,23:59:05,WashingtonDC6D,38.899,-76.943
7649,6D121496,Multiple_Gunshots,2014-08-04,18:49:36,WashingtonDC6D,38.893,-76.914
7650,7D157205,Single_Gunshot,2014-08-04,19:36:20,WashingtonDC7D,38.832,-77.005
7651,7D157206,Single_Gunshot,2014-08-04,19:38:53,WashingtonDC7D,38.832,-77.005
7652,7D157211,Multiple_Gunshots,2014-08-04,20:18:16,WashingtonDC7D,38.845,-76.984
7653,7D157220,Multiple_Gunshots,2014-08-04,21:45:28,WashingtonDC7D,38.86,-76.987
7654,4D41066,Multiple_Gunshots,2014-08-04,22:06:49,WashingtonDC4D,38.958,-77.021
7655,7D157223,Multiple_Gunshots,2014-08-04,22:27:43,WashingtonDC7D,38.848,-76.97
7656,1D62891,Multiple_Gunshots,2014-08-04,23:08:07,WashingtonDC1D,38.902,-76.984
7657,7D157227,Single_Gunshot,2014-08-05,01:34:34,WashingtonDC7D,38.841,-76.976
7658,7D157228,Single_Gunshot,2014-08-05,02:01:44,WashingtonDC7D,38.857,-76.975
7659,6D121533,Single_Gunshot,2014-08-05,02:01:46,WashingtonDC6D,38.857,-76.975
7660,6D121534,Multiple_Gunshots,2014-08-05,03:28:35,WashingtonDC6D,38.883,-76.916
7661,7D157230,Single_Gunshot,2014-08-05,11:44:35,WashingtonDC7D,38.845,-76.985
7662,7D157231,Multiple_Gunshots,2014-08-05,20:56:53,WashingtonDC7D,38.82,-77.008
7663,7D157234,Gunshot_or_Firecracker,2014-08-05,22:46:35,WashingtonDC7D,38.821,-77.009
7664,1D62906,Gunshot_or_Firecracker,2014-08-05,23:09:48,WashingtonDC1D,38.87,-77.008
7665,1D62907,Single_Gunshot,2014-08-05,23:10:45,WashingtonDC1D,38.87,-77.008
7666,1D62913,Gunshot_or_Firecracker,2014-08-05,23:18:58,WashingtonDC1D,38.869,-77.008
7667,7D157237,Multiple_Gunshots,2014-08-05,23:45:00,WashingtonDC7D,38.839,-76.996
7668,7D157238,Multiple_Gunshots,2014-08-05,23:45:05,WashingtonDC7D,38.839,-76.996
7669,7D157239,Single_Gunshot,2014-08-05,23:52:58,WashingtonDC7D,38.842,-77.001
7670,7D157240,Multiple_Gunshots,2014-08-05,23:53:09,WashingtonDC7D,38.844,-77.002
7671,7D157241,Single_Gunshot,2014-08-05,23:53:15,WashingtonDC7D,38.837,-77.002
7672,7D157242,Multiple_Gunshots,2014-08-05,23:53:19,WashingtonDC7D,38.844,-77.001
7673,7D157243,Multiple_Gunshots,2014-08-05,23:53:54,WashingtonDC7D,38.844,-77.001
7674,7D157249,Multiple_Gunshots,2014-08-06,19:15:29,WashingtonDC7D,38.857,-76.989
7675,6D121573,Multiple_Gunshots,2014-08-06,19:15:29,WashingtonDC6D,38.861,-76.991
7676,6D121605,Single_Gunshot,2014-08-06,21:49:29,WashingtonDC6D,38.862,-76.984
7677,7D157257,Single_Gunshot,2014-08-06,22:26:44,WashingtonDC7D,38.832,-77.007
7678,4D41072,Multiple_Gunshots,2014-08-06,22:35:52,WashingtonDC4D,38.955,-77.024
7679,6D121608,Single_Gunshot,2014-08-06,22:51:25,WashingtonDC6D,38.914,-76.926
7680,6D121609,Single_Gunshot,2014-08-06,23:25:10,WashingtonDC6D,38.902,-76.937
7681,6D121610,Single_Gunshot,2014-08-06,23:31:23,WashingtonDC6D,38.89,-76.948
7682,6D121611,Single_Gunshot,2014-08-07,01:18:46,WashingtonDC6D,38.881,-76.935
7683,5D46771,Single_Gunshot,2014-08-07,01:35:49,WashingtonDC5D,38.91,-76.987
7684,6D121612,Single_Gunshot,2014-08-07,03:18:06,WashingtonDC6D,38.916,-76.928
7685,6D121613,Single_Gunshot,2014-08-07,04:04:06,WashingtonDC6D,38.911,-76.936
7686,6D121614,Single_Gunshot,2014-08-07,04:20:47,WashingtonDC6D,38.901,-76.963
7687,7D157265,Single_Gunshot,2014-08-07,12:52:46,WashingtonDC7D,38.828,-77.001
7688,5D46775,Gunshot_or_Firecracker,2014-08-07,20:26:59,WashingtonDC5D,38.926,-76.999
7689,7D157281,Multiple_Gunshots,2014-08-07,20:46:30,WashingtonDC7D,38.834,-76.996
7690,6D121627,Single_Gunshot,2014-08-07,21:32:06,WashingtonDC6D,38.888,-76.952
7691,4D41082,Gunshot_or_Firecracker,2014-08-07,21:53:56,WashingtonDC4D,38.965,-77.021
7692,6D121634,Single_Gunshot,2014-08-08,00:28:42,WashingtonDC6D,38.862,-76.998
7693,3D48166,Single_Gunshot,2014-08-08,00:56:20,WashingtonDC3D,38.907,-77.023
7694,4D41088,Multiple_Gunshots,2014-08-08,01:01:47,WashingtonDC4D,38.939,-77.029
7695,6D121635,Single_Gunshot,2014-08-08,01:06:51,WashingtonDC6D,38.898,-76.925
7696,3D48167,Multiple_Gunshots,2014-08-08,02:32:01,WashingtonDC3D,38.909,-77.022
7697,3D48168,Multiple_Gunshots,2014-08-08,03:06:04,WashingtonDC3D,38.922,-77.027
7698,3D48169,Multiple_Gunshots,2014-08-08,03:06:08,WashingtonDC3D,38.92,-77.027
7699,3D48170,Single_Gunshot,2014-08-08,03:06:09,WashingtonDC3D,38.922,-77.027
7700,3D48171,Single_Gunshot,2014-08-08,03:06:11,WashingtonDC3D,38.922,-77.027
7701,3D48172,Multiple_Gunshots,2014-08-08,03:06:30,WashingtonDC3D,38.922,-77.027
7702,7D157296,Multiple_Gunshots,2014-08-08,03:46:31,WashingtonDC7D,38.861,-76.97
7703,6D121636,Multiple_Gunshots,2014-08-08,04:14:37,WashingtonDC6D,38.882,-76.942
7704,6D121637,Multiple_Gunshots,2014-08-08,04:14:41,WashingtonDC6D,38.881,-76.939
7705,4D41089,Single_Gunshot,2014-08-08,05:19:30,WashingtonDC4D,38.955,-77.026
7706,6D121638,Multiple_Gunshots,2014-08-08,07:56:17,WashingtonDC6D,38.894,-76.947
7707,6D121639,Multiple_Gunshots,2014-08-08,10:31:44,WashingtonDC6D,38.876,-76.932
7708,7D157308,Single_Gunshot,2014-08-08,20:26:22,WashingtonDC7D,38.858,-76.986
7709,5D46784,Multiple_Gunshots,2014-08-08,22:07:03,WashingtonDC5D,38.915,-76.976
7710,7D157332,Gunshot_or_Firecracker,2014-08-08,22:42:06,WashingtonDC7D,38.862,-76.994
7711,5D46787,Gunshot_or_Firecracker,2014-08-08,22:47:12,WashingtonDC5D,38.942,-76.959
7712,4D41096,Multiple_Gunshots,2014-08-08,22:52:02,WashingtonDC4D,38.936,-77.021
7713,3D48175,Multiple_Gunshots,2014-08-08,22:52:02,WashingtonDC3D,38.936,-77.021
7714,4D41097,Multiple_Gunshots,2014-08-08,22:52:16,WashingtonDC4D,38.936,-77.021
7715,4D41098,Multiple_Gunshots,2014-08-08,22:52:29,WashingtonDC4D,38.937,-77.022
7716,5D46788,Multiple_Gunshots,2014-08-08,23:01:00,WashingtonDC5D,38.905,-76.986
7717,7D157333,Multiple_Gunshots,2014-08-08,23:09:01,WashingtonDC7D,38.847,-76.983
7718,6D121660,Single_Gunshot,2014-08-08,23:42:40,WashingtonDC6D,38.859,-76.973
7719,7D157335,Single_Gunshot,2014-08-08,23:49:56,WashingtonDC7D,38.824,-76.986
7720,6D121661,Single_Gunshot,2014-08-08,23:51:57,WashingtonDC6D,38.872,-76.94
7721,3D48176,Single_Gunshot,2014-08-08,23:52:06,WashingtonDC3D,38.927,-77.024
7722,6D121662,Multiple_Gunshots,2014-08-08,23:52:35,WashingtonDC6D,38.864,-76.933
7723,3D48177,Single_Gunshot,2014-08-08,23:54:01,WashingtonDC3D,38.927,-77.024
7724,3D48178,Gunshot_or_Firecracker,2014-08-08,23:54:27,WashingtonDC3D,38.913,-77.03
7725,6D121663,Single_Gunshot,2014-08-08,23:55:50,WashingtonDC6D,38.878,-76.932
7726,7D157336,Multiple_Gunshots,2014-08-08,23:58:03,WashingtonDC7D,38.847,-76.981
7727,5D46789,Gunshot_or_Firecracker,2014-08-09,00:12:59,WashingtonDC5D,38.908,-77.009
7728,6D121664,Single_Gunshot,2014-08-09,00:24:52,WashingtonDC6D,38.876,-76.929
7729,7D157337,Multiple_Gunshots,2014-08-09,00:26:06,WashingtonDC7D,38.839,-76.995
7730,6D121665,Single_Gunshot,2014-08-09,00:53:22,WashingtonDC6D,38.896,-76.933
7731,7D157338,Multiple_Gunshots,2014-08-09,00:53:32,WashingtonDC7D,38.849,-76.976
7732,7D157339,Multiple_Gunshots,2014-08-09,01:08:07,WashingtonDC7D,38.819,-77.006
7733,7D157340,Single_Gunshot,2014-08-09,01:30:14,WashingtonDC7D,38.846,-76.972
7734,7D157341,Multiple_Gunshots,2014-08-09,01:31:35,WashingtonDC7D,38.859,-76.996
7735,7D157342,Multiple_Gunshots,2014-08-09,01:35:12,WashingtonDC7D,38.844,-76.999
7736,5D46791,Single_Gunshot,2014-08-09,01:46:22,WashingtonDC5D,38.907,-76.985
7737,1D62922,Single_Gunshot,2014-08-09,01:46:22,WashingtonDC1D,38.907,-76.985
7738,6D121670,Multiple_Gunshots,2014-08-09,02:08:43,WashingtonDC6D,38.89,-76.957
7739,6D121671,Single_Gunshot,2014-08-09,02:29:53,WashingtonDC6D,38.889,-76.918
7740,1D62924,Multiple_Gunshots,2014-08-09,03:02:05,WashingtonDC1D,38.888,-76.981
7741,7D157343,Single_Gunshot,2014-08-09,03:05:45,WashingtonDC7D,38.844,-76.979
7742,1D62925,Single_Gunshot,2014-08-09,03:16:15,WashingtonDC1D,38.882,-77.019
7743,1D62926,Single_Gunshot,2014-08-09,03:16:49,WashingtonDC1D,38.882,-77.009
7744,6D121672,Multiple_Gunshots,2014-08-09,03:20:54,WashingtonDC6D,38.887,-76.952
7745,7D157344,Multiple_Gunshots,2014-08-09,03:21:14,WashingtonDC7D,38.854,-76.973
7746,6D121673,Multiple_Gunshots,2014-08-09,03:37:52,WashingtonDC6D,38.883,-76.925
7747,1D62927,Multiple_Gunshots,2014-08-09,03:47:32,WashingtonDC1D,38.878,-77.015
7748,6D121674,Single_Gunshot,2014-08-09,04:01:40,WashingtonDC6D,38.872,-76.939
7749,7D157345,Single_Gunshot,2014-08-09,04:16:15,WashingtonDC7D,38.829,-77.0
7750,6D121675,Single_Gunshot,2014-08-09,04:40:23,WashingtonDC6D,38.877,-76.919
7751,7D157347,Multiple_Gunshots,2014-08-09,05:09:51,WashingtonDC7D,38.832,-77.007
7752,6D121679,Single_Gunshot,2014-08-09,08:54:39,WashingtonDC6D,38.903,-76.939
7753,7D157352,Multiple_Gunshots,2014-08-09,17:42:04,WashingtonDC7D,38.844,-76.979
7754,7D157353,Multiple_Gunshots,2014-08-09,17:42:06,WashingtonDC7D,38.845,-76.979
7755,6D121696,Gunshot_or_Firecracker,2014-08-09,20:48:13,WashingtonDC6D,38.893,-76.928
7756,1D62938,Single_Gunshot,2014-08-09,23:02:49,WashingtonDC1D,38.895,-76.978
7757,1D62941,Single_Gunshot,2014-08-09,23:04:52,WashingtonDC1D,38.899,-76.982
7758,1D62942,Multiple_Gunshots,2014-08-09,23:05:00,WashingtonDC1D,38.899,-76.982
7759,1D62943,Single_Gunshot,2014-08-09,23:05:07,WashingtonDC1D,38.899,-76.982
7760,1D62944,Single_Gunshot,2014-08-09,23:05:11,WashingtonDC1D,38.9,-76.982
7761,1D62947,Single_Gunshot,2014-08-09,23:06:54,WashingtonDC1D,38.895,-76.979
7762,5D46806,Multiple_Gunshots,2014-08-09,23:10:35,WashingtonDC5D,38.921,-76.983
7763,3D48190,Multiple_Gunshots,2014-08-09,23:22:25,WashingtonDC3D,38.909,-77.021
7764,7D157357,Single_Gunshot,2014-08-09,23:57:46,WashingtonDC7D,38.828,-77.0
7765,5D46807,Single_Gunshot,2014-08-10,00:25:04,WashingtonDC5D,38.907,-76.983
7766,1D62950,Single_Gunshot,2014-08-10,00:26:56,WashingtonDC1D,38.907,-76.983
7767,6D121709,Multiple_Gunshots,2014-08-10,01:13:03,WashingtonDC6D,38.867,-76.979
7768,6D121710,Single_Gunshot,2014-08-10,01:13:10,WashingtonDC6D,38.868,-76.978
7769,1D62951,Multiple_Gunshots,2014-08-10,01:29:46,WashingtonDC1D,38.88,-76.989
7770,6D121711,Multiple_Gunshots,2014-08-10,01:35:12,WashingtonDC6D,38.86,-76.985
7771,1D62952,Multiple_Gunshots,2014-08-10,01:43:32,WashingtonDC1D,38.874,-77.011
7772,1D62953,Multiple_Gunshots,2014-08-10,01:43:40,WashingtonDC1D,38.874,-77.012
7773,1D62954,Multiple_Gunshots,2014-08-10,01:43:42,WashingtonDC1D,38.874,-77.011
7774,1D62955,Multiple_Gunshots,2014-08-10,01:43:46,WashingtonDC1D,38.876,-77.012
7775,7D157358,Multiple_Gunshots,2014-08-10,03:21:39,WashingtonDC7D,38.845,-76.998
7776,4D41108,Single_Gunshot,2014-08-10,03:24:52,WashingtonDC4D,38.947,-77.026
7777,5D46810,Single_Gunshot,2014-08-10,11:49:06,WashingtonDC5D,38.928,-76.966
7778,5D46811,Single_Gunshot,2014-08-10,11:50:00,WashingtonDC5D,38.928,-76.966
7779,4D41112,Single_Gunshot,2014-08-10,21:16:31,WashingtonDC4D,38.953,-77.013
7780,5D46814,Multiple_Gunshots,2014-08-10,22:24:31,WashingtonDC5D,38.905,-76.991
7781,6D121734,Multiple_Gunshots,2014-08-11,00:30:18,WashingtonDC6D,38.888,-76.917
7782,6D121735,Multiple_Gunshots,2014-08-11,00:48:35,WashingtonDC6D,38.877,-76.939
7783,7D157395,Single_Gunshot,2014-08-11,02:28:16,WashingtonDC7D,38.842,-76.968
7784,7D157396,Single_Gunshot,2014-08-11,02:49:46,WashingtonDC7D,38.851,-76.967
7785,7D157398,Multiple_Gunshots,2014-08-11,21:11:55,WashingtonDC7D,38.859,-76.991
7786,6D121774,Multiple_Gunshots,2014-08-11,21:11:56,WashingtonDC6D,38.859,-76.991
7787,6D121775,Multiple_Gunshots,2014-08-11,22:41:55,WashingtonDC6D,38.89,-76.924
7788,4D41119,Single_Gunshot,2014-08-11,23:00:15,WashingtonDC4D,38.939,-77.03
7789,6D121777,Multiple_Gunshots,2014-08-12,00:56:42,WashingtonDC6D,38.857,-76.974
7790,7D157400,Single_Gunshot,2014-08-12,00:59:30,WashingtonDC7D,38.861,-76.986
7791,7D157401,Single_Gunshot,2014-08-12,01:48:25,WashingtonDC7D,38.845,-76.999
7792,7D157402,Multiple_Gunshots,2014-08-12,01:54:00,WashingtonDC7D,38.83,-77.002
7793,6D121791,Multiple_Gunshots,2014-08-12,21:03:07,WashingtonDC6D,38.879,-76.934
7794,4D41143,Multiple_Gunshots,2014-08-12,21:11:00,WashingtonDC4D,38.938,-77.022
7795,3D48203,Single_Gunshot,2014-08-12,22:01:11,WashingtonDC3D,38.913,-77.013
7796,5D46824,Multiple_Gunshots,2014-08-12,22:01:12,WashingtonDC5D,38.913,-77.013
7797,7D157408,Single_Gunshot,2014-08-12,23:33:32,WashingtonDC7D,38.844,-77.0
7798,7D157409,Single_Gunshot,2014-08-12,23:33:59,WashingtonDC7D,38.844,-77.0
7799,7D157410,Single_Gunshot,2014-08-13,00:00:53,WashingtonDC7D,38.845,-76.981
7800,6D121792,Multiple_Gunshots,2014-08-13,00:30:05,WashingtonDC6D,38.903,-76.935
7801,7D157411,Multiple_Gunshots,2014-08-13,02:46:36,WashingtonDC7D,38.853,-76.975
7802,6D121793,Single_Gunshot,2014-08-13,02:47:46,WashingtonDC6D,38.874,-76.935
7803,6D121804,Multiple_Gunshots,2014-08-13,04:11:36,WashingtonDC6D,38.889,-76.951
7804,6D121808,Single_Gunshot,2014-08-13,04:34:24,WashingtonDC6D,38.871,-76.961
7805,6D121814,Single_Gunshot,2014-08-13,12:11:15,WashingtonDC6D,38.901,-76.93
7806,6D121820,Multiple_Gunshots,2014-08-13,21:32:27,WashingtonDC6D,38.89,-76.935
7807,4D41146,Single_Gunshot,2014-08-13,21:33:42,WashingtonDC4D,38.952,-77.024
7808,7D157417,Single_Gunshot,2014-08-13,21:40:36,WashingtonDC7D,38.861,-76.997
7809,6D121821,Single_Gunshot,2014-08-13,21:42:15,WashingtonDC6D,38.899,-76.922
7810,6D121822,Single_Gunshot,2014-08-13,21:44:35,WashingtonDC6D,38.899,-76.922
7811,6D121823,Single_Gunshot,2014-08-13,21:47:00,WashingtonDC6D,38.899,-76.921
7812,6D121824,Single_Gunshot,2014-08-13,21:48:34,WashingtonDC6D,38.899,-76.921
7813,6D121825,Single_Gunshot,2014-08-13,21:48:59,WashingtonDC6D,38.899,-76.921
7814,6D121826,Single_Gunshot,2014-08-13,21:49:14,WashingtonDC6D,38.899,-76.921
7815,6D121827,Single_Gunshot,2014-08-13,21:49:28,WashingtonDC6D,38.899,-76.921
7816,6D121828,Single_Gunshot,2014-08-13,21:49:55,WashingtonDC6D,38.899,-76.921
7817,6D121829,Single_Gunshot,2014-08-13,21:50:11,WashingtonDC6D,38.899,-76.921
7818,6D121830,Single_Gunshot,2014-08-13,21:50:36,WashingtonDC6D,38.899,-76.921
7819,6D121831,Single_Gunshot,2014-08-13,21:50:57,WashingtonDC6D,38.899,-76.921
7820,7D157419,Single_Gunshot,2014-08-13,22:06:10,WashingtonDC7D,38.861,-76.997
7821,7D157420,Single_Gunshot,2014-08-13,22:07:37,WashingtonDC7D,38.859,-76.998
7822,7D157421,Multiple_Gunshots,2014-08-13,22:36:02,WashingtonDC7D,38.843,-76.997
7823,7D157423,Multiple_Gunshots,2014-08-13,22:36:08,WashingtonDC7D,38.843,-76.996
7824,7D157424,Multiple_Gunshots,2014-08-13,22:36:44,WashingtonDC7D,38.843,-76.997
7825,7D157425,Multiple_Gunshots,2014-08-13,22:54:28,WashingtonDC7D,38.845,-76.999
7826,7D157426,Multiple_Gunshots,2014-08-13,22:54:55,WashingtonDC7D,38.845,-77.0
7827,7D157427,Multiple_Gunshots,2014-08-13,22:55:03,WashingtonDC7D,38.845,-76.999
7828,1D62985,Multiple_Gunshots,2014-08-13,23:35:08,WashingtonDC1D,38.897,-76.984
7829,6D121834,Multiple_Gunshots,2014-08-13,23:41:44,WashingtonDC6D,38.901,-76.948
7830,5D46829,Single_Gunshot,2014-08-13,23:53:01,WashingtonDC5D,38.914,-76.989
7831,6D121835,Single_Gunshot,2014-08-13,23:59:10,WashingtonDC6D,38.895,-76.928
7832,6D121836,Single_Gunshot,2014-08-14,00:03:44,WashingtonDC6D,38.885,-76.932
7833,6D121837,Single_Gunshot,2014-08-14,00:29:55,WashingtonDC6D,38.901,-76.932
7834,6D121838,Single_Gunshot,2014-08-14,00:44:36,WashingtonDC6D,38.883,-76.936
7835,6D121839,Single_Gunshot,2014-08-14,00:45:53,WashingtonDC6D,38.883,-76.936
7836,4D41148,Multiple_Gunshots,2014-08-14,00:54:09,WashingtonDC4D,38.952,-77.023
7837,1D62986,Single_Gunshot,2014-08-14,01:28:02,WashingtonDC1D,38.899,-76.976
7838,7D157429,Multiple_Gunshots,2014-08-14,02:11:58,WashingtonDC7D,38.847,-76.979
7839,7D157430,Multiple_Gunshots,2014-08-14,02:18:33,WashingtonDC7D,38.829,-77.002
7840,1D62987,Single_Gunshot,2014-08-14,02:47:24,WashingtonDC1D,38.905,-76.976
7841,6D121843,Single_Gunshot,2014-08-14,04:29:30,WashingtonDC6D,38.886,-76.963
7842,6D121844,Single_Gunshot,2014-08-14,04:30:00,WashingtonDC6D,38.891,-76.956
7843,7D157446,Multiple_Gunshots,2014-08-14,17:28:14,WashingtonDC7D,38.826,-77.003
7844,3D48214,Multiple_Gunshots,2014-08-14,20:46:44,WashingtonDC3D,38.904,-77.017
7845,7D157453,Multiple_Gunshots,2014-08-14,20:57:42,WashingtonDC7D,38.834,-76.987
7846,6D121875,Multiple_Gunshots,2014-08-14,21:56:45,WashingtonDC6D,38.883,-76.935
7847,7D157455,Gunshot_or_Firecracker,2014-08-14,22:47:43,WashingtonDC7D,38.861,-76.998
7848,6D121878,Multiple_Gunshots,2014-08-14,22:47:58,WashingtonDC6D,38.861,-76.998
7849,7D157456,Multiple_Gunshots,2014-08-14,22:48:00,WashingtonDC7D,38.861,-76.998
7850,3D48215,Single_Gunshot,2014-08-14,23:45:25,WashingtonDC3D,38.919,-77.028
7851,6D121883,Single_Gunshot,2014-08-15,00:02:02,WashingtonDC6D,38.893,-76.929
7852,4D41150,Multiple_Gunshots,2014-08-15,00:11:39,WashingtonDC4D,38.956,-77.018
7853,4D41151,Multiple_Gunshots,2014-08-15,00:22:38,WashingtonDC4D,38.955,-77.023
7854,5D46843,Single_Gunshot,2014-08-15,01:09:01,WashingtonDC5D,38.907,-76.984
7855,1D62999,Single_Gunshot,2014-08-15,01:09:02,WashingtonDC1D,38.907,-76.984
7856,4D41152,Single_Gunshot,2014-08-15,01:27:03,WashingtonDC4D,38.956,-77.027
7857,7D157460,Multiple_Gunshots,2014-08-15,01:53:38,WashingtonDC7D,38.853,-76.981
7858,7D157461,Multiple_Gunshots,2014-08-15,01:54:26,WashingtonDC7D,38.853,-76.982
7859,6D121885,Single_Gunshot,2014-08-15,01:55:23,WashingtonDC6D,38.91,-76.94
7860,6D121886,Multiple_Gunshots,2014-08-15,03:05:23,WashingtonDC6D,38.886,-76.955
7861,6D121887,Multiple_Gunshots,2014-08-15,03:05:30,WashingtonDC6D,38.886,-76.956
7862,7D157462,Single_Gunshot,2014-08-15,03:11:32,WashingtonDC7D,38.853,-76.973
7863,7D157468,Multiple_Gunshots,2014-08-15,10:30:45,WashingtonDC7D,38.845,-76.998
7864,6D121900,Multiple_Gunshots,2014-08-15,18:38:00,WashingtonDC6D,38.889,-76.919
7865,7D157480,Multiple_Gunshots,2014-08-15,21:22:30,WashingtonDC7D,38.848,-76.969
7866,6D121916,Single_Gunshot,2014-08-15,21:44:11,WashingtonDC6D,38.883,-76.935
7867,6D121919,Single_Gunshot,2014-08-15,21:44:27,WashingtonDC6D,38.883,-76.935
7868,4D41155,Single_Gunshot,2014-08-15,21:50:19,WashingtonDC4D,38.958,-77.028
7869,4D41156,Single_Gunshot,2014-08-15,21:52:07,WashingtonDC4D,38.956,-77.013
7870,6D121923,Single_Gunshot,2014-08-15,22:09:58,WashingtonDC6D,38.88,-76.936
7871,1D63008,Single_Gunshot,2014-08-15,22:15:59,WashingtonDC1D,38.875,-77.013
7872,1D63010,Single_Gunshot,2014-08-15,22:26:25,WashingtonDC1D,38.875,-77.013
7873,6D121934,Multiple_Gunshots,2014-08-15,22:57:02,WashingtonDC6D,38.895,-76.928
7874,6D121935,Single_Gunshot,2014-08-15,22:59:01,WashingtonDC6D,38.864,-76.979
7875,6D121936,Multiple_Gunshots,2014-08-15,23:03:25,WashingtonDC6D,38.886,-76.912
7876,6D121938,Single_Gunshot,2014-08-15,23:32:32,WashingtonDC6D,38.881,-76.94
7877,7D157512,Single_Gunshot,2014-08-15,23:48:54,WashingtonDC7D,38.823,-76.998
7878,7D157513,Multiple_Gunshots,2014-08-15,23:55:38,WashingtonDC7D,38.855,-76.967
7879,6D121939,Multiple_Gunshots,2014-08-15,23:57:29,WashingtonDC6D,38.892,-76.952
7880,7D157514,Multiple_Gunshots,2014-08-16,00:05:59,WashingtonDC7D,38.859,-76.967
7881,7D157515,Multiple_Gunshots,2014-08-16,00:08:05,WashingtonDC7D,38.858,-76.967
7882,7D157516,Multiple_Gunshots,2014-08-16,00:29:33,WashingtonDC7D,38.844,-76.979
7883,6D121941,Multiple_Gunshots,2014-08-16,00:32:53,WashingtonDC6D,38.892,-76.912
7884,6D121942,Single_Gunshot,2014-08-16,00:33:04,WashingtonDC6D,38.892,-76.912
7885,6D121944,Single_Gunshot,2014-08-16,00:33:57,WashingtonDC6D,38.891,-76.912
7886,6D121945,Multiple_Gunshots,2014-08-16,00:39:57,WashingtonDC6D,38.891,-76.912
7887,3D48224,Single_Gunshot,2014-08-16,00:50:13,WashingtonDC3D,38.913,-77.024
7888,7D157517,Multiple_Gunshots,2014-08-16,00:51:20,WashingtonDC7D,38.842,-76.961
7889,6D121946,Multiple_Gunshots,2014-08-16,00:58:37,WashingtonDC6D,38.892,-76.952
7890,6D121947,Multiple_Gunshots,2014-08-16,01:13:45,WashingtonDC6D,38.89,-76.913
7891,6D121948,Single_Gunshot,2014-08-16,01:33:07,WashingtonDC6D,38.88,-76.939
7892,1D63095,Single_Gunshot,2014-08-16,01:35:47,WashingtonDC1D,38.897,-76.978
7893,5D46875,Single_Gunshot,2014-08-16,01:35:48,WashingtonDC5D,38.897,-76.978
7894,5D46876,Multiple_Gunshots,2014-08-16,01:38:46,WashingtonDC5D,38.916,-77.0
7895,6D121949,Single_Gunshot,2014-08-16,01:58:19,WashingtonDC6D,38.88,-76.93
7896,1D63096,Single_Gunshot,2014-08-16,01:59:06,WashingtonDC1D,38.902,-76.979
7897,6D121950,Single_Gunshot,2014-08-16,02:11:37,WashingtonDC6D,38.886,-76.95
7898,6D121951,Multiple_Gunshots,2014-08-16,02:38:36,WashingtonDC6D,38.901,-76.948
7899,6D121952,Single_Gunshot,2014-08-16,03:08:47,WashingtonDC6D,38.916,-76.932
7900,6D121953,Single_Gunshot,2014-08-16,04:30:24,WashingtonDC6D,38.901,-76.915
7901,6D121954,Single_Gunshot,2014-08-16,04:30:35,WashingtonDC6D,38.901,-76.915
7902,6D121955,Single_Gunshot,2014-08-16,04:30:43,WashingtonDC6D,38.901,-76.915
7903,6D121964,Single_Gunshot,2014-08-16,10:56:32,WashingtonDC6D,38.883,-76.957
7904,7D157518,Multiple_Gunshots,2014-08-16,12:26:59,WashingtonDC7D,38.837,-77.003
7905,6D121973,Single_Gunshot,2014-08-16,22:37:38,WashingtonDC6D,38.881,-76.922
7906,6D121974,Single_Gunshot,2014-08-16,22:38:33,WashingtonDC6D,38.894,-76.926
7907,6D121975,Gunshot_or_Firecracker,2014-08-16,22:40:13,WashingtonDC6D,38.895,-76.925
7908,7D157535,Single_Gunshot,2014-08-16,23:48:27,WashingtonDC7D,38.826,-76.999
7909,4D41163,Gunshot_or_Firecracker,2014-08-16,23:57:01,WashingtonDC4D,38.96,-77.019
7910,4D41164,Multiple_Gunshots,2014-08-16,23:57:18,WashingtonDC4D,38.96,-77.018
7911,6D121985,Single_Gunshot,2014-08-17,00:17:15,WashingtonDC6D,38.876,-76.932
7912,7D157537,Multiple_Gunshots,2014-08-17,00:45:57,WashingtonDC7D,38.849,-76.971
7913,7D157538,Multiple_Gunshots,2014-08-17,00:46:13,WashingtonDC7D,38.85,-76.973
7914,7D157539,Multiple_Gunshots,2014-08-17,00:46:46,WashingtonDC7D,38.846,-76.957
7915,5D46899,Single_Gunshot,2014-08-17,01:15:30,WashingtonDC5D,38.914,-77.009
7916,7D157541,Multiple_Gunshots,2014-08-17,01:29:35,WashingtonDC7D,38.846,-76.97
7917,7D157542,Multiple_Gunshots,2014-08-17,01:32:08,WashingtonDC7D,38.829,-77.005
7918,7D157543,Multiple_Gunshots,2014-08-17,01:32:13,WashingtonDC7D,38.829,-77.006
7919,7D157544,Multiple_Gunshots,2014-08-17,01:32:14,WashingtonDC7D,38.829,-77.006
7920,5D46900,Single_Gunshot,2014-08-17,02:03:41,WashingtonDC5D,38.907,-76.986
7921,5D46901,Multiple_Gunshots,2014-08-17,02:04:05,WashingtonDC5D,38.907,-76.986
7922,6D121990,Multiple_Gunshots,2014-08-17,02:12:44,WashingtonDC6D,38.873,-76.918
7923,6D121991,Multiple_Gunshots,2014-08-17,02:12:57,WashingtonDC6D,38.873,-76.917
7924,4D41166,Multiple_Gunshots,2014-08-17,02:14:40,WashingtonDC4D,38.939,-77.031
7925,6D121992,Single_Gunshot,2014-08-17,02:17:17,WashingtonDC6D,38.872,-76.917
7926,7D157545,Multiple_Gunshots,2014-08-17,02:55:11,WashingtonDC7D,38.84,-76.999
7927,7D157546,Multiple_Gunshots,2014-08-17,02:55:16,WashingtonDC7D,38.846,-76.982
7928,4D41168,Multiple_Gunshots,2014-08-17,03:43:28,WashingtonDC4D,38.953,-77.02
7929,4D41169,Single_Gunshot,2014-08-17,04:01:40,WashingtonDC4D,38.955,-77.024
7930,7D157548,Multiple_Gunshots,2014-08-17,09:45:08,WashingtonDC7D,38.846,-76.97
7931,7D157549,Single_Gunshot,2014-08-17,09:45:21,WashingtonDC7D,38.846,-76.97
7932,6D122002,Multiple_Gunshots,2014-08-17,16:56:45,WashingtonDC6D,38.887,-76.952
7933,4D41178,Multiple_Gunshots,2014-08-17,20:58:24,WashingtonDC4D,38.932,-77.019
7934,4D41179,Multiple_Gunshots,2014-08-17,20:58:27,WashingtonDC4D,38.932,-77.019
7935,6D122071,Multiple_Gunshots,2014-08-17,23:40:43,WashingtonDC6D,38.892,-76.952
7936,1D63108,Single_Gunshot,2014-08-18,00:28:26,WashingtonDC1D,38.906,-76.984
7937,6D122072,Single_Gunshot,2014-08-18,00:56:24,WashingtonDC6D,38.881,-76.938
7938,4D41189,Multiple_Gunshots,2014-08-18,03:02:40,WashingtonDC4D,38.943,-77.023
7939,7D157587,Multiple_Gunshots,2014-08-18,03:44:22,WashingtonDC7D,38.828,-77.003
7940,7D157588,Multiple_Gunshots,2014-08-18,03:45:15,WashingtonDC7D,38.827,-77.003
7941,7D157589,Multiple_Gunshots,2014-08-18,03:45:17,WashingtonDC7D,38.828,-77.003
7942,6D122102,Multiple_Gunshots,2014-08-18,17:08:06,WashingtonDC6D,38.887,-76.958
7943,6D122114,Multiple_Gunshots,2014-08-18,20:32:43,WashingtonDC6D,38.884,-76.943
7944,6D122131,Single_Gunshot,2014-08-18,21:45:33,WashingtonDC6D,38.887,-76.952
7945,1D63113,Single_Gunshot,2014-08-18,21:58:36,WashingtonDC1D,38.875,-77.014
7946,6D122132,Single_Gunshot,2014-08-18,22:58:24,WashingtonDC6D,38.885,-76.936
7947,6D122133,Multiple_Gunshots,2014-08-18,22:58:30,WashingtonDC6D,38.885,-76.935
7948,7D157595,Multiple_Gunshots,2014-08-18,22:58:38,WashingtonDC7D,38.841,-76.99
7949,6D122134,Multiple_Gunshots,2014-08-18,23:48:32,WashingtonDC6D,38.892,-76.952
7950,7D157596,Multiple_Gunshots,2014-08-18,23:50:25,WashingtonDC7D,38.861,-76.986
7951,6D122135,Multiple_Gunshots,2014-08-19,01:17:07,WashingtonDC6D,38.892,-76.952
7952,4D41190,Single_Gunshot,2014-08-19,01:17:27,WashingtonDC4D,38.949,-77.03
7953,6D122136,Multiple_Gunshots,2014-08-19,01:30:16,WashingtonDC6D,38.862,-76.998
7954,6D122137,Multiple_Gunshots,2014-08-19,01:35:33,WashingtonDC6D,38.863,-76.998
7955,5D46918,Single_Gunshot,2014-08-19,02:39:00,WashingtonDC5D,38.909,-76.988
7956,4D41193,Single_Gunshot,2014-08-19,02:57:22,WashingtonDC4D,38.952,-77.027
7957,6D122140,Single_Gunshot,2014-08-19,04:41:17,WashingtonDC6D,38.873,-76.936
7958,7D157602,Single_Gunshot,2014-08-19,19:53:18,WashingtonDC7D,38.818,-76.99
7959,6D122165,Multiple_Gunshots,2014-08-19,23:30:38,WashingtonDC6D,38.86,-76.986
7960,7D157603,Single_Gunshot,2014-08-19,23:30:40,WashingtonDC7D,38.86,-76.986
7961,7D157604,Single_Gunshot,2014-08-19,23:32:30,WashingtonDC7D,38.86,-76.986
7962,7D157605,Single_Gunshot,2014-08-19,23:32:37,WashingtonDC7D,38.86,-76.986
7963,7D157606,Single_Gunshot,2014-08-19,23:32:44,WashingtonDC7D,38.86,-76.986
7964,6D122166,Single_Gunshot,2014-08-19,23:37:38,WashingtonDC6D,38.898,-76.917
7965,7D157607,Single_Gunshot,2014-08-20,01:15:52,WashingtonDC7D,38.833,-76.99
7966,7D157608,Single_Gunshot,2014-08-20,01:17:15,WashingtonDC7D,38.833,-76.989
7967,3D48256,Multiple_Gunshots,2014-08-20,02:37:52,WashingtonDC3D,38.912,-77.027
7968,5D46927,Multiple_Gunshots,2014-08-20,02:43:16,WashingtonDC5D,38.906,-76.981
7969,7D157617,Multiple_Gunshots,2014-08-20,18:07:37,WashingtonDC7D,38.863,-76.981
7970,5D46931,Multiple_Gunshots,2014-08-20,20:20:05,WashingtonDC5D,38.907,-76.984
7971,5D46934,Gunshot_or_Firecracker,2014-08-20,22:41:21,WashingtonDC5D,38.905,-76.997
7972,4D41196,Gunshot_or_Firecracker,2014-08-20,22:42:53,WashingtonDC4D,38.939,-77.017
7973,3D48260,Gunshot_or_Firecracker,2014-08-20,22:43:21,WashingtonDC3D,38.939,-77.017
7974,6D122205,Single_Gunshot,2014-08-20,22:46:41,WashingtonDC6D,38.876,-76.936
7975,7D157619,Single_Gunshot,2014-08-20,23:21:27,WashingtonDC7D,38.847,-76.984
7976,6D122208,Single_Gunshot,2014-08-20,23:46:49,WashingtonDC6D,38.892,-76.95
7977,7D157620,Multiple_Gunshots,2014-08-20,23:51:11,WashingtonDC7D,38.829,-76.987
7978,7D157621,Multiple_Gunshots,2014-08-20,23:51:15,WashingtonDC7D,38.831,-76.988
7979,7D157622,Multiple_Gunshots,2014-08-20,23:55:17,WashingtonDC7D,38.85,-76.973
7980,7D157623,Multiple_Gunshots,2014-08-21,00:13:07,WashingtonDC7D,38.83,-77.004
7981,6D122210,Single_Gunshot,2014-08-21,00:39:51,WashingtonDC6D,38.893,-76.937
7982,6D122211,Single_Gunshot,2014-08-21,00:57:15,WashingtonDC6D,38.885,-76.951
7983,6D122212,Single_Gunshot,2014-08-21,01:00:14,WashingtonDC6D,38.893,-76.953
7984,7D157626,Single_Gunshot,2014-08-21,01:45:46,WashingtonDC7D,38.848,-77.001
7985,7D157627,Single_Gunshot,2014-08-21,02:13:22,WashingtonDC7D,38.851,-76.97
7986,7D157628,Single_Gunshot,2014-08-21,02:14:23,WashingtonDC7D,38.829,-77.003
7987,7D157632,Multiple_Gunshots,2014-08-21,13:48:31,WashingtonDC7D,38.859,-76.989
7988,7D157637,Multiple_Gunshots,2014-08-21,21:27:58,WashingtonDC7D,38.854,-76.989
7989,1D63138,Single_Gunshot,2014-08-21,22:15:44,WashingtonDC1D,38.897,-76.981
7990,7D157638,Single_Gunshot,2014-08-21,22:30:22,WashingtonDC7D,38.821,-77.01
7991,6D122235,Multiple_Gunshots,2014-08-21,23:23:07,WashingtonDC6D,38.886,-76.95
7992,4D41205,Multiple_Gunshots,2014-08-21,23:49:57,WashingtonDC4D,38.955,-77.024
7993,6D122236,Multiple_Gunshots,2014-08-22,00:08:21,WashingtonDC6D,38.894,-76.919
7994,6D122238,Single_Gunshot,2014-08-22,01:40:54,WashingtonDC6D,38.904,-76.951
7995,6D122239,Single_Gunshot,2014-08-22,01:42:55,WashingtonDC6D,38.904,-76.951
7996,6D122240,Multiple_Gunshots,2014-08-22,02:51:07,WashingtonDC6D,38.885,-76.953
7997,7D157644,Single_Gunshot,2014-08-22,04:10:47,WashingtonDC7D,38.857,-76.974
7998,7D157660,Multiple_Gunshots,2014-08-22,20:51:45,WashingtonDC7D,38.855,-76.982
7999,6D122254,Single_Gunshot,2014-08-22,22:40:52,WashingtonDC6D,38.894,-76.926
8000,7D157662,Multiple_Gunshots,2014-08-22,23:30:26,WashingtonDC7D,38.86,-76.992
8001,4D41212,Single_Gunshot,2014-08-22,23:35:31,WashingtonDC4D,38.959,-77.025
8002,7D157663,Single_Gunshot,2014-08-23,00:56:41,WashingtonDC7D,38.86,-76.99
8003,5D46944,Multiple_Gunshots,2014-08-23,01:14:08,WashingtonDC5D,38.914,-77.0
8004,6D122255,Multiple_Gunshots,2014-08-23,01:46:06,WashingtonDC6D,38.877,-76.967
8005,6D122256,Single_Gunshot,2014-08-23,02:16:43,WashingtonDC6D,38.888,-76.955
8006,6D122257,Single_Gunshot,2014-08-23,02:17:01,WashingtonDC6D,38.872,-76.935
8007,5D46945,Single_Gunshot,2014-08-23,02:45:33,WashingtonDC5D,38.937,-76.97
8008,1D63145,Single_Gunshot,2014-08-23,02:49:37,WashingtonDC1D,38.898,-76.977
8009,6D122258,Single_Gunshot,2014-08-23,03:10:39,WashingtonDC6D,38.894,-76.941
8010,7D157664,Single_Gunshot,2014-08-23,03:25:27,WashingtonDC7D,38.848,-76.971
8011,6D122259,Single_Gunshot,2014-08-23,03:26:20,WashingtonDC6D,38.886,-76.956
8012,5D46948,Gunshot_or_Firecracker,2014-08-23,03:56:11,WashingtonDC5D,38.914,-77.0
8013,6D122265,Single_Gunshot,2014-08-23,08:01:55,WashingtonDC6D,38.89,-76.939
8014,7D157675,Multiple_Gunshots,2014-08-23,16:18:54,WashingtonDC7D,38.842,-76.989
8015,6D122289,Multiple_Gunshots,2014-08-23,20:13:57,WashingtonDC6D,38.91,-76.918
8016,6D122295,Single_Gunshot,2014-08-23,21:51:51,WashingtonDC6D,38.873,-76.966
8017,4D41215,Multiple_Gunshots,2014-08-23,23:08:36,WashingtonDC4D,38.956,-77.023
8018,7D157676,Single_Gunshot,2014-08-23,23:17:47,WashingtonDC7D,38.828,-77.002
8019,7D157677,Multiple_Gunshots,2014-08-24,00:06:54,WashingtonDC7D,38.849,-76.958
8020,6D122298,Single_Gunshot,2014-08-24,00:28:31,WashingtonDC6D,38.856,-76.991
8021,7D157680,Single_Gunshot,2014-08-24,00:59:01,WashingtonDC7D,38.828,-77.002
8022,7D157681,Single_Gunshot,2014-08-24,01:23:03,WashingtonDC7D,38.835,-77.004
8023,6D122299,Multiple_Gunshots,2014-08-24,01:43:42,WashingtonDC6D,38.899,-76.919
8024,6D122300,Single_Gunshot,2014-08-24,01:44:20,WashingtonDC6D,38.899,-76.918
8025,4D41217,Gunshot_or_Firecracker,2014-08-24,01:50:38,WashingtonDC4D,38.95,-77.027
8026,7D157682,Multiple_Gunshots,2014-08-24,02:18:03,WashingtonDC7D,38.833,-77.006
8027,7D157684,Multiple_Gunshots,2014-08-24,03:18:37,WashingtonDC7D,38.847,-76.984
8028,6D122301,Single_Gunshot,2014-08-24,04:16:07,WashingtonDC6D,38.89,-76.913
8029,3D48269,Multiple_Gunshots,2014-08-24,04:31:55,WashingtonDC3D,38.935,-77.026
8030,7D157685,Multiple_Gunshots,2014-08-24,04:58:38,WashingtonDC7D,38.847,-76.972
8031,4D41218,Multiple_Gunshots,2014-08-24,06:37:39,WashingtonDC4D,38.954,-77.019
8032,7D157687,Multiple_Gunshots,2014-08-24,11:53:49,WashingtonDC7D,38.854,-76.97
8033,6D122308,Multiple_Gunshots,2014-08-24,12:21:58,WashingtonDC6D,38.877,-76.953
8034,7D157688,Multiple_Gunshots,2014-08-24,13:10:38,WashingtonDC7D,38.861,-76.987
8035,6D122325,Gunshot_or_Firecracker,2014-08-24,20:17:37,WashingtonDC6D,38.887,-76.951
8036,6D122326,Multiple_Gunshots,2014-08-24,20:25:29,WashingtonDC6D,38.893,-76.916
8037,7D157707,Multiple_Gunshots,2014-08-24,21:09:19,WashingtonDC7D,38.858,-76.974
8038,6D122351,Multiple_Gunshots,2014-08-24,22:34:03,WashingtonDC6D,38.889,-76.92
8039,1D63163,Single_Gunshot,2014-08-24,22:59:19,WashingtonDC1D,38.874,-77.012
8040,7D157708,Single_Gunshot,2014-08-24,23:18:41,WashingtonDC7D,38.845,-76.983
8041,1D63164,Single_Gunshot,2014-08-24,23:26:20,WashingtonDC1D,38.874,-77.013
8042,3D48277,Single_Gunshot,2014-08-25,01:04:15,WashingtonDC3D,38.916,-77.021
8043,5D46961,Single_Gunshot,2014-08-25,01:04:17,WashingtonDC5D,38.916,-77.021
8044,6D122360,Multiple_Gunshots,2014-08-25,02:21:28,WashingtonDC6D,38.885,-76.956
8045,6D122361,Multiple_Gunshots,2014-08-25,02:32:31,WashingtonDC6D,38.881,-76.934
8046,7D157709,Single_Gunshot,2014-08-25,02:59:43,WashingtonDC7D,38.846,-76.998
8047,6D122363,Multiple_Gunshots,2014-08-25,04:53:20,WashingtonDC6D,38.895,-76.929
8048,6D122364,Single_Gunshot,2014-08-25,04:53:28,WashingtonDC6D,38.895,-76.929
8049,6D122367,Multiple_Gunshots,2014-08-25,04:53:33,WashingtonDC6D,38.895,-76.929
8050,5D46963,Multiple_Gunshots,2014-08-25,14:11:06,WashingtonDC5D,38.907,-76.988
8051,6D122400,Single_Gunshot,2014-08-25,22:42:06,WashingtonDC6D,38.889,-76.961
8052,6D122401,Multiple_Gunshots,2014-08-25,23:00:42,WashingtonDC6D,38.88,-76.93
8053,7D157718,Single_Gunshot,2014-08-26,00:22:41,WashingtonDC7D,38.834,-76.988
8054,7D157720,Multiple_Gunshots,2014-08-26,00:47:47,WashingtonDC7D,38.858,-76.974
8055,7D157721,Multiple_Gunshots,2014-08-26,00:47:54,WashingtonDC7D,38.853,-76.973
8056,7D157722,Multiple_Gunshots,2014-08-26,00:48:25,WashingtonDC7D,38.856,-76.974
8057,6D122404,Single_Gunshot,2014-08-26,00:59:08,WashingtonDC6D,38.884,-76.951
8058,6D122406,Single_Gunshot,2014-08-26,01:47:42,WashingtonDC6D,38.889,-76.957
8059,6D122408,Single_Gunshot,2014-08-26,02:45:53,WashingtonDC6D,38.886,-76.951
8060,6D122424,Multiple_Gunshots,2014-08-26,16:16:52,WashingtonDC6D,38.879,-76.929
8061,3D48289,Single_Gunshot,2014-08-26,21:26:53,WashingtonDC3D,38.904,-77.01
8062,7D157737,Single_Gunshot,2014-08-26,22:01:45,WashingtonDC7D,38.828,-77.006
8063,6D122430,Single_Gunshot,2014-08-26,23:53:55,WashingtonDC6D,38.889,-76.96
8064,7D157742,Single_Gunshot,2014-08-26,23:55:10,WashingtonDC7D,38.842,-76.986
8065,6D122431,Multiple_Gunshots,2014-08-27,01:46:10,WashingtonDC6D,38.886,-76.951
8066,6D122433,Single_Gunshot,2014-08-27,02:21:55,WashingtonDC6D,38.903,-76.934
8067,7D157743,Single_Gunshot,2014-08-27,03:15:42,WashingtonDC7D,38.851,-76.969
8068,6D122434,Single_Gunshot,2014-08-27,04:01:01,WashingtonDC6D,38.886,-76.952
8069,6D122436,Multiple_Gunshots,2014-08-27,13:44:08,WashingtonDC6D,38.897,-76.92
8070,7D157751,Single_Gunshot,2014-08-27,18:16:32,WashingtonDC7D,38.847,-76.973
8071,6D122451,Multiple_Gunshots,2014-08-27,20:49:05,WashingtonDC6D,38.893,-76.958
8072,6D122454,Multiple_Gunshots,2014-08-27,21:45:50,WashingtonDC6D,38.885,-76.953
8073,6D122455,Gunshot_or_Firecracker,2014-08-27,21:57:47,WashingtonDC6D,38.896,-76.945
8074,6D122456,Single_Gunshot,2014-08-27,21:58:01,WashingtonDC6D,38.896,-76.945
8075,7D157761,Single_Gunshot,2014-08-27,22:12:40,WashingtonDC7D,38.856,-76.974
8076,5D46986,Gunshot_or_Firecracker,2014-08-28,01:23:10,WashingtonDC5D,38.914,-77.0
8077,6D122457,Single_Gunshot,2014-08-28,03:51:20,WashingtonDC6D,38.887,-76.926
8078,7D157762,Single_Gunshot,2014-08-28,04:25:48,WashingtonDC7D,38.845,-76.982
8079,4D41239,Gunshot_or_Firecracker,2014-08-28,08:26:37,WashingtonDC4D,38.945,-77.032
8080,1D63195,Single_Gunshot,2014-08-28,19:10:46,WashingtonDC1D,38.903,-76.999
8081,5D46996,Multiple_Gunshots,2014-08-28,19:52:59,WashingtonDC5D,38.908,-76.983
8082,7D157771,Multiple_Gunshots,2014-08-28,20:32:39,WashingtonDC7D,38.823,-77.007
8083,7D157772,Multiple_Gunshots,2014-08-28,20:32:45,WashingtonDC7D,38.823,-77.007
8084,6D122471,Multiple_Gunshots,2014-08-28,21:52:14,WashingtonDC6D,38.898,-76.919
8085,7D157783,Multiple_Gunshots,2014-08-28,22:02:22,WashingtonDC7D,38.848,-76.969
8086,7D157784,Multiple_Gunshots,2014-08-28,22:02:45,WashingtonDC7D,38.844,-76.979
8087,6D122477,Single_Gunshot,2014-08-28,22:58:50,WashingtonDC6D,38.894,-76.958
8088,6D122478,Single_Gunshot,2014-08-28,23:44:46,WashingtonDC6D,38.901,-76.938
8089,1D63209,Single_Gunshot,2014-08-29,05:13:27,WashingtonDC1D,38.895,-76.973
8090,6D122486,Multiple_Gunshots,2014-08-29,20:18:11,WashingtonDC6D,38.866,-76.934
8091,7D157811,Single_Gunshot,2014-08-29,21:43:34,WashingtonDC7D,38.843,-76.986
8092,7D157843,Gunshot_or_Firecracker,2014-08-29,22:19:39,WashingtonDC7D,38.838,-77.005
8093,7D157844,Gunshot_or_Firecracker,2014-08-29,22:31:34,WashingtonDC7D,38.837,-76.992
8094,6D122503,Single_Gunshot,2014-08-29,23:01:46,WashingtonDC6D,38.868,-76.967
8095,6D122507,Single_Gunshot,2014-08-30,00:04:37,WashingtonDC6D,38.903,-76.915
8096,7D157849,Single_Gunshot,2014-08-30,00:12:43,WashingtonDC7D,38.842,-76.987
8097,6D122508,Single_Gunshot,2014-08-30,00:50:33,WashingtonDC6D,38.886,-76.95
8098,6D122509,Single_Gunshot,2014-08-30,01:32:40,WashingtonDC6D,38.894,-76.93
8099,6D122510,Multiple_Gunshots,2014-08-30,01:35:52,WashingtonDC6D,38.903,-76.934
8100,4D41246,Single_Gunshot,2014-08-30,01:43:53,WashingtonDC4D,38.934,-77.021
8101,6D122511,Single_Gunshot,2014-08-30,01:50:29,WashingtonDC6D,38.886,-76.953
8102,6D122512,Single_Gunshot,2014-08-30,02:01:08,WashingtonDC6D,38.867,-76.975
8103,7D157850,Multiple_Gunshots,2014-08-30,02:30:21,WashingtonDC7D,38.857,-76.994
8104,7D157851,Multiple_Gunshots,2014-08-30,02:30:40,WashingtonDC7D,38.859,-76.998
8105,7D157852,Multiple_Gunshots,2014-08-30,02:34:03,WashingtonDC7D,38.851,-76.975
8106,1D63221,Multiple_Gunshots,2014-08-30,02:44:25,WashingtonDC1D,38.902,-76.976
8107,7D157853,Single_Gunshot,2014-08-30,03:00:37,WashingtonDC7D,38.848,-76.971
8108,7D157854,Multiple_Gunshots,2014-08-30,03:01:20,WashingtonDC7D,38.848,-76.971
8109,7D157855,Single_Gunshot,2014-08-30,03:01:56,WashingtonDC7D,38.848,-76.969
8110,7D157856,Multiple_Gunshots,2014-08-30,03:18:39,WashingtonDC7D,38.848,-76.962
8111,3D48304,Single_Gunshot,2014-08-30,03:21:37,WashingtonDC3D,38.915,-77.021
8112,7D157857,Single_Gunshot,2014-08-30,03:25:02,WashingtonDC7D,38.848,-76.969
8113,6D122513,Multiple_Gunshots,2014-08-30,03:33:59,WashingtonDC6D,38.9,-76.947
8114,6D122524,Multiple_Gunshots,2014-08-30,18:46:49,WashingtonDC6D,38.878,-76.919
8115,6D122529,Multiple_Gunshots,2014-08-30,20:01:44,WashingtonDC6D,38.88,-76.916
8116,7D157887,Multiple_Gunshots,2014-08-30,20:08:27,WashingtonDC7D,38.839,-76.972
8117,6D122535,Multiple_Gunshots,2014-08-30,20:54:29,WashingtonDC6D,38.891,-76.923
8118,3D48307,Multiple_Gunshots,2014-08-30,22:59:35,WashingtonDC3D,38.909,-77.02
8119,6D122537,Single_Gunshot,2014-08-30,23:09:02,WashingtonDC6D,38.876,-76.948
8120,7D157899,Single_Gunshot,2014-08-30,23:43:47,WashingtonDC7D,38.843,-76.986
8121,7D157901,Single_Gunshot,2014-08-30,23:45:14,WashingtonDC7D,38.843,-76.986
8122,6D122545,Multiple_Gunshots,2014-08-31,00:16:36,WashingtonDC6D,38.894,-76.937
8123,1D63223,Multiple_Gunshots,2014-08-31,02:06:07,WashingtonDC1D,38.875,-77.011
8124,1D63224,Single_Gunshot,2014-08-31,02:06:19,WashingtonDC1D,38.875,-77.011
8125,1D63225,Single_Gunshot,2014-08-31,02:06:21,WashingtonDC1D,38.875,-77.011
8126,4D41252,Multiple_Gunshots,2014-08-31,03:17:27,WashingtonDC4D,38.957,-77.028
8127,6D122546,Multiple_Gunshots,2014-08-31,04:29:49,WashingtonDC6D,38.884,-76.928
8128,6D122547,Single_Gunshot,2014-08-31,04:31:23,WashingtonDC6D,38.876,-76.97
8129,6D122548,Gunshot_or_Firecracker,2014-08-31,05:04:33,WashingtonDC6D,38.886,-76.952
8130,1D63226,Multiple_Gunshots,2014-08-31,05:31:31,WashingtonDC1D,38.874,-77.01
8131,7D157912,Multiple_Gunshots,2014-08-31,22:47:15,WashingtonDC7D,38.844,-76.979
8132,7D157915,Single_Gunshot,2014-09-01,01:41:32,WashingtonDC7D,38.83,-77.002
8133,6D122553,Multiple_Gunshots,2014-09-01,16:51:09,WashingtonDC6D,38.881,-76.93
8134,7D157924,Multiple_Gunshots,2014-09-01,20:34:38,WashingtonDC7D,38.855,-76.987
8135,7D157929,Single_Gunshot,2014-09-01,20:53:07,WashingtonDC7D,38.832,-77.01
8136,7D157931,Gunshot_or_Firecracker,2014-09-01,20:54:04,WashingtonDC7D,38.832,-77.01
8137,7D157932,Gunshot_or_Firecracker,2014-09-01,20:54:29,WashingtonDC7D,38.832,-77.01
8138,7D157933,Single_Gunshot,2014-09-01,20:55:15,WashingtonDC7D,38.832,-77.01
8139,7D157935,Single_Gunshot,2014-09-01,20:55:55,WashingtonDC7D,38.832,-77.01
8140,1D63228,Multiple_Gunshots,2014-09-01,21:07:54,WashingtonDC1D,38.887,-76.965
8141,6D122629,Single_Gunshot,2014-09-01,22:58:26,WashingtonDC6D,38.871,-76.926
8142,6D122630,Multiple_Gunshots,2014-09-01,23:04:17,WashingtonDC6D,38.875,-76.931
8143,6D122631,Single_Gunshot,2014-09-01,23:05:13,WashingtonDC6D,38.877,-76.932
8144,7D157953,Multiple_Gunshots,2014-09-01,23:34:07,WashingtonDC7D,38.843,-76.987
8145,6D122632,Multiple_Gunshots,2014-09-02,00:14:33,WashingtonDC6D,38.88,-76.93
8146,7D157954,Multiple_Gunshots,2014-09-02,00:27:42,WashingtonDC7D,38.826,-77.006
8147,7D157955,Single_Gunshot,2014-09-02,00:30:41,WashingtonDC7D,38.859,-77.001
8148,7D157956,Single_Gunshot,2014-09-02,00:33:33,WashingtonDC7D,38.837,-77.004
8149,6D122633,Multiple_Gunshots,2014-09-02,01:04:38,WashingtonDC6D,38.887,-76.953
8150,6D122634,Single_Gunshot,2014-09-02,01:35:54,WashingtonDC6D,38.901,-76.947
8151,6D122635,Single_Gunshot,2014-09-02,01:53:14,WashingtonDC6D,38.893,-76.944
8152,5D47047,Multiple_Gunshots,2014-09-02,02:18:51,WashingtonDC5D,38.907,-76.984
8153,7D157958,Multiple_Gunshots,2014-09-02,02:55:54,WashingtonDC7D,38.834,-77.002
8154,7D157961,Single_Gunshot,2014-09-02,04:23:16,WashingtonDC7D,38.827,-77.0
8155,7D157964,Single_Gunshot,2014-09-02,17:12:42,WashingtonDC7D,38.846,-76.972
8156,7D157978,Multiple_Gunshots,2014-09-02,21:46:52,WashingtonDC7D,38.845,-76.979
8157,6D122651,Single_Gunshot,2014-09-02,21:48:10,WashingtonDC6D,38.906,-76.925
8158,6D122652,Single_Gunshot,2014-09-02,21:49:35,WashingtonDC6D,38.905,-76.925
8159,6D122653,Single_Gunshot,2014-09-02,21:50:31,WashingtonDC6D,38.905,-76.926
8160,6D122655,Single_Gunshot,2014-09-02,21:53:39,WashingtonDC6D,38.905,-76.925
8161,7D157979,Multiple_Gunshots,2014-09-02,22:05:49,WashingtonDC7D,38.845,-76.973
8162,7D157980,Multiple_Gunshots,2014-09-02,22:05:56,WashingtonDC7D,38.849,-76.97
8163,7D157981,Single_Gunshot,2014-09-02,22:05:57,WashingtonDC7D,38.845,-76.973
8164,7D157982,Single_Gunshot,2014-09-02,22:14:23,WashingtonDC7D,38.848,-76.975
8165,7D157983,Single_Gunshot,2014-09-02,22:53:04,WashingtonDC7D,38.846,-76.972
8166,7D157984,Multiple_Gunshots,2014-09-02,23:13:08,WashingtonDC7D,38.842,-76.991
8167,7D157985,Single_Gunshot,2014-09-03,02:55:28,WashingtonDC7D,38.841,-76.992
8168,7D157990,Multiple_Gunshots,2014-09-03,14:52:35,WashingtonDC7D,38.832,-77.008
8169,1D63241,Multiple_Gunshots,2014-09-03,15:20:32,WashingtonDC1D,38.879,-77.027
8170,6D122673,Multiple_Gunshots,2014-09-03,15:40:14,WashingtonDC6D,38.859,-76.996
8171,1D63245,Gunshot_or_Firecracker,2014-09-03,17:36:47,WashingtonDC1D,38.887,-76.969
8172,1D63248,Single_Gunshot,2014-09-03,18:24:25,WashingtonDC1D,38.887,-76.969
8173,1D63249,Gunshot_or_Firecracker,2014-09-03,18:37:46,WashingtonDC1D,38.887,-76.969
8174,1D63250,Single_Gunshot,2014-09-03,18:57:56,WashingtonDC1D,38.887,-76.969
8175,1D63251,Single_Gunshot,2014-09-03,19:02:03,WashingtonDC1D,38.887,-76.969
8176,5D47066,Multiple_Gunshots,2014-09-03,19:10:04,WashingtonDC5D,38.908,-76.992
8177,1D63253,Single_Gunshot,2014-09-03,19:33:55,WashingtonDC1D,38.887,-76.969
8178,6D122688,Single_Gunshot,2014-09-03,22:01:19,WashingtonDC6D,38.897,-76.939
8179,6D122689,Single_Gunshot,2014-09-03,22:02:49,WashingtonDC6D,38.898,-76.939
8180,6D122693,Gunshot_or_Firecracker,2014-09-03,22:42:11,WashingtonDC6D,38.893,-76.92
8181,6D122694,Single_Gunshot,2014-09-03,23:38:17,WashingtonDC6D,38.894,-76.923
8182,6D122695,Single_Gunshot,2014-09-03,23:41:08,WashingtonDC6D,38.897,-76.94
8183,6D122697,Single_Gunshot,2014-09-04,01:02:09,WashingtonDC6D,38.876,-76.929
8184,6D122698,Gunshot_or_Firecracker,2014-09-04,01:16:26,WashingtonDC6D,38.905,-76.919
8185,1D63261,Single_Gunshot,2014-09-04,02:16:11,WashingtonDC1D,38.892,-76.971
8186,1D63263,Single_Gunshot,2014-09-04,03:11:41,WashingtonDC1D,38.891,-76.977
8187,7D157995,Single_Gunshot,2014-09-04,04:44:40,WashingtonDC7D,38.829,-77.002
8188,5D47075,Gunshot_or_Firecracker,2014-09-04,09:01:36,WashingtonDC5D,38.91,-76.994
8189,7D158000,Multiple_Gunshots,2014-09-04,10:33:53,WashingtonDC7D,38.835,-76.985
8190,6D122705,Multiple_Gunshots,2014-09-04,12:58:43,WashingtonDC6D,38.882,-76.926
8191,6D122711,Single_Gunshot,2014-09-04,21:19:02,WashingtonDC6D,38.901,-76.928
8192,6D122712,Single_Gunshot,2014-09-04,21:19:22,WashingtonDC6D,38.9,-76.928
8193,6D122713,Multiple_Gunshots,2014-09-04,21:19:34,WashingtonDC6D,38.901,-76.928
8194,6D122714,Multiple_Gunshots,2014-09-04,21:35:52,WashingtonDC6D,38.879,-76.932
8195,6D122715,Multiple_Gunshots,2014-09-04,21:49:55,WashingtonDC6D,38.9,-76.928
8196,7D158004,Single_Gunshot,2014-09-05,06:02:04,WashingtonDC7D,38.854,-76.999
8197,7D158008,Single_Gunshot,2014-09-05,19:20:51,WashingtonDC7D,38.857,-76.991
8198,7D158015,Single_Gunshot,2014-09-05,21:15:05,WashingtonDC7D,38.848,-76.969
8199,6D122724,Multiple_Gunshots,2014-09-05,21:31:30,WashingtonDC6D,38.885,-76.936
8200,7D158025,Multiple_Gunshots,2014-09-05,22:51:32,WashingtonDC7D,38.861,-76.998
8201,7D158027,Single_Gunshot,2014-09-05,22:52:16,WashingtonDC7D,38.821,-77.006
8202,7D158030,Multiple_Gunshots,2014-09-05,23:43:14,WashingtonDC7D,38.848,-76.957
8203,5D47083,Multiple_Gunshots,2014-09-06,00:09:37,WashingtonDC5D,38.905,-76.988
8204,5D47084,Multiple_Gunshots,2014-09-06,00:49:57,WashingtonDC5D,38.904,-76.986
8205,7D158031,Multiple_Gunshots,2014-09-06,01:25:55,WashingtonDC7D,38.861,-76.988
8206,7D158032,Multiple_Gunshots,2014-09-06,01:26:00,WashingtonDC7D,38.859,-76.989
8207,7D158033,Multiple_Gunshots,2014-09-06,01:33:24,WashingtonDC7D,38.818,-77.009
8208,6D122728,Single_Gunshot,2014-09-06,02:12:10,WashingtonDC6D,38.879,-76.927
8209,6D122729,Single_Gunshot,2014-09-06,02:18:21,WashingtonDC6D,38.885,-76.95
8210,4D41287,Multiple_Gunshots,2014-09-06,03:31:02,WashingtonDC4D,38.955,-77.025
8211,6D122730,Single_Gunshot,2014-09-06,04:35:27,WashingtonDC6D,38.901,-76.954
8212,1D63279,Multiple_Gunshots,2014-09-06,19:56:40,WashingtonDC1D,38.899,-76.978
8213,7D158043,Multiple_Gunshots,2014-09-06,20:45:42,WashingtonDC7D,38.858,-76.996
8214,7D158044,Multiple_Gunshots,2014-09-06,21:20:14,WashingtonDC7D,38.86,-76.99
8215,7D158046,Single_Gunshot,2014-09-06,21:55:42,WashingtonDC7D,38.836,-76.993
8216,7D158065,Multiple_Gunshots,2014-09-06,22:38:54,WashingtonDC7D,38.841,-76.991
8217,6D122750,Multiple_Gunshots,2014-09-06,22:55:15,WashingtonDC6D,38.89,-76.96
8218,7D158072,Single_Gunshot,2014-09-06,23:57:14,WashingtonDC7D,38.831,-77.006
8219,7D158073,Single_Gunshot,2014-09-07,01:07:28,WashingtonDC7D,38.835,-77.007
8220,3D48335,Multiple_Gunshots,2014-09-07,01:31:45,WashingtonDC3D,38.937,-77.026
8221,7D158074,Single_Gunshot,2014-09-07,02:24:41,WashingtonDC7D,38.847,-77.004
8222,7D158075,Single_Gunshot,2014-09-07,04:06:46,WashingtonDC7D,38.85,-76.971
8223,6D122769,Single_Gunshot,2014-09-07,21:56:50,WashingtonDC6D,38.899,-76.939
8224,7D158080,Multiple_Gunshots,2014-09-07,22:20:52,WashingtonDC7D,38.844,-76.978
8225,6D122770,Multiple_Gunshots,2014-09-07,22:27:13,WashingtonDC6D,38.885,-76.95
8226,1D63284,Single_Gunshot,2014-09-07,22:45:29,WashingtonDC1D,38.89,-76.988
8227,6D122771,Single_Gunshot,2014-09-08,00:24:20,WashingtonDC6D,38.881,-76.93
8228,6D122772,Multiple_Gunshots,2014-09-08,00:51:14,WashingtonDC6D,38.879,-76.965
8229,6D122773,Single_Gunshot,2014-09-08,02:23:41,WashingtonDC6D,38.891,-76.912
8230,6D122774,Single_Gunshot,2014-09-08,03:55:10,WashingtonDC6D,38.876,-76.978
8231,5D47096,Single_Gunshot,2014-09-08,04:27:52,WashingtonDC5D,38.92,-76.99
8232,7D158092,Multiple_Gunshots,2014-09-08,11:22:14,WashingtonDC7D,38.831,-76.999
8233,7D158096,Multiple_Gunshots,2014-09-08,16:37:32,WashingtonDC7D,38.862,-76.994
8234,1D63295,Single_Gunshot,2014-09-08,23:23:11,WashingtonDC1D,38.902,-76.978
8235,1D63296,Single_Gunshot,2014-09-08,23:39:16,WashingtonDC1D,38.899,-76.982
8236,6D122785,Multiple_Gunshots,2014-09-09,00:45:20,WashingtonDC6D,38.887,-76.955
8237,1D63297,Single_Gunshot,2014-09-09,03:54:55,WashingtonDC1D,38.899,-76.981
8238,7D158109,Single_Gunshot,2014-09-09,23:09:44,WashingtonDC7D,38.849,-76.972
8239,6D122812,Single_Gunshot,2014-09-10,00:03:39,WashingtonDC6D,38.905,-76.933
8240,6D122813,Single_Gunshot,2014-09-10,00:03:57,WashingtonDC6D,38.905,-76.933
8241,6D122814,Single_Gunshot,2014-09-10,00:05:12,WashingtonDC6D,38.905,-76.933
8242,7D158110,Multiple_Gunshots,2014-09-10,00:13:58,WashingtonDC7D,38.845,-76.972
8243,7D158111,Multiple_Gunshots,2014-09-10,00:14:05,WashingtonDC7D,38.845,-76.972
8244,6D122815,Multiple_Gunshots,2014-09-10,01:51:06,WashingtonDC6D,38.885,-76.953
8245,7D158112,Single_Gunshot,2014-09-10,02:29:24,WashingtonDC7D,38.856,-76.971
8246,7D158113,Multiple_Gunshots,2014-09-10,02:29:55,WashingtonDC7D,38.856,-76.971
8247,7D158114,Multiple_Gunshots,2014-09-10,03:05:18,WashingtonDC7D,38.865,-76.979
8248,6D122816,Multiple_Gunshots,2014-09-10,03:05:18,WashingtonDC6D,38.865,-76.979
8249,6D122817,Multiple_Gunshots,2014-09-10,03:16:01,WashingtonDC6D,38.907,-76.95
8250,6D122831,Multiple_Gunshots,2014-09-10,20:29:00,WashingtonDC6D,38.893,-76.919
8251,6D122833,Single_Gunshot,2014-09-10,21:44:06,WashingtonDC6D,38.884,-76.923
8252,6D122834,Single_Gunshot,2014-09-10,21:45:05,WashingtonDC6D,38.884,-76.923
8253,6D122835,Single_Gunshot,2014-09-10,21:46:44,WashingtonDC6D,38.884,-76.923
8254,5D47108,Multiple_Gunshots,2014-09-10,23:09:03,WashingtonDC5D,38.907,-76.984
8255,7D158121,Multiple_Gunshots,2014-09-10,23:20:11,WashingtonDC7D,38.858,-76.997
8256,5D47109,Multiple_Gunshots,2014-09-11,00:01:12,WashingtonDC5D,38.901,-76.976
8257,1D63322,Multiple_Gunshots,2014-09-11,00:01:12,WashingtonDC1D,38.901,-76.976
8258,5D47110,Multiple_Gunshots,2014-09-11,00:01:21,WashingtonDC5D,38.901,-76.976
8259,1D63323,Single_Gunshot,2014-09-11,00:01:24,WashingtonDC1D,38.901,-76.976
8260,1D63324,Multiple_Gunshots,2014-09-11,00:01:26,WashingtonDC1D,38.901,-76.976
8261,7D158122,Multiple_Gunshots,2014-09-11,00:31:03,WashingtonDC7D,38.843,-76.987
8262,6D122837,Single_Gunshot,2014-09-11,00:55:53,WashingtonDC6D,38.887,-76.951
8263,6D122838,Multiple_Gunshots,2014-09-11,00:57:00,WashingtonDC6D,38.888,-76.951
8264,6D122839,Single_Gunshot,2014-09-11,03:15:34,WashingtonDC6D,38.88,-76.93
8265,6D122840,Multiple_Gunshots,2014-09-11,03:17:39,WashingtonDC6D,38.896,-76.925
8266,7D158124,Multiple_Gunshots,2014-09-11,09:49:25,WashingtonDC7D,38.851,-76.966
8267,7D158125,Single_Gunshot,2014-09-11,09:49:33,WashingtonDC7D,38.851,-76.966
8268,7D158126,Multiple_Gunshots,2014-09-11,09:49:40,WashingtonDC7D,38.851,-76.966
8269,7D158128,Single_Gunshot,2014-09-11,09:50:07,WashingtonDC7D,38.852,-76.966
8270,7D158129,Multiple_Gunshots,2014-09-11,09:50:14,WashingtonDC7D,38.852,-76.966
8271,7D158130,Multiple_Gunshots,2014-09-11,11:01:01,WashingtonDC7D,38.842,-76.986
8272,7D158135,Multiple_Gunshots,2014-09-11,16:57:19,WashingtonDC7D,38.842,-76.985
8273,6D122843,Single_Gunshot,2014-09-11,22:09:37,WashingtonDC6D,38.902,-76.937
8274,7D158139,Gunshot_or_Firecracker,2014-09-11,23:25:45,WashingtonDC7D,38.857,-76.973
8275,6D122844,Single_Gunshot,2014-09-12,00:09:10,WashingtonDC6D,38.907,-76.927
8276,6D122845,Single_Gunshot,2014-09-12,02:58:56,WashingtonDC6D,38.884,-76.931
8277,6D122846,Multiple_Gunshots,2014-09-12,03:10:35,WashingtonDC6D,38.879,-76.929
8278,4D41324,Gunshot_or_Firecracker,2014-09-12,19:09:34,WashingtonDC4D,38.948,-77.024
8279,7D158147,Single_Gunshot,2014-09-12,19:24:11,WashingtonDC7D,38.845,-76.978
8280,6D122853,Multiple_Gunshots,2014-09-12,22:24:38,WashingtonDC6D,38.88,-76.928
8281,6D122854,Multiple_Gunshots,2014-09-12,22:24:44,WashingtonDC6D,38.881,-76.927
8282,5D47123,Multiple_Gunshots,2014-09-12,23:30:31,WashingtonDC5D,38.902,-76.985
8283,1D63336,Multiple_Gunshots,2014-09-12,23:30:34,WashingtonDC1D,38.902,-76.985
8284,7D158159,Single_Gunshot,2014-09-12,23:36:52,WashingtonDC7D,38.843,-76.984
8285,7D158160,Multiple_Gunshots,2014-09-12,23:41:38,WashingtonDC7D,38.854,-76.973
8286,3D48360,Gunshot_or_Firecracker,2014-09-13,00:05:27,WashingtonDC3D,38.933,-77.046
8287,7D158161,Single_Gunshot,2014-09-13,00:37:13,WashingtonDC7D,38.856,-76.972
8288,7D158162,Multiple_Gunshots,2014-09-13,00:46:07,WashingtonDC7D,38.846,-76.998
8289,3D48361,Gunshot_or_Firecracker,2014-09-13,01:06:36,WashingtonDC3D,38.933,-77.046
8290,3D48362,Single_Gunshot,2014-09-13,01:06:59,WashingtonDC3D,38.933,-77.046
8291,3D48363,Single_Gunshot,2014-09-13,01:07:17,WashingtonDC3D,38.933,-77.046
8292,7D158163,Single_Gunshot,2014-09-13,01:09:38,WashingtonDC7D,38.876,-76.982
8293,7D158166,Multiple_Gunshots,2014-09-13,01:29:04,WashingtonDC7D,38.846,-76.999
8294,7D158167,Multiple_Gunshots,2014-09-13,01:29:10,WashingtonDC7D,38.846,-76.998
8295,6D122863,Single_Gunshot,2014-09-13,01:38:07,WashingtonDC6D,38.881,-76.932
8296,6D122864,Single_Gunshot,2014-09-13,01:57:44,WashingtonDC6D,38.886,-76.924
8297,5D47125,Multiple_Gunshots,2014-09-13,02:30:29,WashingtonDC5D,38.912,-76.988
8298,6D122865,Multiple_Gunshots,2014-09-13,03:38:27,WashingtonDC6D,38.896,-76.916
8299,6D122866,Multiple_Gunshots,2014-09-13,04:17:23,WashingtonDC6D,38.877,-76.931
8300,6D122867,Multiple_Gunshots,2014-09-13,05:33:00,WashingtonDC6D,38.875,-76.931
8301,6D122868,Single_Gunshot,2014-09-13,05:33:16,WashingtonDC6D,38.875,-76.93
8302,6D122869,Multiple_Gunshots,2014-09-13,05:33:38,WashingtonDC6D,38.875,-76.929
8303,6D122870,Multiple_Gunshots,2014-09-13,05:33:57,WashingtonDC6D,38.874,-76.931
8304,3D48366,Multiple_Gunshots,2014-09-13,14:09:38,WashingtonDC3D,38.908,-77.025
8305,7D158173,Multiple_Gunshots,2014-09-13,19:47:09,WashingtonDC7D,38.855,-76.97
8306,7D158188,Multiple_Gunshots,2014-09-13,21:31:24,WashingtonDC7D,38.83,-77.008
8307,6D122890,Single_Gunshot,2014-09-13,22:24:28,WashingtonDC6D,38.908,-76.935
8308,6D122891,Single_Gunshot,2014-09-13,22:58:12,WashingtonDC6D,38.877,-76.965
8309,4D41331,Single_Gunshot,2014-09-14,00:38:17,WashingtonDC4D,38.94,-77.03
8310,3D48369,Single_Gunshot,2014-09-14,00:38:18,WashingtonDC3D,38.939,-77.03
8311,7D158192,Multiple_Gunshots,2014-09-14,00:53:21,WashingtonDC7D,38.854,-76.972
8312,6D122895,Multiple_Gunshots,2014-09-14,01:19:20,WashingtonDC6D,38.887,-76.955
8313,5D47133,Single_Gunshot,2014-09-14,01:39:52,WashingtonDC5D,38.921,-76.982
8314,5D47134,Multiple_Gunshots,2014-09-14,01:40:13,WashingtonDC5D,38.921,-76.982
8315,5D47135,Multiple_Gunshots,2014-09-14,01:45:26,WashingtonDC5D,38.911,-77.009
8316,3D48370,Multiple_Gunshots,2014-09-14,01:45:27,WashingtonDC3D,38.911,-77.009
8317,7D158194,Multiple_Gunshots,2014-09-14,01:57:09,WashingtonDC7D,38.86,-76.998
8318,7D158195,Multiple_Gunshots,2014-09-14,01:57:36,WashingtonDC7D,38.859,-76.998
8319,3D48372,Single_Gunshot,2014-09-14,02:06:13,WashingtonDC3D,38.909,-77.022
8320,4D41333,Single_Gunshot,2014-09-14,02:45:45,WashingtonDC4D,38.953,-77.026
8321,7D158196,Single_Gunshot,2014-09-14,02:54:05,WashingtonDC7D,38.837,-76.991
8322,4D41334,Single_Gunshot,2014-09-14,02:56:42,WashingtonDC4D,38.953,-77.029
8323,7D158198,Single_Gunshot,2014-09-14,03:26:50,WashingtonDC7D,38.846,-77.003
8324,6D122900,Single_Gunshot,2014-09-14,03:45:41,WashingtonDC6D,38.883,-76.936
8325,6D122901,Multiple_Gunshots,2014-09-14,03:51:49,WashingtonDC6D,38.886,-76.948
8326,1D63341,Single_Gunshot,2014-09-14,03:54:55,WashingtonDC1D,38.899,-76.982
8327,4D41340,Multiple_Gunshots,2014-09-14,20:09:44,WashingtonDC4D,38.94,-77.026
8328,6D122922,Single_Gunshot,2014-09-14,23:41:08,WashingtonDC6D,38.891,-76.921
8329,6D122923,Multiple_Gunshots,2014-09-15,00:14:07,WashingtonDC6D,38.874,-76.956
8330,6D122929,Multiple_Gunshots,2014-09-15,00:14:33,WashingtonDC6D,38.874,-76.956
8331,6D122930,Single_Gunshot,2014-09-15,01:06:07,WashingtonDC6D,38.896,-76.915
8332,6D122931,Single_Gunshot,2014-09-15,01:19:19,WashingtonDC6D,38.905,-76.949
8333,6D122932,Multiple_Gunshots,2014-09-15,01:32:54,WashingtonDC6D,38.88,-76.93
8334,5D47147,Single_Gunshot,2014-09-15,02:55:01,WashingtonDC5D,38.918,-76.969
8335,7D158223,Single_Gunshot,2014-09-15,21:59:54,WashingtonDC7D,38.85,-76.964
8336,6D122946,Multiple_Gunshots,2014-09-16,01:30:23,WashingtonDC6D,38.907,-76.927
8337,6D122948,Multiple_Gunshots,2014-09-16,02:05:18,WashingtonDC6D,38.881,-76.931
8338,7D158225,Multiple_Gunshots,2014-09-16,09:27:58,WashingtonDC7D,38.842,-76.987
8339,7D158226,Multiple_Gunshots,2014-09-16,09:28:22,WashingtonDC7D,38.842,-76.988
8340,1D63366,Multiple_Gunshots,2014-09-16,18:36:01,WashingtonDC1D,38.891,-76.98
8341,7D158230,Multiple_Gunshots,2014-09-16,21:35:08,WashingtonDC7D,38.833,-77.003
8342,7D158232,Multiple_Gunshots,2014-09-16,22:53:29,WashingtonDC7D,38.863,-76.983
8343,1D63367,Multiple_Gunshots,2014-09-17,00:05:06,WashingtonDC1D,38.898,-76.978
8344,7D158233,Multiple_Gunshots,2014-09-17,00:08:55,WashingtonDC7D,38.846,-76.998
8345,7D158234,Single_Gunshot,2014-09-17,01:48:11,WashingtonDC7D,38.863,-76.989
8346,6D122959,Single_Gunshot,2014-09-17,01:57:27,WashingtonDC6D,38.886,-76.934
8347,7D158235,Multiple_Gunshots,2014-09-17,03:49:33,WashingtonDC7D,38.857,-76.973
8348,7D158236,Multiple_Gunshots,2014-09-17,03:49:48,WashingtonDC7D,38.854,-76.98
8349,6D122961,Multiple_Gunshots,2014-09-17,13:54:55,WashingtonDC6D,38.877,-76.96
8350,6D122968,Multiple_Gunshots,2014-09-17,21:40:05,WashingtonDC6D,38.876,-76.968
8351,7D158242,Gunshot_or_Firecracker,2014-09-17,21:52:32,WashingtonDC7D,38.827,-76.998
8352,7D158244,Single_Gunshot,2014-09-17,22:23:50,WashingtonDC7D,38.832,-76.986
8353,7D158245,Multiple_Gunshots,2014-09-17,22:23:59,WashingtonDC7D,38.832,-76.987
8354,1D63373,Single_Gunshot,2014-09-17,22:39:32,WashingtonDC1D,38.877,-77.011
8355,5D47163,Multiple_Gunshots,2014-09-17,22:49:38,WashingtonDC5D,38.917,-76.964
8356,3D48385,Multiple_Gunshots,2014-09-17,22:54:26,WashingtonDC3D,38.933,-77.024
8357,6D122970,Single_Gunshot,2014-09-18,00:04:36,WashingtonDC6D,38.878,-76.93
8358,4D41350,Single_Gunshot,2014-09-18,00:36:05,WashingtonDC4D,38.948,-77.027
8359,6D122971,Single_Gunshot,2014-09-18,01:08:30,WashingtonDC6D,38.863,-76.999
8360,4D41351,Single_Gunshot,2014-09-18,01:32:28,WashingtonDC4D,38.939,-77.025
8361,7D158246,Single_Gunshot,2014-09-18,04:45:05,WashingtonDC7D,38.826,-77.009
8362,5D47166,Multiple_Gunshots,2014-09-18,14:07:16,WashingtonDC5D,38.917,-76.988
8363,6D122985,Single_Gunshot,2014-09-18,21:51:18,WashingtonDC6D,38.901,-76.928
8364,7D158248,Multiple_Gunshots,2014-09-18,22:22:14,WashingtonDC7D,38.85,-76.973
8365,7D158249,Single_Gunshot,2014-09-18,23:02:17,WashingtonDC7D,38.847,-77.004
8366,7D158250,Single_Gunshot,2014-09-19,00:04:06,WashingtonDC7D,38.843,-76.988
8367,7D158252,Single_Gunshot,2014-09-19,00:54:59,WashingtonDC7D,38.844,-77.001
8368,7D158253,Single_Gunshot,2014-09-19,00:55:35,WashingtonDC7D,38.844,-77.001
8369,6D122987,Single_Gunshot,2014-09-19,02:17:27,WashingtonDC6D,38.89,-76.968
8370,1D63382,Single_Gunshot,2014-09-19,02:17:27,WashingtonDC1D,38.89,-76.967
8371,7D158254,Multiple_Gunshots,2014-09-19,02:52:47,WashingtonDC7D,38.872,-76.991
8372,6D122988,Multiple_Gunshots,2014-09-19,02:52:48,WashingtonDC6D,38.872,-76.991
8373,7D158255,Multiple_Gunshots,2014-09-19,02:59:37,WashingtonDC7D,38.856,-76.974
8374,1D63385,Multiple_Gunshots,2014-09-19,21:35:47,WashingtonDC1D,38.899,-76.977
8375,5D47168,Multiple_Gunshots,2014-09-19,22:15:29,WashingtonDC5D,38.898,-76.973
8376,1D63388,Single_Gunshot,2014-09-19,23:35:15,WashingtonDC1D,38.898,-76.97
8377,7D158274,Multiple_Gunshots,2014-09-20,00:29:47,WashingtonDC7D,38.854,-76.986
8378,6D122996,Multiple_Gunshots,2014-09-20,00:29:49,WashingtonDC6D,38.853,-76.985
8379,7D158275,Multiple_Gunshots,2014-09-20,00:30:22,WashingtonDC7D,38.854,-76.986
8380,5D47169,Single_Gunshot,2014-09-20,00:32:11,WashingtonDC5D,38.928,-76.983
8381,4D41355,Single_Gunshot,2014-09-20,00:42:18,WashingtonDC4D,38.945,-77.024
8382,7D158276,Single_Gunshot,2014-09-20,00:50:06,WashingtonDC7D,38.838,-76.988
8383,3D48394,Single_Gunshot,2014-09-20,01:40:37,WashingtonDC3D,38.915,-77.023
8384,6D122997,Single_Gunshot,2014-09-20,01:49:54,WashingtonDC6D,38.891,-76.952
8385,6D122998,Multiple_Gunshots,2014-09-20,01:54:42,WashingtonDC6D,38.913,-76.936
8386,5D47171,Single_Gunshot,2014-09-20,03:22:20,WashingtonDC5D,38.935,-76.971
8387,6D122999,Single_Gunshot,2014-09-20,03:41:19,WashingtonDC6D,38.918,-76.933
8388,7D158277,Single_Gunshot,2014-09-20,04:09:28,WashingtonDC7D,38.858,-76.967
8389,6D123000,Single_Gunshot,2014-09-20,04:09:51,WashingtonDC6D,38.858,-76.967
8390,7D158279,Gunshot_or_Firecracker,2014-09-20,04:09:57,WashingtonDC7D,38.858,-76.967
8391,6D123001,Single_Gunshot,2014-09-20,04:09:59,WashingtonDC6D,38.858,-76.967
8392,6D123002,Single_Gunshot,2014-09-20,04:12:49,WashingtonDC6D,38.858,-76.967
8393,6D123003,Single_Gunshot,2014-09-20,04:13:44,WashingtonDC6D,38.858,-76.967
8394,7D158283,Single_Gunshot,2014-09-20,04:17:15,WashingtonDC7D,38.858,-76.967
8395,7D158284,Single_Gunshot,2014-09-20,04:22:54,WashingtonDC7D,38.842,-76.987
8396,6D123004,Single_Gunshot,2014-09-20,04:26:05,WashingtonDC6D,38.893,-76.952
8397,5D47172,Multiple_Gunshots,2014-09-20,04:34:19,WashingtonDC5D,38.923,-76.972
8398,7D158293,Multiple_Gunshots,2014-09-20,20:13:28,WashingtonDC7D,38.848,-76.971
8399,7D158294,Multiple_Gunshots,2014-09-20,21:01:23,WashingtonDC7D,38.854,-76.988
8400,5D47173,Single_Gunshot,2014-09-20,22:32:13,WashingtonDC5D,38.907,-77.01
8401,3D48428,Single_Gunshot,2014-09-20,22:32:15,WashingtonDC3D,38.907,-77.01
8402,3D48429,Multiple_Gunshots,2014-09-20,23:16:56,WashingtonDC3D,38.909,-77.02
8403,6D123042,Single_Gunshot,2014-09-20,23:30:22,WashingtonDC6D,38.888,-76.971
8404,3D48430,Single_Gunshot,2014-09-21,00:14:13,WashingtonDC3D,38.927,-77.021
8405,4D41367,Gunshot_or_Firecracker,2014-09-21,00:14:14,WashingtonDC4D,38.927,-77.021
8406,7D158299,Single_Gunshot,2014-09-21,00:27:45,WashingtonDC7D,38.864,-76.986
8407,6D123047,Single_Gunshot,2014-09-21,00:27:45,WashingtonDC6D,38.864,-76.986
8408,6D123048,Single_Gunshot,2014-09-21,00:31:16,WashingtonDC6D,38.877,-76.931
8409,4D41368,Multiple_Gunshots,2014-09-21,00:40:40,WashingtonDC4D,38.949,-77.022
8410,5D47175,Single_Gunshot,2014-09-21,01:02:21,WashingtonDC5D,38.935,-76.968
8411,6D123049,Single_Gunshot,2014-09-21,01:27:31,WashingtonDC6D,38.906,-76.939
8412,7D158300,Multiple_Gunshots,2014-09-21,01:46:02,WashingtonDC7D,38.847,-77.0
8413,7D158301,Multiple_Gunshots,2014-09-21,01:46:07,WashingtonDC7D,38.847,-76.999
8414,7D158302,Multiple_Gunshots,2014-09-21,01:54:58,WashingtonDC7D,38.844,-77.002
8415,6D123050,Single_Gunshot,2014-09-21,03:06:16,WashingtonDC6D,38.888,-76.951
8416,7D158312,Multiple_Gunshots,2014-09-21,21:40:06,WashingtonDC7D,38.861,-76.986
8417,6D123069,Single_Gunshot,2014-09-21,22:46:09,WashingtonDC6D,38.891,-76.96
8418,7D158313,Multiple_Gunshots,2014-09-22,00:33:33,WashingtonDC7D,38.855,-76.991
8419,4D41373,Single_Gunshot,2014-09-22,00:35:21,WashingtonDC4D,38.952,-77.018
8420,4D41374,Single_Gunshot,2014-09-22,02:20:13,WashingtonDC4D,38.949,-77.033
8421,6D123070,Single_Gunshot,2014-09-22,03:49:11,WashingtonDC6D,38.893,-76.953
8422,5D47177,Single_Gunshot,2014-09-22,04:54:30,WashingtonDC5D,38.908,-77.009
8423,7D158315,Multiple_Gunshots,2014-09-22,08:37:20,WashingtonDC7D,38.843,-76.988
8424,7D158322,Multiple_Gunshots,2014-09-22,22:33:44,WashingtonDC7D,38.859,-76.965
8425,6D123091,Single_Gunshot,2014-09-22,22:35:02,WashingtonDC6D,38.891,-76.953
8426,7D158323,Single_Gunshot,2014-09-22,22:54:14,WashingtonDC7D,38.841,-76.994
8427,7D158324,Single_Gunshot,2014-09-22,23:12:01,WashingtonDC7D,38.848,-77.003
8428,6D123092,Multiple_Gunshots,2014-09-22,23:49:51,WashingtonDC6D,38.895,-76.915
8429,7D158325,Multiple_Gunshots,2014-09-22,23:57:56,WashingtonDC7D,38.851,-76.969
8430,7D158326,Multiple_Gunshots,2014-09-23,00:40:54,WashingtonDC7D,38.834,-76.984
8431,7D158327,Single_Gunshot,2014-09-23,00:53:25,WashingtonDC7D,38.847,-77.001
8432,7D158328,Single_Gunshot,2014-09-23,00:53:52,WashingtonDC7D,38.848,-77.001
8433,7D158329,Single_Gunshot,2014-09-23,01:11:41,WashingtonDC7D,38.837,-76.996
8434,7D158330,Single_Gunshot,2014-09-23,01:12:12,WashingtonDC7D,38.837,-76.996
8435,7D158331,Single_Gunshot,2014-09-23,01:14:15,WashingtonDC7D,38.837,-76.996
8436,7D158332,Single_Gunshot,2014-09-23,01:14:25,WashingtonDC7D,38.837,-76.996
8437,5D47180,Multiple_Gunshots,2014-09-23,02:06:30,WashingtonDC5D,38.907,-76.985
8438,1D63412,Multiple_Gunshots,2014-09-23,02:06:32,WashingtonDC1D,38.905,-76.984
8439,7D158333,Multiple_Gunshots,2014-09-23,03:19:19,WashingtonDC7D,38.857,-76.974
8440,7D158339,Multiple_Gunshots,2014-09-23,14:09:50,WashingtonDC7D,38.83,-77.006
8441,7D158350,Multiple_Gunshots,2014-09-23,20:38:48,WashingtonDC7D,38.824,-77.001
8442,6D123115,Multiple_Gunshots,2014-09-23,22:00:33,WashingtonDC6D,38.899,-76.945
8443,6D123116,Multiple_Gunshots,2014-09-23,22:38:16,WashingtonDC6D,38.885,-76.953
8444,7D158351,Single_Gunshot,2014-09-23,23:14:50,WashingtonDC7D,38.827,-77.003
8445,6D123117,Single_Gunshot,2014-09-23,23:18:35,WashingtonDC6D,38.886,-76.96
8446,4D41389,Multiple_Gunshots,2014-09-24,00:01:11,WashingtonDC4D,38.948,-77.017
8447,7D158352,Single_Gunshot,2014-09-24,00:13:31,WashingtonDC7D,38.844,-77.001
8448,7D158353,Multiple_Gunshots,2014-09-24,00:32:27,WashingtonDC7D,38.842,-76.987
8449,7D158354,Single_Gunshot,2014-09-24,00:32:34,WashingtonDC7D,38.841,-76.989
8450,7D158355,Single_Gunshot,2014-09-24,01:37:34,WashingtonDC7D,38.858,-76.967
8451,4D41390,Gunshot_or_Firecracker,2014-09-24,04:02:47,WashingtonDC4D,38.944,-77.015
8452,7D158364,Multiple_Gunshots,2014-09-24,20:33:27,WashingtonDC7D,38.859,-76.999
8453,6D123132,Multiple_Gunshots,2014-09-25,00:37:04,WashingtonDC6D,38.912,-76.937
8454,1D63482,Single_Gunshot,2014-09-25,16:53:47,WashingtonDC1D,38.898,-76.979
8455,6D123142,Multiple_Gunshots,2014-09-25,21:47:24,WashingtonDC6D,38.891,-76.952
8456,6D123150,Multiple_Gunshots,2014-09-25,22:01:51,WashingtonDC6D,38.906,-76.948
8457,6D123152,Multiple_Gunshots,2014-09-26,00:31:17,WashingtonDC6D,38.895,-76.927
8458,7D158374,Single_Gunshot,2014-09-26,01:26:09,WashingtonDC7D,38.846,-76.981
8459,7D158378,Multiple_Gunshots,2014-09-26,13:21:50,WashingtonDC7D,38.856,-76.974
8460,1D63528,Multiple_Gunshots,2014-09-26,13:51:23,WashingtonDC1D,38.876,-77.015
8461,1D63529,Multiple_Gunshots,2014-09-26,13:51:25,WashingtonDC1D,38.873,-77.017
8462,6D123175,Multiple_Gunshots,2014-09-26,21:19:03,WashingtonDC6D,38.874,-76.929
8463,6D123182,Single_Gunshot,2014-09-26,22:04:42,WashingtonDC6D,38.889,-76.952
8464,3D48460,Multiple_Gunshots,2014-09-26,22:14:21,WashingtonDC3D,38.928,-77.024
8465,6D123186,Multiple_Gunshots,2014-09-26,22:38:27,WashingtonDC6D,38.893,-76.917
8466,7D158388,Single_Gunshot,2014-09-26,23:07:00,WashingtonDC7D,38.828,-77.002
8467,7D158389,Single_Gunshot,2014-09-26,23:08:02,WashingtonDC7D,38.828,-77.003
8468,5D47190,Single_Gunshot,2014-09-26,23:36:37,WashingtonDC5D,38.906,-76.981
8469,5D47191,Single_Gunshot,2014-09-27,00:10:26,WashingtonDC5D,38.911,-77.0
8470,4D41398,Single_Gunshot,2014-09-27,00:22:16,WashingtonDC4D,38.956,-77.029
8471,7D158390,Multiple_Gunshots,2014-09-27,00:26:37,WashingtonDC7D,38.858,-76.976
8472,7D158391,Single_Gunshot,2014-09-27,00:26:48,WashingtonDC7D,38.857,-76.975
8473,7D158392,Multiple_Gunshots,2014-09-27,00:27:01,WashingtonDC7D,38.857,-76.973
8474,6D123196,Single_Gunshot,2014-09-27,00:50:21,WashingtonDC6D,38.894,-76.923
8475,4D41399,Single_Gunshot,2014-09-27,01:05:54,WashingtonDC4D,38.956,-77.029
8476,5D47192,Single_Gunshot,2014-09-27,01:27:58,WashingtonDC5D,38.922,-76.972
8477,3D48461,Multiple_Gunshots,2014-09-27,01:35:36,WashingtonDC3D,38.934,-77.023
8478,3D48462,Single_Gunshot,2014-09-27,01:35:45,WashingtonDC3D,38.933,-77.023
8479,4D41400,Single_Gunshot,2014-09-27,01:42:03,WashingtonDC4D,38.955,-77.016
8480,7D158395,Single_Gunshot,2014-09-27,01:44:24,WashingtonDC7D,38.846,-76.972
8481,7D158396,Single_Gunshot,2014-09-27,01:46:34,WashingtonDC7D,38.83,-77.001
8482,6D123198,Multiple_Gunshots,2014-09-27,02:28:31,WashingtonDC6D,38.882,-76.935
8483,7D158398,Single_Gunshot,2014-09-27,03:02:03,WashingtonDC7D,38.855,-76.99
8484,4D41401,Multiple_Gunshots,2014-09-27,03:10:37,WashingtonDC4D,38.948,-77.019
8485,6D123199,Multiple_Gunshots,2014-09-27,03:25:04,WashingtonDC6D,38.906,-76.949
8486,6D123200,Multiple_Gunshots,2014-09-27,03:25:11,WashingtonDC6D,38.897,-76.945
8487,7D158399,Multiple_Gunshots,2014-09-27,03:40:44,WashingtonDC7D,38.855,-76.99
8488,6D123201,Multiple_Gunshots,2014-09-27,04:00:15,WashingtonDC6D,38.92,-76.935
8489,7D158406,Multiple_Gunshots,2014-09-27,21:20:51,WashingtonDC7D,38.838,-76.99
8490,4D41404,Multiple_Gunshots,2014-09-27,22:09:55,WashingtonDC4D,38.958,-77.028
8491,6D123218,Multiple_Gunshots,2014-09-27,22:28:30,WashingtonDC6D,38.891,-76.912
8492,6D123220,Multiple_Gunshots,2014-09-27,22:30:50,WashingtonDC6D,38.898,-76.914
8493,7D158407,Multiple_Gunshots,2014-09-27,23:16:22,WashingtonDC7D,38.859,-77.0
8494,6D123221,Single_Gunshot,2014-09-27,23:54:57,WashingtonDC6D,38.869,-76.964
8495,6D123222,Multiple_Gunshots,2014-09-27,23:57:09,WashingtonDC6D,38.87,-76.964
8496,6D123223,Single_Gunshot,2014-09-28,00:16:50,WashingtonDC6D,38.892,-76.953
8497,7D158408,Multiple_Gunshots,2014-09-28,00:20:21,WashingtonDC7D,38.86,-76.989
8498,7D158409,Gunshot_or_Firecracker,2014-09-28,00:24:40,WashingtonDC7D,38.848,-76.973
8499,6D123225,Single_Gunshot,2014-09-28,01:07:36,WashingtonDC6D,38.892,-76.912
8500,3D48464,Multiple_Gunshots,2014-09-28,01:09:07,WashingtonDC3D,38.918,-77.017
8501,7D158411,Single_Gunshot,2014-09-28,01:13:10,WashingtonDC7D,38.859,-76.999
8502,6D123227,Single_Gunshot,2014-09-28,01:13:10,WashingtonDC6D,38.859,-76.999
8503,7D158412,Single_Gunshot,2014-09-28,01:40:37,WashingtonDC7D,38.846,-76.997
8504,7D158413,Single_Gunshot,2014-09-28,02:21:32,WashingtonDC7D,38.825,-77.003
8505,4D41407,Multiple_Gunshots,2014-09-28,03:07:50,WashingtonDC4D,38.948,-77.033
8506,4D41408,Multiple_Gunshots,2014-09-28,03:07:58,WashingtonDC4D,38.948,-77.033
8507,6D123247,Gunshot_or_Firecracker,2014-09-28,20:21:41,WashingtonDC6D,38.877,-76.932
8508,7D158440,Multiple_Gunshots,2014-09-28,22:15:44,WashingtonDC7D,38.844,-77.0
8509,7D158441,Multiple_Gunshots,2014-09-28,22:15:48,WashingtonDC7D,38.845,-77.0
8510,7D158442,Multiple_Gunshots,2014-09-28,23:21:25,WashingtonDC7D,38.855,-76.968
8511,7D158443,Multiple_Gunshots,2014-09-29,02:07:14,WashingtonDC7D,38.854,-76.986
8512,6D123250,Multiple_Gunshots,2014-09-29,02:07:15,WashingtonDC6D,38.854,-76.986
8513,7D158444,Single_Gunshot,2014-09-29,03:11:17,WashingtonDC7D,38.845,-76.981
8514,7D158449,Multiple_Gunshots,2014-09-29,19:56:26,WashingtonDC7D,38.846,-76.979
8515,6D123263,Multiple_Gunshots,2014-09-29,21:38:38,WashingtonDC6D,38.895,-76.93
8516,4D41411,Multiple_Gunshots,2014-09-29,22:35:57,WashingtonDC4D,38.931,-77.018
8517,4D41414,Multiple_Gunshots,2014-09-29,22:36:13,WashingtonDC4D,38.931,-77.018
8518,6D123269,Multiple_Gunshots,2014-09-30,02:05:24,WashingtonDC6D,38.906,-76.947
8519,7D158454,Multiple_Gunshots,2014-09-30,02:14:03,WashingtonDC7D,38.836,-76.992
8520,7D158455,Multiple_Gunshots,2014-09-30,02:14:12,WashingtonDC7D,38.837,-76.992
8521,6D123270,Single_Gunshot,2014-09-30,02:23:20,WashingtonDC6D,38.885,-76.963
8522,1D63610,Single_Gunshot,2014-09-30,03:05:18,WashingtonDC1D,38.889,-76.981
8523,3D48473,Gunshot_or_Firecracker,2014-09-30,22:11:41,WashingtonDC3D,38.925,-77.034
8524,6D123285,Single_Gunshot,2014-10-01,00:30:21,WashingtonDC6D,38.916,-76.928
8525,6D123286,Multiple_Gunshots,2014-10-01,00:37:07,WashingtonDC6D,38.893,-76.922
8526,7D158462,Single_Gunshot,2014-10-01,00:43:10,WashingtonDC7D,38.827,-77.004
8527,4D41419,Single_Gunshot,2014-10-01,00:47:52,WashingtonDC4D,38.948,-77.016
8528,5D47225,Multiple_Gunshots,2014-10-01,01:05:06,WashingtonDC5D,38.921,-76.996
8529,6D123287,Single_Gunshot,2014-10-01,01:21:51,WashingtonDC6D,38.877,-76.931
8530,6D123288,Multiple_Gunshots,2014-10-01,02:59:53,WashingtonDC6D,38.888,-76.931
8531,6D123289,Multiple_Gunshots,2014-10-01,03:44:31,WashingtonDC6D,38.884,-76.955
8532,6D123290,Single_Gunshot,2014-10-01,03:49:48,WashingtonDC6D,38.885,-76.954
8533,7D158463,Gunshot_or_Firecracker,2014-10-01,04:29:54,WashingtonDC7D,38.851,-76.969
8534,6D123301,Multiple_Gunshots,2014-10-01,17:46:51,WashingtonDC6D,38.92,-76.931
8535,1D63650,Single_Gunshot,2014-10-01,19:29:36,WashingtonDC1D,38.893,-76.974
8536,7D158467,Multiple_Gunshots,2014-10-01,19:40:07,WashingtonDC7D,38.834,-76.984
8537,4D41426,Gunshot_or_Firecracker,2014-10-01,21:25:13,WashingtonDC4D,38.95,-77.027
8538,7D158469,Multiple_Gunshots,2014-10-01,22:06:43,WashingtonDC7D,38.854,-76.986
8539,7D158470,Multiple_Gunshots,2014-10-01,22:24:49,WashingtonDC7D,38.833,-76.999
8540,6D123305,Multiple_Gunshots,2014-10-01,22:40:14,WashingtonDC6D,38.89,-76.954
8541,5D47236,Multiple_Gunshots,2014-10-02,02:22:49,WashingtonDC5D,38.913,-76.993
8542,5D47237,Single_Gunshot,2014-10-02,02:23:18,WashingtonDC5D,38.914,-76.989
8543,5D47239,Single_Gunshot,2014-10-02,02:24:25,WashingtonDC5D,38.917,-76.974
8544,5D47240,Single_Gunshot,2014-10-02,02:24:53,WashingtonDC5D,38.918,-76.974
8545,7D158473,Single_Gunshot,2014-10-02,02:53:32,WashingtonDC7D,38.847,-76.981
8546,7D158489,Multiple_Gunshots,2014-10-02,20:52:03,WashingtonDC7D,38.835,-76.98
8547,7D158494,Single_Gunshot,2014-10-03,00:12:05,WashingtonDC7D,38.845,-76.976
8548,7D158495,Single_Gunshot,2014-10-03,00:32:22,WashingtonDC7D,38.823,-76.994
8549,4D41431,Single_Gunshot,2014-10-03,01:19:52,WashingtonDC4D,38.947,-77.029
8550,7D158496,Single_Gunshot,2014-10-03,02:17:21,WashingtonDC7D,38.845,-76.973
8551,6D123360,Multiple_Gunshots,2014-10-03,12:48:52,WashingtonDC6D,38.882,-76.935
8552,6D123361,Multiple_Gunshots,2014-10-03,12:49:00,WashingtonDC6D,38.883,-76.935
8553,6D123362,Gunshot_or_Firecracker,2014-10-03,12:51:27,WashingtonDC6D,38.895,-76.922
8554,5D47253,Multiple_Gunshots,2014-10-03,20:16:01,WashingtonDC5D,38.898,-76.975
8555,6D123376,Multiple_Gunshots,2014-10-03,21:50:44,WashingtonDC6D,38.873,-76.928
8556,6D123378,Multiple_Gunshots,2014-10-03,21:55:20,WashingtonDC6D,38.91,-76.934
8557,6D123379,Multiple_Gunshots,2014-10-03,22:13:15,WashingtonDC6D,38.88,-76.93
8558,1D63691,Multiple_Gunshots,2014-10-03,22:33:28,WashingtonDC1D,38.875,-77.011
8559,6D123382,Single_Gunshot,2014-10-03,23:31:54,WashingtonDC6D,38.896,-76.915
8560,6D123383,Single_Gunshot,2014-10-04,01:17:54,WashingtonDC6D,38.883,-76.916
8561,7D158501,Single_Gunshot,2014-10-04,01:53:49,WashingtonDC7D,38.846,-77.0
8562,6D123384,Single_Gunshot,2014-10-04,01:59:37,WashingtonDC6D,38.872,-76.927
8563,6D123385,Single_Gunshot,2014-10-04,02:05:16,WashingtonDC6D,38.877,-76.961
8564,6D123386,Single_Gunshot,2014-10-04,03:29:00,WashingtonDC6D,38.881,-76.925
8565,7D158503,Single_Gunshot,2014-10-04,10:46:26,WashingtonDC7D,38.837,-76.989
8566,7D158504,Multiple_Gunshots,2014-10-04,11:05:47,WashingtonDC7D,38.858,-76.97
8567,7D158505,Multiple_Gunshots,2014-10-04,11:45:18,WashingtonDC7D,38.858,-76.97
8568,7D158506,Multiple_Gunshots,2014-10-04,11:45:46,WashingtonDC7D,38.858,-76.969
8569,5D47260,Multiple_Gunshots,2014-10-04,12:33:08,WashingtonDC5D,38.915,-77.002
8570,7D158518,Multiple_Gunshots,2014-10-04,12:57:03,WashingtonDC7D,38.858,-76.97
8571,7D158521,Multiple_Gunshots,2014-10-04,13:32:11,WashingtonDC7D,38.858,-76.969
8572,7D158522,Multiple_Gunshots,2014-10-04,13:33:39,WashingtonDC7D,38.858,-76.969
8573,7D158529,Multiple_Gunshots,2014-10-04,16:23:06,WashingtonDC7D,38.846,-76.983
8574,6D123409,Multiple_Gunshots,2014-10-04,20:53:05,WashingtonDC6D,38.884,-76.962
8575,6D123410,Multiple_Gunshots,2014-10-04,22:09:45,WashingtonDC6D,38.907,-76.93
8576,7D158533,Multiple_Gunshots,2014-10-04,22:39:14,WashingtonDC7D,38.844,-76.979
8577,1D63706,Single_Gunshot,2014-10-04,23:42:28,WashingtonDC1D,38.904,-76.977
8578,6D123412,Single_Gunshot,2014-10-05,00:10:46,WashingtonDC6D,38.891,-76.938
8579,7D158537,Multiple_Gunshots,2014-10-05,00:24:03,WashingtonDC7D,38.841,-76.987
8580,6D123413,Multiple_Gunshots,2014-10-05,00:50:40,WashingtonDC6D,38.889,-76.958
8581,4D41441,Single_Gunshot,2014-10-05,01:51:57,WashingtonDC4D,38.951,-77.027
8582,7D158539,Multiple_Gunshots,2014-10-05,01:55:00,WashingtonDC7D,38.847,-76.971
8583,6D123417,Single_Gunshot,2014-10-05,02:14:12,WashingtonDC6D,38.89,-76.934
8584,1D63708,Gunshot_or_Firecracker,2014-10-05,02:39:45,WashingtonDC1D,38.893,-76.977
8585,7D158540,Single_Gunshot,2014-10-05,03:23:27,WashingtonDC7D,38.859,-76.999
8586,6D123418,Single_Gunshot,2014-10-05,03:23:27,WashingtonDC6D,38.859,-76.999
8587,7D158541,Single_Gunshot,2014-10-05,03:25:01,WashingtonDC7D,38.859,-76.999
8588,7D158544,Multiple_Gunshots,2014-10-05,06:40:08,WashingtonDC7D,38.852,-76.969
8589,4D41442,Multiple_Gunshots,2014-10-05,16:53:23,WashingtonDC4D,38.955,-77.016
8590,6D123445,Multiple_Gunshots,2014-10-05,19:59:25,WashingtonDC6D,38.885,-76.917
8591,6D123446,Multiple_Gunshots,2014-10-05,21:14:52,WashingtonDC6D,38.91,-76.936
8592,6D123447,Multiple_Gunshots,2014-10-05,21:23:55,WashingtonDC6D,38.878,-76.932
8593,6D123448,Multiple_Gunshots,2014-10-05,21:23:59,WashingtonDC6D,38.878,-76.932
8594,6D123449,Single_Gunshot,2014-10-05,21:41:04,WashingtonDC6D,38.88,-76.96
8595,7D158554,Multiple_Gunshots,2014-10-05,21:42:35,WashingtonDC7D,38.849,-76.972
8596,5D47270,Gunshot_or_Firecracker,2014-10-05,22:44:14,WashingtonDC5D,38.921,-76.974
8597,5D47271,Gunshot_or_Firecracker,2014-10-05,22:45:08,WashingtonDC5D,38.921,-76.974
8598,5D47272,Gunshot_or_Firecracker,2014-10-05,22:47:44,WashingtonDC5D,38.921,-76.974
8599,6D123452,Multiple_Gunshots,2014-10-05,22:49:45,WashingtonDC6D,38.895,-76.924
8600,4D41447,Multiple_Gunshots,2014-10-05,23:00:44,WashingtonDC4D,38.951,-77.028
8601,4D41449,Multiple_Gunshots,2014-10-05,23:01:06,WashingtonDC4D,38.948,-77.031
8602,6D123453,Single_Gunshot,2014-10-05,23:06:02,WashingtonDC6D,38.88,-76.948
8603,4D41450,Multiple_Gunshots,2014-10-05,23:45:56,WashingtonDC4D,38.954,-77.029
8604,7D158557,Single_Gunshot,2014-10-06,02:54:57,WashingtonDC7D,38.845,-76.981
8605,6D123455,Single_Gunshot,2014-10-06,04:29:28,WashingtonDC6D,38.902,-76.943
8606,7D158563,Single_Gunshot,2014-10-06,10:52:44,WashingtonDC7D,38.844,-76.985
8607,7D158564,Multiple_Gunshots,2014-10-06,12:32:36,WashingtonDC7D,38.859,-76.989
8608,6D123462,Multiple_Gunshots,2014-10-06,12:32:36,WashingtonDC6D,38.859,-76.989
8609,1D63721,Single_Gunshot,2014-10-06,22:44:34,WashingtonDC1D,38.872,-77.011
8610,7D158566,Single_Gunshot,2014-10-06,22:54:29,WashingtonDC7D,38.846,-76.973
8611,5D47276,Single_Gunshot,2014-10-06,23:51:49,WashingtonDC5D,38.929,-76.971
8612,6D123470,Single_Gunshot,2014-10-06,23:57:53,WashingtonDC6D,38.869,-76.974
8613,6D123471,Single_Gunshot,2014-10-07,00:00:01,WashingtonDC6D,38.869,-76.974
8614,6D123473,Single_Gunshot,2014-10-07,00:01:44,WashingtonDC6D,38.869,-76.974
8615,7D158567,Single_Gunshot,2014-10-07,01:36:36,WashingtonDC7D,38.859,-76.996
8616,6D123478,Multiple_Gunshots,2014-10-07,01:43:02,WashingtonDC6D,38.895,-76.929
8617,7D158591,Single_Gunshot,2014-10-07,19:11:29,WashingtonDC7D,38.857,-76.973
8618,7D158598,Single_Gunshot,2014-10-07,19:15:05,WashingtonDC7D,38.834,-76.983
8619,7D158599,Single_Gunshot,2014-10-07,21:45:03,WashingtonDC7D,38.857,-76.973
8620,5D47283,Multiple_Gunshots,2014-10-08,02:15:15,WashingtonDC5D,38.914,-76.974
8621,6D123499,Multiple_Gunshots,2014-10-08,03:54:21,WashingtonDC6D,38.89,-76.915
8622,7D158602,Multiple_Gunshots,2014-10-08,12:18:14,WashingtonDC7D,38.834,-76.991
8623,6D123516,Multiple_Gunshots,2014-10-08,21:09:41,WashingtonDC6D,38.882,-76.929
8624,6D123517,Multiple_Gunshots,2014-10-08,21:39:47,WashingtonDC6D,38.893,-76.94
8625,7D158610,Single_Gunshot,2014-10-08,22:13:38,WashingtonDC7D,38.861,-76.998
8626,6D123518,Single_Gunshot,2014-10-08,22:13:38,WashingtonDC6D,38.861,-76.998
8627,5D47285,Single_Gunshot,2014-10-08,22:50:01,WashingtonDC5D,38.92,-76.973
8628,1D63729,Single_Gunshot,2014-10-08,23:16:56,WashingtonDC1D,38.9,-76.983
8629,5D47286,Single_Gunshot,2014-10-09,00:29:38,WashingtonDC5D,38.92,-76.972
8630,6D123521,Multiple_Gunshots,2014-10-09,00:42:23,WashingtonDC6D,38.901,-76.929
8631,6D123522,Multiple_Gunshots,2014-10-09,00:53:13,WashingtonDC6D,38.89,-76.917
8632,6D123523,Single_Gunshot,2014-10-09,00:56:04,WashingtonDC6D,38.895,-76.955
8633,7D158611,Single_Gunshot,2014-10-09,00:57:16,WashingtonDC7D,38.862,-76.994
8634,6D123524,Multiple_Gunshots,2014-10-09,01:16:58,WashingtonDC6D,38.887,-76.93
8635,6D123525,Single_Gunshot,2014-10-09,03:27:11,WashingtonDC6D,38.872,-76.981
8636,6D123526,Multiple_Gunshots,2014-10-09,03:49:35,WashingtonDC6D,38.897,-76.917
8637,7D158613,Multiple_Gunshots,2014-10-09,04:38:09,WashingtonDC7D,38.822,-77.002
8638,7D158614,Multiple_Gunshots,2014-10-09,04:58:03,WashingtonDC7D,38.831,-77.008
8639,7D158619,Multiple_Gunshots,2014-10-09,08:51:14,WashingtonDC7D,38.83,-77.003
8640,7D158623,Multiple_Gunshots,2014-10-09,14:59:28,WashingtonDC7D,38.861,-76.994
8641,6D123545,Multiple_Gunshots,2014-10-09,22:32:55,WashingtonDC6D,38.897,-76.917
8642,6D123546,Multiple_Gunshots,2014-10-09,23:51:36,WashingtonDC6D,38.884,-76.964
8643,6D123547,Multiple_Gunshots,2014-10-10,00:30:49,WashingtonDC6D,38.88,-76.936
8644,7D158624,Multiple_Gunshots,2014-10-10,00:52:25,WashingtonDC7D,38.831,-77.002
8645,7D158625,Multiple_Gunshots,2014-10-10,00:52:39,WashingtonDC7D,38.83,-77.002
8646,6D123551,Multiple_Gunshots,2014-10-10,01:10:48,WashingtonDC6D,38.884,-76.925
8647,6D123552,Multiple_Gunshots,2014-10-10,01:19:56,WashingtonDC6D,38.875,-76.966
8648,7D158626,Single_Gunshot,2014-10-10,02:26:19,WashingtonDC7D,38.864,-76.994
8649,6D123553,Single_Gunshot,2014-10-10,02:26:19,WashingtonDC6D,38.864,-76.994
8650,6D123554,Single_Gunshot,2014-10-10,02:26:24,WashingtonDC6D,38.864,-76.997
8651,6D123555,Single_Gunshot,2014-10-10,02:38:15,WashingtonDC6D,38.911,-76.939
8652,6D123566,Multiple_Gunshots,2014-10-10,23:15:52,WashingtonDC6D,38.879,-76.926
8653,7D158645,Multiple_Gunshots,2014-10-10,23:57:46,WashingtonDC7D,38.848,-76.958
8654,6D123568,Multiple_Gunshots,2014-10-11,00:02:20,WashingtonDC6D,38.888,-76.953
8655,7D158646,Multiple_Gunshots,2014-10-11,00:32:33,WashingtonDC7D,38.842,-76.993
8656,7D158647,Single_Gunshot,2014-10-11,02:15:59,WashingtonDC7D,38.833,-76.994
8657,3D48507,Single_Gunshot,2014-10-11,03:26:47,WashingtonDC3D,38.913,-77.038
8658,6D123569,Multiple_Gunshots,2014-10-11,03:40:30,WashingtonDC6D,38.868,-76.947
8659,7D158648,Single_Gunshot,2014-10-11,03:49:29,WashingtonDC7D,38.855,-76.972
8660,5D47317,Single_Gunshot,2014-10-11,03:57:55,WashingtonDC5D,38.915,-76.988
8661,6D123572,Multiple_Gunshots,2014-10-11,05:33:17,WashingtonDC6D,38.877,-76.953
8662,4D41483,Multiple_Gunshots,2014-10-11,20:11:40,WashingtonDC4D,38.936,-77.021
8663,1D63796,Single_Gunshot,2014-10-11,21:53:48,WashingtonDC1D,38.902,-76.979
8664,6D123588,Single_Gunshot,2014-10-11,23:21:57,WashingtonDC6D,38.895,-76.923
8665,6D123589,Single_Gunshot,2014-10-12,01:03:41,WashingtonDC6D,38.884,-76.963
8666,7D158653,Multiple_Gunshots,2014-10-12,01:03:51,WashingtonDC7D,38.831,-77.003
8667,3D48511,Single_Gunshot,2014-10-12,03:10:48,WashingtonDC3D,38.933,-77.027
8668,7D158654,Multiple_Gunshots,2014-10-12,06:18:07,WashingtonDC7D,38.853,-76.966
8669,6D123598,Multiple_Gunshots,2014-10-12,18:02:53,WashingtonDC6D,38.893,-76.928
8670,6D123609,Multiple_Gunshots,2014-10-12,19:42:31,WashingtonDC6D,38.882,-76.933
8671,7D158659,Multiple_Gunshots,2014-10-12,22:30:23,WashingtonDC7D,38.825,-77.009
8672,6D123611,Single_Gunshot,2014-10-13,00:30:33,WashingtonDC6D,38.901,-76.922
8673,7D158661,Multiple_Gunshots,2014-10-13,01:22:51,WashingtonDC7D,38.863,-76.998
8674,6D123612,Multiple_Gunshots,2014-10-13,01:22:51,WashingtonDC6D,38.864,-76.999
8675,4D41498,Gunshot_or_Firecracker,2014-10-13,04:21:56,WashingtonDC4D,38.944,-77.02
8676,5D47337,Multiple_Gunshots,2014-10-13,07:14:55,WashingtonDC5D,38.931,-76.962
8677,4D41499,Single_Gunshot,2014-10-13,07:33:34,WashingtonDC4D,38.945,-77.02
8678,7D158673,Single_Gunshot,2014-10-13,19:27:17,WashingtonDC7D,38.85,-76.972
8679,7D158674,Multiple_Gunshots,2014-10-13,20:34:31,WashingtonDC7D,38.846,-76.972
8680,6D123639,Multiple_Gunshots,2014-10-13,23:26:22,WashingtonDC6D,38.868,-76.971
8681,5D47341,Single_Gunshot,2014-10-14,00:01:45,WashingtonDC5D,38.905,-76.979
8682,6D123641,Multiple_Gunshots,2014-10-14,00:04:17,WashingtonDC6D,38.871,-76.928
8683,7D158675,Single_Gunshot,2014-10-14,00:25:38,WashingtonDC7D,38.835,-76.991
8684,7D158676,Multiple_Gunshots,2014-10-14,01:56:16,WashingtonDC7D,38.852,-76.96
8685,7D158677,Single_Gunshot,2014-10-14,02:35:56,WashingtonDC7D,38.845,-76.981
8686,7D158678,Multiple_Gunshots,2014-10-14,07:53:09,WashingtonDC7D,38.832,-77.006
8687,6D123653,Single_Gunshot,2014-10-14,10:18:49,WashingtonDC6D,38.898,-76.916
8688,6D123654,Single_Gunshot,2014-10-14,10:22:45,WashingtonDC6D,38.897,-76.917
8689,6D123655,Single_Gunshot,2014-10-14,10:24:15,WashingtonDC6D,38.897,-76.916
8690,6D123656,Single_Gunshot,2014-10-14,10:27:37,WashingtonDC6D,38.897,-76.917
8691,4D41511,Multiple_Gunshots,2014-10-14,11:39:05,WashingtonDC4D,38.94,-77.025
8692,1D63812,Multiple_Gunshots,2014-10-14,15:55:11,WashingtonDC1D,38.879,-77.015
8693,7D158679,Multiple_Gunshots,2014-10-14,20:09:17,WashingtonDC7D,38.848,-76.972
8694,6D123665,Multiple_Gunshots,2014-10-14,21:22:19,WashingtonDC6D,38.893,-76.952
8695,7D158683,Single_Gunshot,2014-10-14,22:30:14,WashingtonDC7D,38.832,-76.989
8696,6D123668,Single_Gunshot,2014-10-14,22:50:33,WashingtonDC6D,38.89,-76.954
8697,7D158684,Multiple_Gunshots,2014-10-15,00:02:59,WashingtonDC7D,38.83,-77.002
8698,7D158685,Multiple_Gunshots,2014-10-15,00:07:39,WashingtonDC7D,38.827,-76.998
8699,7D158686,Single_Gunshot,2014-10-15,00:13:45,WashingtonDC7D,38.826,-76.999
8700,4D41520,Single_Gunshot,2014-10-15,00:48:38,WashingtonDC4D,38.956,-77.023
8701,6D123669,Single_Gunshot,2014-10-15,01:01:40,WashingtonDC6D,38.879,-76.93
8702,7D158688,Single_Gunshot,2014-10-15,20:04:04,WashingtonDC7D,38.821,-76.995
8703,1D63822,Gunshot_or_Firecracker,2014-10-15,20:09:51,WashingtonDC1D,38.897,-76.978
8704,6D123675,Multiple_Gunshots,2014-10-15,20:22:41,WashingtonDC6D,38.87,-76.939
8705,1D63823,Multiple_Gunshots,2014-10-15,21:42:43,WashingtonDC1D,38.887,-76.98
8706,6D123678,Multiple_Gunshots,2014-10-15,22:08:42,WashingtonDC6D,38.892,-76.913
8707,6D123679,Single_Gunshot,2014-10-16,00:06:33,WashingtonDC6D,38.878,-76.933
8708,1D63824,Single_Gunshot,2014-10-16,00:34:48,WashingtonDC1D,38.901,-76.998
8709,5D47354,Single_Gunshot,2014-10-16,00:34:50,WashingtonDC5D,38.901,-76.998
8710,1D63825,Single_Gunshot,2014-10-16,00:35:17,WashingtonDC1D,38.901,-76.998
8711,1D63826,Single_Gunshot,2014-10-16,00:38:01,WashingtonDC1D,38.901,-76.999
8712,5D47355,Single_Gunshot,2014-10-16,00:38:02,WashingtonDC5D,38.9,-77.0
8713,1D63827,Single_Gunshot,2014-10-16,02:14:39,WashingtonDC1D,38.9,-76.999
8714,5D47356,Single_Gunshot,2014-10-16,02:14:40,WashingtonDC5D,38.901,-76.999
8715,6D123680,Multiple_Gunshots,2014-10-16,03:40:07,WashingtonDC6D,38.898,-76.93
8716,7D158694,Multiple_Gunshots,2014-10-16,22:22:58,WashingtonDC7D,38.853,-76.979
8717,5D47360,Single_Gunshot,2014-10-17,00:09:13,WashingtonDC5D,38.904,-76.99
8718,5D47361,Multiple_Gunshots,2014-10-17,00:09:23,WashingtonDC5D,38.904,-76.99
8719,6D123699,Single_Gunshot,2014-10-17,00:51:39,WashingtonDC6D,38.882,-76.926
8720,7D158696,Single_Gunshot,2014-10-17,01:10:13,WashingtonDC7D,38.857,-76.973
8721,6D123700,Multiple_Gunshots,2014-10-17,02:17:46,WashingtonDC6D,38.894,-76.923
8722,6D123701,Single_Gunshot,2014-10-17,02:17:59,WashingtonDC6D,38.893,-76.922
8723,6D123702,Single_Gunshot,2014-10-17,02:18:04,WashingtonDC6D,38.893,-76.922
8724,6D123703,Multiple_Gunshots,2014-10-17,02:27:46,WashingtonDC6D,38.873,-76.98
8725,7D158697,Multiple_Gunshots,2014-10-17,02:27:50,WashingtonDC7D,38.873,-76.98
8726,6D123704,Multiple_Gunshots,2014-10-17,02:27:52,WashingtonDC6D,38.873,-76.978
8727,6D123705,Single_Gunshot,2014-10-17,02:42:28,WashingtonDC6D,38.877,-76.932
8728,7D158698,Multiple_Gunshots,2014-10-17,02:42:43,WashingtonDC7D,38.853,-76.976
8729,6D123706,Single_Gunshot,2014-10-17,02:47:16,WashingtonDC6D,38.877,-76.932
8730,4D41540,Multiple_Gunshots,2014-10-17,11:32:52,WashingtonDC4D,38.94,-77.025
8731,1D63844,Multiple_Gunshots,2014-10-17,13:25:49,WashingtonDC1D,38.896,-76.98
8732,1D63845,Multiple_Gunshots,2014-10-17,13:27:33,WashingtonDC1D,38.896,-76.98
8733,1D63846,Multiple_Gunshots,2014-10-17,13:28:31,WashingtonDC1D,38.896,-76.98
8734,6D123723,Multiple_Gunshots,2014-10-17,20:59:47,WashingtonDC6D,38.868,-76.98
8735,6D123725,Single_Gunshot,2014-10-17,21:29:16,WashingtonDC6D,38.877,-76.932
8736,3D48545,Multiple_Gunshots,2014-10-17,21:45:29,WashingtonDC3D,38.926,-77.025
8737,6D123728,Multiple_Gunshots,2014-10-17,22:19:56,WashingtonDC6D,38.874,-76.931
8738,6D123730,Multiple_Gunshots,2014-10-17,22:20:17,WashingtonDC6D,38.874,-76.931
8739,6D123732,Multiple_Gunshots,2014-10-17,22:55:32,WashingtonDC6D,38.874,-76.935
8740,6D123734,Single_Gunshot,2014-10-17,23:27:16,WashingtonDC6D,38.877,-76.932
8741,7D158715,Gunshot_or_Firecracker,2014-10-17,23:44:53,WashingtonDC7D,38.818,-77.004
8742,6D123737,Multiple_Gunshots,2014-10-18,00:22:26,WashingtonDC6D,38.896,-76.96
8743,7D158716,Single_Gunshot,2014-10-18,00:41:52,WashingtonDC7D,38.865,-76.989
8744,6D123739,Single_Gunshot,2014-10-18,01:08:50,WashingtonDC6D,38.885,-76.959
8745,7D158717,Multiple_Gunshots,2014-10-18,01:54:05,WashingtonDC7D,38.843,-76.996
8746,7D158718,Single_Gunshot,2014-10-18,01:58:15,WashingtonDC7D,38.845,-77.0
8747,7D158721,Multiple_Gunshots,2014-10-18,01:59:38,WashingtonDC7D,38.859,-76.998
8748,3D48546,Multiple_Gunshots,2014-10-18,02:28:56,WashingtonDC3D,38.909,-77.025
8749,6D123742,Single_Gunshot,2014-10-18,03:40:37,WashingtonDC6D,38.898,-76.941
8750,7D158722,Single_Gunshot,2014-10-18,03:57:25,WashingtonDC7D,38.827,-77.002
8751,6D123743,Multiple_Gunshots,2014-10-18,08:18:59,WashingtonDC6D,38.91,-76.938
8752,6D123744,Single_Gunshot,2014-10-18,10:22:14,WashingtonDC6D,38.898,-76.94
8753,7D158726,Single_Gunshot,2014-10-18,11:48:28,WashingtonDC7D,38.834,-77.01
8754,6D123745,Multiple_Gunshots,2014-10-18,13:47:21,WashingtonDC6D,38.875,-76.936
8755,7D158728,Single_Gunshot,2014-10-18,21:31:18,WashingtonDC7D,38.848,-77.007
8756,6D123772,Multiple_Gunshots,2014-10-18,21:33:07,WashingtonDC6D,38.885,-76.97
8757,6D123774,Multiple_Gunshots,2014-10-18,21:33:16,WashingtonDC6D,38.885,-76.971
8758,1D63926,Multiple_Gunshots,2014-10-18,21:33:26,WashingtonDC1D,38.885,-76.971
8759,1D63927,Multiple_Gunshots,2014-10-18,21:33:34,WashingtonDC1D,38.885,-76.971
8760,6D123781,Gunshot_or_Firecracker,2014-10-18,21:35:15,WashingtonDC6D,38.89,-76.958
8761,6D123782,Multiple_Gunshots,2014-10-18,21:35:57,WashingtonDC6D,38.885,-76.971
8762,6D123783,Multiple_Gunshots,2014-10-18,21:36:14,WashingtonDC6D,38.885,-76.97
8763,6D123787,Multiple_Gunshots,2014-10-18,21:36:34,WashingtonDC6D,38.885,-76.97
8764,1D63931,Multiple_Gunshots,2014-10-18,21:36:36,WashingtonDC1D,38.888,-76.976
8765,7D158729,Multiple_Gunshots,2014-10-18,21:36:45,WashingtonDC7D,38.847,-77.001
8766,7D158731,Single_Gunshot,2014-10-18,23:59:14,WashingtonDC7D,38.837,-77.003
8767,5D47400,Multiple_Gunshots,2014-10-19,00:14:19,WashingtonDC5D,38.923,-76.986
8768,6D123791,Single_Gunshot,2014-10-19,00:21:08,WashingtonDC6D,38.886,-76.926
8769,4D41557,Multiple_Gunshots,2014-10-19,00:30:33,WashingtonDC4D,38.937,-77.026
8770,7D158732,Multiple_Gunshots,2014-10-19,03:10:07,WashingtonDC7D,38.824,-77.007
8771,6D123793,Single_Gunshot,2014-10-19,03:21:06,WashingtonDC6D,38.901,-76.943
8772,1D63932,Multiple_Gunshots,2014-10-19,04:22:26,WashingtonDC1D,38.899,-76.982
8773,1D63933,Multiple_Gunshots,2014-10-19,04:22:33,WashingtonDC1D,38.9,-76.982
8774,1D63934,Multiple_Gunshots,2014-10-19,04:22:41,WashingtonDC1D,38.899,-76.982
8775,1D63935,Multiple_Gunshots,2014-10-19,04:22:48,WashingtonDC1D,38.899,-76.982
8776,6D123794,Single_Gunshot,2014-10-19,04:38:43,WashingtonDC6D,38.903,-76.943
8777,3D48551,Multiple_Gunshots,2014-10-19,07:44:18,WashingtonDC3D,38.935,-77.031
8778,5D47402,Multiple_Gunshots,2014-10-19,10:38:24,WashingtonDC5D,38.922,-76.993
8779,7D158735,Multiple_Gunshots,2014-10-19,13:29:53,WashingtonDC7D,38.851,-76.976
8780,7D158736,Single_Gunshot,2014-10-19,19:31:00,WashingtonDC7D,38.845,-76.972
8781,6D123802,Multiple_Gunshots,2014-10-19,20:43:52,WashingtonDC6D,38.892,-76.952
8782,5D47407,Multiple_Gunshots,2014-10-19,23:58:57,WashingtonDC5D,38.9,-76.983
8783,1D63943,Multiple_Gunshots,2014-10-19,23:58:57,WashingtonDC1D,38.9,-76.982
8784,1D63944,Single_Gunshot,2014-10-20,00:35:46,WashingtonDC1D,38.899,-76.982
8785,5D47408,Single_Gunshot,2014-10-20,00:35:47,WashingtonDC5D,38.899,-76.982
8786,6D123805,Single_Gunshot,2014-10-20,01:36:51,WashingtonDC6D,38.897,-76.94
8787,7D158739,Single_Gunshot,2014-10-20,02:38:42,WashingtonDC7D,38.835,-77.003
8788,4D41566,Multiple_Gunshots,2014-10-20,02:42:54,WashingtonDC4D,38.952,-77.024
8789,7D158747,Multiple_Gunshots,2014-10-20,10:05:31,WashingtonDC7D,38.847,-76.976
8790,6D123817,Multiple_Gunshots,2014-10-20,13:48:31,WashingtonDC6D,38.892,-76.952
8791,6D123822,Multiple_Gunshots,2014-10-20,17:12:33,WashingtonDC6D,38.869,-76.948
8792,6D123825,Single_Gunshot,2014-10-20,23:35:41,WashingtonDC6D,38.89,-76.952
8793,7D158752,Single_Gunshot,2014-10-20,23:37:53,WashingtonDC7D,38.828,-76.991
8794,6D123826,Single_Gunshot,2014-10-21,00:46:09,WashingtonDC6D,38.892,-76.952
8795,7D158753,Single_Gunshot,2014-10-21,01:08:35,WashingtonDC7D,38.847,-76.973
8796,6D123827,Single_Gunshot,2014-10-21,01:36:12,WashingtonDC6D,38.868,-76.964
8797,7D158754,Single_Gunshot,2014-10-21,03:25:22,WashingtonDC7D,38.845,-76.981
8798,7D158755,Single_Gunshot,2014-10-21,03:27:37,WashingtonDC7D,38.845,-76.981
8799,7D158756,Multiple_Gunshots,2014-10-21,03:29:25,WashingtonDC7D,38.826,-77.0
8800,6D123829,Single_Gunshot,2014-10-21,04:32:32,WashingtonDC6D,38.901,-76.953
8801,6D123830,Single_Gunshot,2014-10-21,08:11:49,WashingtonDC6D,38.893,-76.928
8802,6D123841,Single_Gunshot,2014-10-21,23:41:53,WashingtonDC6D,38.911,-76.937
8803,7D158765,Multiple_Gunshots,2014-10-22,00:27:19,WashingtonDC7D,38.845,-76.999
8804,7D158766,Single_Gunshot,2014-10-22,02:08:29,WashingtonDC7D,38.83,-77.002
8805,5D47420,Single_Gunshot,2014-10-22,03:57:57,WashingtonDC5D,38.922,-76.987
8806,6D123844,Single_Gunshot,2014-10-22,10:31:51,WashingtonDC6D,38.901,-76.938
8807,7D158769,Multiple_Gunshots,2014-10-22,13:29:05,WashingtonDC7D,38.859,-76.998
8808,5D47422,Multiple_Gunshots,2014-10-22,18:59:42,WashingtonDC5D,38.907,-76.991
8809,5D47423,Multiple_Gunshots,2014-10-22,19:07:39,WashingtonDC5D,38.907,-76.991
8810,6D123847,Multiple_Gunshots,2014-10-22,19:49:17,WashingtonDC6D,38.898,-76.932
8811,4D41588,Gunshot_or_Firecracker,2014-10-22,20:57:23,WashingtonDC4D,38.955,-77.01
8812,1D63964,Gunshot_or_Firecracker,2014-10-22,23:26:39,WashingtonDC1D,38.898,-76.976
8813,7D158783,Single_Gunshot,2014-10-23,01:10:15,WashingtonDC7D,38.835,-76.991
8814,7D158784,Single_Gunshot,2014-10-23,01:10:24,WashingtonDC7D,38.835,-76.991
8815,7D158785,Multiple_Gunshots,2014-10-23,01:10:29,WashingtonDC7D,38.835,-76.991
8816,7D158786,Single_Gunshot,2014-10-23,01:10:45,WashingtonDC7D,38.835,-76.991
8817,5D47426,Single_Gunshot,2014-10-23,02:27:07,WashingtonDC5D,38.915,-77.0
8818,5D47428,Single_Gunshot,2014-10-23,03:27:34,WashingtonDC5D,38.91,-77.001
8819,6D123853,Multiple_Gunshots,2014-10-23,17:06:09,WashingtonDC6D,38.903,-76.934
8820,6D123854,Multiple_Gunshots,2014-10-23,17:51:06,WashingtonDC6D,38.875,-76.963
8821,6D123856,Multiple_Gunshots,2014-10-23,20:04:18,WashingtonDC6D,38.899,-76.926
8822,7D158792,Single_Gunshot,2014-10-23,20:11:51,WashingtonDC7D,38.862,-76.98
8823,5D47430,Multiple_Gunshots,2014-10-23,20:43:15,WashingtonDC5D,38.904,-76.985
8824,1D63973,Multiple_Gunshots,2014-10-23,20:43:16,WashingtonDC1D,38.904,-76.985
8825,6D123858,Multiple_Gunshots,2014-10-23,23:20:16,WashingtonDC6D,38.899,-76.926
8826,6D123859,Multiple_Gunshots,2014-10-23,23:20:20,WashingtonDC6D,38.897,-76.926
8827,7D158797,Multiple_Gunshots,2014-10-23,23:22:42,WashingtonDC7D,38.835,-76.991
8828,7D158798,Single_Gunshot,2014-10-23,23:23:00,WashingtonDC7D,38.835,-76.992
8829,7D158799,Single_Gunshot,2014-10-24,00:15:14,WashingtonDC7D,38.858,-76.986
8830,7D158800,Single_Gunshot,2014-10-24,00:15:30,WashingtonDC7D,38.858,-76.986
8831,6D123860,Multiple_Gunshots,2014-10-24,00:20:16,WashingtonDC6D,38.903,-76.943
8832,5D47431,Single_Gunshot,2014-10-24,02:26:59,WashingtonDC5D,38.937,-76.956
8833,1D63974,Single_Gunshot,2014-10-24,02:43:21,WashingtonDC1D,38.9,-76.977
8834,5D47432,Single_Gunshot,2014-10-24,02:43:33,WashingtonDC5D,38.9,-76.977
8835,1D63975,Multiple_Gunshots,2014-10-24,02:43:33,WashingtonDC1D,38.9,-76.977
8836,7D158801,Multiple_Gunshots,2014-10-24,02:48:38,WashingtonDC7D,38.858,-76.997
8837,1D63976,Multiple_Gunshots,2014-10-24,03:17:22,WashingtonDC1D,38.899,-76.982
8838,4D41596,Multiple_Gunshots,2014-10-24,07:29:03,WashingtonDC4D,38.944,-77.029
8839,6D123865,Multiple_Gunshots,2014-10-24,15:32:19,WashingtonDC6D,38.884,-76.923
8840,5D47436,Gunshot_or_Firecracker,2014-10-24,23:13:54,WashingtonDC5D,38.903,-76.987
8841,5D47437,Multiple_Gunshots,2014-10-24,23:14:58,WashingtonDC5D,38.903,-76.987
8842,1D63983,Multiple_Gunshots,2014-10-24,23:14:58,WashingtonDC1D,38.903,-76.988
8843,6D123870,Multiple_Gunshots,2014-10-24,23:21:12,WashingtonDC6D,38.884,-76.931
8844,7D158809,Single_Gunshot,2014-10-25,00:02:27,WashingtonDC7D,38.835,-77.007
8845,7D158810,Multiple_Gunshots,2014-10-25,00:15:34,WashingtonDC7D,38.835,-76.991
8846,7D158814,Multiple_Gunshots,2014-10-25,00:17:34,WashingtonDC7D,38.835,-76.991
8847,7D158815,Multiple_Gunshots,2014-10-25,00:17:49,WashingtonDC7D,38.835,-76.991
8848,7D158817,Single_Gunshot,2014-10-25,01:24:11,WashingtonDC7D,38.831,-77.005
8849,5D47438,Single_Gunshot,2014-10-25,01:31:31,WashingtonDC5D,38.905,-76.984
8850,1D63984,Multiple_Gunshots,2014-10-25,01:31:32,WashingtonDC1D,38.905,-76.984
8851,7D158818,Multiple_Gunshots,2014-10-25,01:40:37,WashingtonDC7D,38.841,-76.99
8852,7D158819,Multiple_Gunshots,2014-10-25,02:19:56,WashingtonDC7D,38.857,-76.972
8853,7D158820,Single_Gunshot,2014-10-25,03:08:40,WashingtonDC7D,38.847,-77.001
8854,6D123871,Single_Gunshot,2014-10-25,03:37:42,WashingtonDC6D,38.912,-76.936
8855,7D158821,Single_Gunshot,2014-10-25,04:34:40,WashingtonDC7D,38.842,-76.986
8856,5D47439,Single_Gunshot,2014-10-25,04:37:48,WashingtonDC5D,38.918,-77.012
8857,3D48564,Gunshot_or_Firecracker,2014-10-25,04:37:48,WashingtonDC3D,38.918,-77.012
8858,3D48565,Single_Gunshot,2014-10-25,04:42:25,WashingtonDC3D,38.919,-77.028
8859,6D123872,Single_Gunshot,2014-10-25,04:44:58,WashingtonDC6D,38.9,-76.926
8860,6D123878,Multiple_Gunshots,2014-10-25,20:50:58,WashingtonDC6D,38.877,-76.931
8861,1D63985,Multiple_Gunshots,2014-10-25,21:58:13,WashingtonDC1D,38.872,-77.012
8862,5D47445,Multiple_Gunshots,2014-10-25,22:10:49,WashingtonDC5D,38.922,-76.988
8863,5D47446,Gunshot_or_Firecracker,2014-10-25,22:18:44,WashingtonDC5D,38.934,-76.977
8864,5D47447,Gunshot_or_Firecracker,2014-10-25,22:18:59,WashingtonDC5D,38.934,-76.976
8865,5D47448,Single_Gunshot,2014-10-25,22:19:27,WashingtonDC5D,38.935,-76.977
8866,5D47449,Single_Gunshot,2014-10-25,22:37:17,WashingtonDC5D,38.912,-77.008
8867,3D48568,Multiple_Gunshots,2014-10-25,22:50:09,WashingtonDC3D,38.912,-77.022
8868,3D48569,Multiple_Gunshots,2014-10-25,22:50:17,WashingtonDC3D,38.911,-77.021
8869,3D48570,Multiple_Gunshots,2014-10-25,22:50:19,WashingtonDC3D,38.912,-77.022
8870,1D63986,Single_Gunshot,2014-10-25,23:18:44,WashingtonDC1D,38.893,-76.979
8871,6D123881,Multiple_Gunshots,2014-10-25,23:22:29,WashingtonDC6D,38.869,-76.949
8872,6D123882,Multiple_Gunshots,2014-10-25,23:29:28,WashingtonDC6D,38.89,-76.966
8873,6D123883,Multiple_Gunshots,2014-10-25,23:29:35,WashingtonDC6D,38.885,-76.958
8874,7D158844,Multiple_Gunshots,2014-10-25,23:29:39,WashingtonDC7D,38.856,-76.968
8875,1D63987,Single_Gunshot,2014-10-25,23:32:25,WashingtonDC1D,38.89,-76.983
8876,1D63988,Multiple_Gunshots,2014-10-25,23:36:20,WashingtonDC1D,38.89,-76.983
8877,6D123884,Single_Gunshot,2014-10-26,00:00:11,WashingtonDC6D,38.897,-76.941
8878,7D158846,Single_Gunshot,2014-10-26,00:32:32,WashingtonDC7D,38.827,-76.998
8879,5D47450,Multiple_Gunshots,2014-10-26,01:06:43,WashingtonDC5D,38.903,-76.983
8880,7D158847,Single_Gunshot,2014-10-26,01:58:14,WashingtonDC7D,38.824,-77.002
8881,6D123885,Single_Gunshot,2014-10-26,02:17:33,WashingtonDC6D,38.901,-76.947
8882,7D158848,Single_Gunshot,2014-10-26,02:17:45,WashingtonDC7D,38.84,-76.994
8883,7D158849,Multiple_Gunshots,2014-10-26,02:20:52,WashingtonDC7D,38.836,-76.992
8884,7D158850,Single_Gunshot,2014-10-26,02:21:16,WashingtonDC7D,38.837,-76.992
8885,7D158851,Single_Gunshot,2014-10-26,02:22:46,WashingtonDC7D,38.843,-76.988
8886,5D47451,Single_Gunshot,2014-10-26,02:38:03,WashingtonDC5D,38.922,-76.987
8887,7D158852,Multiple_Gunshots,2014-10-26,02:58:43,WashingtonDC7D,38.845,-77.0
8888,4D41623,Multiple_Gunshots,2014-10-26,03:12:16,WashingtonDC4D,38.937,-77.029
8889,3D48571,Multiple_Gunshots,2014-10-26,03:12:16,WashingtonDC3D,38.937,-77.031
8890,6D123887,Single_Gunshot,2014-10-26,03:31:47,WashingtonDC6D,38.906,-76.926
8891,7D158854,Single_Gunshot,2014-10-26,03:45:39,WashingtonDC7D,38.845,-77.0
8892,6D123890,Single_Gunshot,2014-10-26,09:32:37,WashingtonDC6D,38.894,-76.929
8893,4D41625,Single_Gunshot,2014-10-26,10:06:29,WashingtonDC4D,38.942,-77.031
8894,7D158855,Multiple_Gunshots,2014-10-26,12:31:53,WashingtonDC7D,38.851,-76.974
8895,7D158856,Multiple_Gunshots,2014-10-26,12:31:57,WashingtonDC7D,38.851,-76.974
8896,6D123891,Multiple_Gunshots,2014-10-26,16:28:10,WashingtonDC6D,38.893,-76.925
8897,7D158858,Single_Gunshot,2014-10-26,23:07:59,WashingtonDC7D,38.825,-77.002
8898,1D63991,Multiple_Gunshots,2014-10-26,23:10:15,WashingtonDC1D,38.878,-77.015
8899,7D158860,Single_Gunshot,2014-10-26,23:35:25,WashingtonDC7D,38.845,-76.978
8900,1D63992,Multiple_Gunshots,2014-10-26,23:47:59,WashingtonDC1D,38.877,-77.014
8901,5D47456,Single_Gunshot,2014-10-27,02:08:21,WashingtonDC5D,38.9,-76.975
8902,1D63994,Single_Gunshot,2014-10-27,02:08:21,WashingtonDC1D,38.9,-76.975
8903,1D64005,Multiple_Gunshots,2014-10-27,18:58:10,WashingtonDC1D,38.873,-77.017
8904,5D47464,Multiple_Gunshots,2014-10-27,19:30:59,WashingtonDC5D,38.902,-76.979
8905,5D47468,Gunshot_or_Firecracker,2014-10-27,22:11:57,WashingtonDC5D,38.902,-76.986
8906,1D64006,Single_Gunshot,2014-10-27,23:27:20,WashingtonDC1D,38.877,-77.014
8907,6D123917,Multiple_Gunshots,2014-10-27,23:43:07,WashingtonDC6D,38.909,-76.935
8908,6D123919,Multiple_Gunshots,2014-10-27,23:43:35,WashingtonDC6D,38.881,-76.929
8909,6D123920,Multiple_Gunshots,2014-10-27,23:43:44,WashingtonDC6D,38.881,-76.927
8910,6D123923,Single_Gunshot,2014-10-27,23:45:31,WashingtonDC6D,38.886,-76.926
8911,5D47469,Single_Gunshot,2014-10-27,23:47:22,WashingtonDC5D,38.931,-76.965
8912,5D47470,Single_Gunshot,2014-10-27,23:47:30,WashingtonDC5D,38.931,-76.965
8913,1D64012,Multiple_Gunshots,2014-10-27,23:51:39,WashingtonDC1D,38.864,-77.007
8914,6D123924,Multiple_Gunshots,2014-10-28,00:02:48,WashingtonDC6D,38.858,-76.979
8915,6D123925,Multiple_Gunshots,2014-10-28,00:07:02,WashingtonDC6D,38.886,-76.923
8916,6D123926,Multiple_Gunshots,2014-10-28,00:18:15,WashingtonDC6D,38.892,-76.945
8917,6D123927,Gunshot_or_Firecracker,2014-10-28,00:18:22,WashingtonDC6D,38.892,-76.945
8918,5D47471,Single_Gunshot,2014-10-28,00:36:56,WashingtonDC5D,38.907,-77.01
8919,6D123928,Single_Gunshot,2014-10-28,00:41:28,WashingtonDC6D,38.877,-76.922
8920,7D158890,Single_Gunshot,2014-10-28,03:00:33,WashingtonDC7D,38.857,-76.973
8921,5D47472,Gunshot_or_Firecracker,2014-10-28,03:06:19,WashingtonDC5D,38.908,-76.986
8922,6D123931,Single_Gunshot,2014-10-28,15:57:00,WashingtonDC6D,38.889,-76.954
8923,7D158898,Single_Gunshot,2014-10-28,21:32:38,WashingtonDC7D,38.834,-76.988
8924,6D123936,Single_Gunshot,2014-10-28,21:44:40,WashingtonDC6D,38.894,-76.925
8925,5D47476,Multiple_Gunshots,2014-10-28,22:36:47,WashingtonDC5D,38.904,-76.977
8926,4D41647,Single_Gunshot,2014-10-28,22:38:21,WashingtonDC4D,38.949,-77.018
8927,4D41648,Multiple_Gunshots,2014-10-28,22:42:37,WashingtonDC4D,38.951,-77.024
8928,1D64019,Single_Gunshot,2014-10-28,23:12:43,WashingtonDC1D,38.896,-76.981
8929,5D47477,Gunshot_or_Firecracker,2014-10-28,23:12:44,WashingtonDC5D,38.896,-76.981
8930,7D158899,Multiple_Gunshots,2014-10-28,23:18:15,WashingtonDC7D,38.845,-76.979
8931,3D48588,Multiple_Gunshots,2014-10-28,23:25:37,WashingtonDC3D,38.922,-77.025
8932,7D158900,Multiple_Gunshots,2014-10-28,23:49:30,WashingtonDC7D,38.845,-76.999
8933,7D158901,Single_Gunshot,2014-10-29,01:00:12,WashingtonDC7D,38.838,-76.988
8934,6D123937,Multiple_Gunshots,2014-10-29,01:25:36,WashingtonDC6D,38.893,-76.921
8935,7D158902,Single_Gunshot,2014-10-29,01:41:08,WashingtonDC7D,38.829,-76.997
8936,7D158914,Single_Gunshot,2014-10-29,23:14:54,WashingtonDC7D,38.836,-76.991
8937,6D123951,Multiple_Gunshots,2014-10-30,00:08:57,WashingtonDC6D,38.872,-76.971
8938,6D123955,Single_Gunshot,2014-10-30,00:47:29,WashingtonDC6D,38.906,-76.927
8939,6D123956,Single_Gunshot,2014-10-30,00:48:13,WashingtonDC6D,38.874,-76.929
8940,6D123957,Single_Gunshot,2014-10-30,01:27:49,WashingtonDC6D,38.882,-76.939
8941,5D47480,Single_Gunshot,2014-10-30,02:59:25,WashingtonDC5D,38.911,-76.987
8942,6D123961,Multiple_Gunshots,2014-10-30,17:57:09,WashingtonDC6D,38.891,-76.919
8943,6D123966,Multiple_Gunshots,2014-10-30,20:21:37,WashingtonDC6D,38.877,-76.932
8944,4D41664,Single_Gunshot,2014-10-30,21:54:22,WashingtonDC4D,38.945,-77.016
8945,7D158933,Single_Gunshot,2014-10-30,23:33:19,WashingtonDC7D,38.836,-77.003
8946,6D123969,Single_Gunshot,2014-10-30,23:53:55,WashingtonDC6D,38.883,-76.95
8947,6D123970,Single_Gunshot,2014-10-30,23:54:33,WashingtonDC6D,38.883,-76.95
8948,6D123971,Single_Gunshot,2014-10-31,00:01:04,WashingtonDC6D,38.886,-76.953
8949,7D158934,Single_Gunshot,2014-10-31,02:38:27,WashingtonDC7D,38.837,-76.985
8950,6D123980,Multiple_Gunshots,2014-10-31,11:32:56,WashingtonDC6D,38.89,-76.933
8951,7D158942,Multiple_Gunshots,2014-10-31,19:28:02,WashingtonDC7D,38.859,-76.968
8952,3D48611,Gunshot_or_Firecracker,2014-11-02,01:16:09,WashingtonDC3D,38.919,-77.034
8953,3D48612,Gunshot_or_Firecracker,2014-11-02,01:16:15,WashingtonDC3D,38.919,-77.035
8954,3D48613,Single_Gunshot,2014-11-02,01:16:20,WashingtonDC3D,38.918,-77.033
8955,6D124022,Single_Gunshot,2014-11-02,02:24:51,WashingtonDC6D,38.883,-76.959
8956,6D124023,Single_Gunshot,2014-11-02,02:25:16,WashingtonDC6D,38.883,-76.96
8957,1D64070,Multiple_Gunshots,2014-11-02,02:34:30,WashingtonDC1D,38.899,-76.982
8958,7D158971,Multiple_Gunshots,2014-11-02,03:26:00,WashingtonDC7D,38.839,-76.993
8959,6D124024,Multiple_Gunshots,2014-11-02,04:59:03,WashingtonDC6D,38.911,-76.936
8960,6D124039,Multiple_Gunshots,2014-11-03,20:19:07,WashingtonDC6D,38.893,-76.925
8961,3D48616,Multiple_Gunshots,2014-11-03,21:29:55,WashingtonDC3D,38.914,-77.023
8962,3D48617,Multiple_Gunshots,2014-11-03,21:30:20,WashingtonDC3D,38.913,-77.023
8963,6D124041,Single_Gunshot,2014-11-03,22:09:59,WashingtonDC6D,38.882,-76.935
8964,7D158977,Single_Gunshot,2014-11-03,23:11:49,WashingtonDC7D,38.847,-76.978
8965,7D158978,Single_Gunshot,2014-11-03,23:15:11,WashingtonDC7D,38.85,-76.973
8966,7D158979,Single_Gunshot,2014-11-03,23:18:25,WashingtonDC7D,38.85,-76.973
8967,5D47509,Multiple_Gunshots,2014-11-03,23:36:50,WashingtonDC5D,38.923,-77.002
8968,6D124042,Multiple_Gunshots,2014-11-04,00:31:03,WashingtonDC6D,38.873,-76.936
8969,7D158980,Multiple_Gunshots,2014-11-04,00:35:42,WashingtonDC7D,38.845,-76.972
8970,6D124043,Multiple_Gunshots,2014-11-04,01:22:03,WashingtonDC6D,38.906,-76.948
8971,3D48618,Multiple_Gunshots,2014-11-04,01:43:20,WashingtonDC3D,38.928,-77.029
8972,6D124044,Multiple_Gunshots,2014-11-04,02:06:33,WashingtonDC6D,38.89,-76.959
8973,5D47510,Single_Gunshot,2014-11-04,02:17:02,WashingtonDC5D,38.918,-76.996
8974,7D158981,Multiple_Gunshots,2014-11-04,02:33:40,WashingtonDC7D,38.834,-76.983
8975,5D47512,Multiple_Gunshots,2014-11-04,06:32:32,WashingtonDC5D,38.911,-76.998
8976,7D158986,Multiple_Gunshots,2014-11-04,09:15:46,WashingtonDC7D,38.844,-76.978
8977,7D158987,Multiple_Gunshots,2014-11-04,20:49:28,WashingtonDC7D,38.836,-77.005
8978,5D47519,Multiple_Gunshots,2014-11-04,22:01:09,WashingtonDC5D,38.909,-76.989
8979,7D158989,Single_Gunshot,2014-11-04,22:54:01,WashingtonDC7D,38.828,-76.997
8980,4D41705,Single_Gunshot,2014-11-04,23:21:29,WashingtonDC4D,38.949,-77.021
8981,7D158991,Gunshot_or_Firecracker,2014-11-04,23:44:46,WashingtonDC7D,38.827,-76.995
8982,7D158992,Single_Gunshot,2014-11-04,23:47:09,WashingtonDC7D,38.854,-76.973
8983,6D124058,Single_Gunshot,2014-11-05,00:32:52,WashingtonDC6D,38.884,-76.956
8984,7D158993,Multiple_Gunshots,2014-11-05,00:36:30,WashingtonDC7D,38.845,-76.973
8985,4D41706,Single_Gunshot,2014-11-05,03:03:23,WashingtonDC4D,38.941,-77.03
8986,6D124059,Single_Gunshot,2014-11-05,03:32:21,WashingtonDC6D,38.885,-76.953
8987,6D124079,Multiple_Gunshots,2014-11-05,17:58:08,WashingtonDC6D,38.902,-76.932
8988,1D64122,Gunshot_or_Firecracker,2014-11-05,18:13:46,WashingtonDC1D,38.901,-76.983
8989,3D48626,Multiple_Gunshots,2014-11-05,20:09:44,WashingtonDC3D,38.923,-77.026
8990,7D158999,Multiple_Gunshots,2014-11-05,21:07:55,WashingtonDC7D,38.821,-77.009
8991,7D159000,Multiple_Gunshots,2014-11-06,01:46:58,WashingtonDC7D,38.848,-76.975
8992,7D159001,Single_Gunshot,2014-11-06,01:47:01,WashingtonDC7D,38.845,-76.988
8993,7D159002,Multiple_Gunshots,2014-11-06,01:47:02,WashingtonDC7D,38.843,-76.991
8994,7D159003,Multiple_Gunshots,2014-11-06,01:47:04,WashingtonDC7D,38.847,-76.976
8995,7D159007,Multiple_Gunshots,2014-11-06,19:58:54,WashingtonDC7D,38.842,-76.985
8996,7D159009,Single_Gunshot,2014-11-06,20:56:01,WashingtonDC7D,38.827,-77.002
8997,4D41725,Gunshot_or_Firecracker,2014-11-06,21:35:19,WashingtonDC4D,38.944,-77.026
8998,5D47536,Multiple_Gunshots,2014-11-06,22:13:58,WashingtonDC5D,38.927,-76.974
8999,6D124091,Gunshot_or_Firecracker,2014-11-06,23:36:12,WashingtonDC6D,38.894,-76.923
9000,5D47537,Gunshot_or_Firecracker,2014-11-06,23:48:16,WashingtonDC5D,38.913,-76.992
9001,7D159011,Multiple_Gunshots,2014-11-07,01:18:33,WashingtonDC7D,38.838,-76.988
9002,6D124095,Multiple_Gunshots,2014-11-07,10:44:02,WashingtonDC6D,38.884,-76.945
9003,7D159018,Multiple_Gunshots,2014-11-07,14:38:07,WashingtonDC7D,38.83,-77.002
9004,7D159019,Multiple_Gunshots,2014-11-07,15:22:43,WashingtonDC7D,38.852,-76.977
9005,7D159022,Multiple_Gunshots,2014-11-07,21:35:20,WashingtonDC7D,38.847,-77.003
9006,7D159023,Multiple_Gunshots,2014-11-07,21:35:57,WashingtonDC7D,38.847,-77.003
9007,5D47539,Multiple_Gunshots,2014-11-07,22:22:36,WashingtonDC5D,38.91,-76.984
9008,7D159024,Multiple_Gunshots,2014-11-07,22:50:55,WashingtonDC7D,38.864,-76.992
9009,7D159025,Single_Gunshot,2014-11-07,23:10:56,WashingtonDC7D,38.85,-76.977
9010,7D159026,Single_Gunshot,2014-11-08,00:00:26,WashingtonDC7D,38.827,-77.003
9011,6D124107,Multiple_Gunshots,2014-11-08,00:01:14,WashingtonDC6D,38.893,-76.929
9012,7D159027,Multiple_Gunshots,2014-11-08,00:07:52,WashingtonDC7D,38.846,-76.973
9013,3D48631,Single_Gunshot,2014-11-08,01:00:44,WashingtonDC3D,38.908,-77.023
9014,7D159028,Single_Gunshot,2014-11-08,01:53:30,WashingtonDC7D,38.827,-77.003
9015,5D47540,Single_Gunshot,2014-11-08,03:48:17,WashingtonDC5D,38.921,-76.981
9016,7D159029,Multiple_Gunshots,2014-11-08,04:28:59,WashingtonDC7D,38.847,-76.973
9017,1D64160,Multiple_Gunshots,2014-11-08,11:00:22,WashingtonDC1D,38.878,-77.015
9018,7D159031,Single_Gunshot,2014-11-08,11:12:05,WashingtonDC7D,38.822,-77.0
9019,6D124113,Single_Gunshot,2014-11-08,12:33:28,WashingtonDC6D,38.901,-76.927
9020,6D124114,Single_Gunshot,2014-11-08,12:51:48,WashingtonDC6D,38.896,-76.921
9021,6D124118,Multiple_Gunshots,2014-11-08,15:35:46,WashingtonDC6D,38.889,-76.971
9022,7D159034,Single_Gunshot,2014-11-08,15:41:32,WashingtonDC7D,38.828,-77.003
9023,1D64169,Multiple_Gunshots,2014-11-08,17:26:25,WashingtonDC1D,38.878,-77.014
9024,6D124122,Multiple_Gunshots,2014-11-08,19:39:46,WashingtonDC6D,38.895,-76.955
9025,6D124125,Single_Gunshot,2014-11-08,20:03:42,WashingtonDC6D,38.893,-76.949
9026,7D159037,Single_Gunshot,2014-11-08,20:26:36,WashingtonDC7D,38.849,-76.972
9027,7D159038,Multiple_Gunshots,2014-11-08,20:31:01,WashingtonDC7D,38.825,-77.002
9028,7D159042,Multiple_Gunshots,2014-11-08,21:18:21,WashingtonDC7D,38.852,-76.966
9029,7D159044,Multiple_Gunshots,2014-11-08,21:40:25,WashingtonDC7D,38.837,-77.006
9030,6D124129,Single_Gunshot,2014-11-08,21:49:04,WashingtonDC6D,38.863,-76.986
9031,7D159045,Multiple_Gunshots,2014-11-08,22:15:43,WashingtonDC7D,38.827,-77.005
9032,7D159046,Multiple_Gunshots,2014-11-08,22:36:10,WashingtonDC7D,38.826,-77.003
9033,7D159047,Multiple_Gunshots,2014-11-08,22:36:16,WashingtonDC7D,38.828,-77.0
9034,7D159050,Multiple_Gunshots,2014-11-09,00:36:51,WashingtonDC7D,38.827,-76.999
9035,7D159053,Single_Gunshot,2014-11-09,01:34:45,WashingtonDC7D,38.843,-76.99
9036,5D47549,Single_Gunshot,2014-11-09,02:56:49,WashingtonDC5D,38.907,-77.006
9037,6D124130,Single_Gunshot,2014-11-09,03:17:50,WashingtonDC6D,38.896,-76.93
9038,5D47550,Single_Gunshot,2014-11-09,03:19:29,WashingtonDC5D,38.91,-76.985
9039,5D47551,Multiple_Gunshots,2014-11-09,03:19:40,WashingtonDC5D,38.912,-76.984
9040,5D47552,Single_Gunshot,2014-11-09,03:19:43,WashingtonDC5D,38.915,-76.987
9041,5D47553,Multiple_Gunshots,2014-11-09,03:19:44,WashingtonDC5D,38.913,-76.985
9042,5D47554,Multiple_Gunshots,2014-11-09,03:19:45,WashingtonDC5D,38.913,-76.989
9043,6D124131,Single_Gunshot,2014-11-09,04:28:05,WashingtonDC6D,38.893,-76.949
9044,7D159056,Multiple_Gunshots,2014-11-09,13:03:44,WashingtonDC7D,38.843,-76.985
9045,7D159057,Multiple_Gunshots,2014-11-09,13:03:49,WashingtonDC7D,38.843,-76.985
9046,7D159061,Multiple_Gunshots,2014-11-09,14:55:29,WashingtonDC7D,38.831,-77.004
9047,6D124138,Multiple_Gunshots,2014-11-09,19:33:52,WashingtonDC6D,38.886,-76.95
9048,6D124141,Multiple_Gunshots,2014-11-09,22:38:32,WashingtonDC6D,38.885,-76.959
9049,6D124142,Multiple_Gunshots,2014-11-09,23:12:54,WashingtonDC6D,38.898,-76.925
9050,7D159067,Single_Gunshot,2014-11-10,00:25:35,WashingtonDC7D,38.824,-77.006
9051,5D47561,Multiple_Gunshots,2014-11-10,02:34:24,WashingtonDC5D,38.912,-76.997
9052,3D48643,Single_Gunshot,2014-11-10,02:34:26,WashingtonDC3D,38.91,-77.002
9053,5D47562,Multiple_Gunshots,2014-11-10,02:34:31,WashingtonDC5D,38.912,-76.998
9054,6D124143,Multiple_Gunshots,2014-11-10,04:16:51,WashingtonDC6D,38.881,-76.928
9055,5D47564,Single_Gunshot,2014-11-10,05:15:00,WashingtonDC5D,38.92,-76.991
9056,6D124154,Single_Gunshot,2014-11-10,17:41:54,WashingtonDC6D,38.883,-76.931
9057,6D124156,Multiple_Gunshots,2014-11-10,18:49:08,WashingtonDC6D,38.858,-76.969
9058,6D124157,Multiple_Gunshots,2014-11-10,18:59:39,WashingtonDC6D,38.895,-76.93
9059,6D124161,Multiple_Gunshots,2014-11-10,19:30:24,WashingtonDC6D,38.883,-76.938
9060,6D124162,Multiple_Gunshots,2014-11-10,19:30:32,WashingtonDC6D,38.905,-76.931
9061,7D159072,Multiple_Gunshots,2014-11-10,20:47:59,WashingtonDC7D,38.831,-77.005
9062,5D47577,Multiple_Gunshots,2014-11-10,21:26:26,WashingtonDC5D,38.903,-76.982
9063,5D47578,Single_Gunshot,2014-11-10,21:26:40,WashingtonDC5D,38.921,-76.972
9064,5D47579,Multiple_Gunshots,2014-11-10,21:34:02,WashingtonDC5D,38.908,-76.984
9065,6D124169,Multiple_Gunshots,2014-11-10,21:41:29,WashingtonDC6D,38.885,-76.93
9066,7D159074,Multiple_Gunshots,2014-11-10,22:58:20,WashingtonDC7D,38.833,-77.005
9067,7D159076,Multiple_Gunshots,2014-11-10,22:58:31,WashingtonDC7D,38.833,-77.005
9068,7D159077,Single_Gunshot,2014-11-10,22:58:38,WashingtonDC7D,38.833,-77.006
9069,7D159078,Single_Gunshot,2014-11-10,22:58:48,WashingtonDC7D,38.832,-77.004
9070,7D159079,Single_Gunshot,2014-11-10,22:58:50,WashingtonDC7D,38.832,-77.004
9071,7D159080,Single_Gunshot,2014-11-10,22:59:18,WashingtonDC7D,38.831,-77.005
9072,5D47580,Multiple_Gunshots,2014-11-10,23:06:57,WashingtonDC5D,38.9,-76.976
9073,5D47581,Multiple_Gunshots,2014-11-10,23:07:22,WashingtonDC5D,38.9,-76.976
9074,1D64188,Single_Gunshot,2014-11-10,23:07:22,WashingtonDC1D,38.9,-76.976
9075,6D124172,Single_Gunshot,2014-11-10,23:15:22,WashingtonDC6D,38.868,-76.984
9076,5D47582,Multiple_Gunshots,2014-11-10,23:55:13,WashingtonDC5D,38.899,-76.982
9077,1D64189,Single_Gunshot,2014-11-10,23:55:13,WashingtonDC1D,38.899,-76.982
9078,5D47583,Gunshot_or_Firecracker,2014-11-10,23:57:59,WashingtonDC5D,38.92,-76.97
9079,5D47584,Multiple_Gunshots,2014-11-11,00:44:00,WashingtonDC5D,38.906,-76.989
9080,7D159081,Single_Gunshot,2014-11-11,00:46:56,WashingtonDC7D,38.842,-76.995
9081,6D124173,Single_Gunshot,2014-11-11,00:58:36,WashingtonDC6D,38.899,-76.932
9082,5D47585,Multiple_Gunshots,2014-11-11,01:49:20,WashingtonDC5D,38.904,-76.975
9083,1D64190,Single_Gunshot,2014-11-11,01:49:21,WashingtonDC1D,38.904,-76.976
9084,1D64191,Multiple_Gunshots,2014-11-11,01:49:25,WashingtonDC1D,38.905,-76.976
9085,5D47586,Multiple_Gunshots,2014-11-11,02:54:18,WashingtonDC5D,38.915,-76.999
9086,6D124174,Single_Gunshot,2014-11-11,03:09:37,WashingtonDC6D,38.895,-76.929
9087,6D124176,Multiple_Gunshots,2014-11-11,04:06:45,WashingtonDC6D,38.89,-76.958
9088,6D124177,Single_Gunshot,2014-11-11,04:06:50,WashingtonDC6D,38.89,-76.958
9089,6D124191,Single_Gunshot,2014-11-11,16:16:46,WashingtonDC6D,38.878,-76.927
9090,7D159092,Multiple_Gunshots,2014-11-11,20:52:21,WashingtonDC7D,38.828,-77.006
9091,5D47597,Multiple_Gunshots,2014-11-11,21:55:34,WashingtonDC5D,38.911,-76.985
9092,6D124200,Multiple_Gunshots,2014-11-11,22:01:21,WashingtonDC6D,38.881,-76.936
9093,6D124201,Single_Gunshot,2014-11-11,22:51:57,WashingtonDC6D,38.871,-76.939
9094,7D159093,Single_Gunshot,2014-11-12,00:26:17,WashingtonDC7D,38.845,-76.989
9095,6D124202,Gunshot_or_Firecracker,2014-11-12,00:50:19,WashingtonDC6D,38.89,-76.967
9096,5D47599,Single_Gunshot,2014-11-12,00:50:19,WashingtonDC5D,38.89,-76.967
9097,1D64217,Single_Gunshot,2014-11-12,00:50:19,WashingtonDC1D,38.89,-76.967
9098,6D124203,Multiple_Gunshots,2014-11-12,05:13:42,WashingtonDC6D,38.864,-76.98
9099,7D159097,Multiple_Gunshots,2014-11-12,11:13:17,WashingtonDC7D,38.846,-76.997
9100,7D159105,Multiple_Gunshots,2014-11-13,00:33:59,WashingtonDC7D,38.843,-76.979
9101,6D124220,Single_Gunshot,2014-11-13,01:33:30,WashingtonDC6D,38.894,-76.949
9102,6D124221,Single_Gunshot,2014-11-13,02:03:10,WashingtonDC6D,38.89,-76.958
9103,7D159106,Single_Gunshot,2014-11-13,03:11:13,WashingtonDC7D,38.846,-77.004
9104,7D159114,Multiple_Gunshots,2014-11-13,15:40:16,WashingtonDC7D,38.847,-76.983
9105,5D47608,Multiple_Gunshots,2014-11-13,18:01:14,WashingtonDC5D,38.903,-76.975
9106,5D47609,Multiple_Gunshots,2014-11-13,22:40:41,WashingtonDC5D,38.92,-76.981
9107,7D159118,Multiple_Gunshots,2014-11-14,01:17:15,WashingtonDC7D,38.856,-76.971
9108,6D124269,Multiple_Gunshots,2014-11-14,20:06:14,WashingtonDC6D,38.875,-76.966
9109,7D159131,Multiple_Gunshots,2014-11-14,20:41:46,WashingtonDC7D,38.843,-76.986
9110,7D159132,Multiple_Gunshots,2014-11-15,00:15:15,WashingtonDC7D,38.858,-76.998
9111,6D124275,Single_Gunshot,2014-11-15,01:41:19,WashingtonDC6D,38.882,-76.936
9112,6D124276,Single_Gunshot,2014-11-15,02:26:25,WashingtonDC6D,38.904,-76.942
9113,6D124277,Single_Gunshot,2014-11-15,02:28:08,WashingtonDC6D,38.92,-76.931
9114,6D124278,Multiple_Gunshots,2014-11-15,02:29:19,WashingtonDC6D,38.912,-76.935
9115,7D159133,Single_Gunshot,2014-11-15,07:08:03,WashingtonDC7D,38.86,-76.967
9116,6D124296,Single_Gunshot,2014-11-15,10:32:41,WashingtonDC6D,38.902,-76.939
9117,5D47615,Multiple_Gunshots,2014-11-15,11:12:43,WashingtonDC5D,38.907,-76.991
9118,7D159135,Multiple_Gunshots,2014-11-15,18:05:04,WashingtonDC7D,38.843,-76.985
9119,6D124307,Single_Gunshot,2014-11-15,18:07:33,WashingtonDC6D,38.912,-76.935
9120,6D124308,Multiple_Gunshots,2014-11-15,18:29:06,WashingtonDC6D,38.877,-76.931
9121,5D47617,Single_Gunshot,2014-11-15,18:48:34,WashingtonDC5D,38.929,-76.972
9122,6D124310,Gunshot_or_Firecracker,2014-11-15,19:06:18,WashingtonDC6D,38.877,-76.932
9123,6D124311,Single_Gunshot,2014-11-15,19:49:40,WashingtonDC6D,38.887,-76.925
9124,6D124312,Multiple_Gunshots,2014-11-15,19:50:36,WashingtonDC6D,38.877,-76.932
9125,7D159137,Single_Gunshot,2014-11-15,22:04:04,WashingtonDC7D,38.839,-76.998
9126,7D159138,Single_Gunshot,2014-11-15,22:04:14,WashingtonDC7D,38.839,-76.997
9127,7D159140,Single_Gunshot,2014-11-16,00:24:04,WashingtonDC7D,38.842,-76.989
9128,4D41763,Multiple_Gunshots,2014-11-16,03:12:11,WashingtonDC4D,38.948,-77.035
9129,6D124316,Single_Gunshot,2014-11-16,03:47:50,WashingtonDC6D,38.889,-76.956
9130,4D41764,Single_Gunshot,2014-11-16,06:00:06,WashingtonDC4D,38.95,-77.02
9131,6D124327,Single_Gunshot,2014-11-16,13:03:47,WashingtonDC6D,38.897,-76.942
9132,6D124337,Multiple_Gunshots,2014-11-16,17:11:09,WashingtonDC6D,38.877,-76.932
9133,1D64243,Multiple_Gunshots,2014-11-16,23:02:03,WashingtonDC1D,38.899,-76.974
9134,7D159144,Multiple_Gunshots,2014-11-17,00:02:29,WashingtonDC7D,38.849,-76.972
9135,6D124347,Multiple_Gunshots,2014-11-17,02:04:21,WashingtonDC6D,38.891,-76.958
9136,6D124355,Multiple_Gunshots,2014-11-17,16:04:13,WashingtonDC6D,38.877,-76.932
9137,6D124366,Multiple_Gunshots,2014-11-18,00:52:44,WashingtonDC6D,38.892,-76.928
9138,6D124381,Multiple_Gunshots,2014-11-18,19:28:25,WashingtonDC6D,38.877,-76.933
9139,5D47631,Multiple_Gunshots,2014-11-18,20:23:41,WashingtonDC5D,38.91,-76.984
9140,6D124383,Single_Gunshot,2014-11-18,21:56:33,WashingtonDC6D,38.891,-76.953
9141,7D159160,Single_Gunshot,2014-11-18,22:04:39,WashingtonDC7D,38.857,-76.974
9142,6D124384,Multiple_Gunshots,2014-11-18,22:32:40,WashingtonDC6D,38.906,-76.937
9143,6D124386,Single_Gunshot,2014-11-19,00:27:07,WashingtonDC6D,38.883,-76.943
9144,5D47632,Single_Gunshot,2014-11-19,00:32:18,WashingtonDC5D,38.925,-77.002
9145,5D47633,Single_Gunshot,2014-11-19,00:33:35,WashingtonDC5D,38.925,-77.002
9146,5D47634,Multiple_Gunshots,2014-11-19,02:17:57,WashingtonDC5D,38.905,-77.017
9147,7D159161,Single_Gunshot,2014-11-19,02:50:36,WashingtonDC7D,38.837,-76.991
9148,1D64272,Multiple_Gunshots,2014-11-19,16:44:55,WashingtonDC1D,38.891,-76.979
9149,7D159167,Single_Gunshot,2014-11-19,19:54:04,WashingtonDC7D,38.849,-76.972
9150,6D124407,Multiple_Gunshots,2014-11-19,20:46:02,WashingtonDC6D,38.893,-76.92
9151,5D47637,Multiple_Gunshots,2014-11-19,23:27:49,WashingtonDC5D,38.911,-76.988
9152,7D159169,Multiple_Gunshots,2014-11-19,23:32:25,WashingtonDC7D,38.841,-76.986
9153,6D124408,Single_Gunshot,2014-11-20,00:58:29,WashingtonDC6D,38.894,-76.924
9154,6D124409,Single_Gunshot,2014-11-20,01:22:47,WashingtonDC6D,38.892,-76.926
9155,7D159170,Single_Gunshot,2014-11-20,01:23:01,WashingtonDC7D,38.821,-77.001
9156,6D124410,Multiple_Gunshots,2014-11-20,03:08:37,WashingtonDC6D,38.88,-76.948
9157,7D159175,Multiple_Gunshots,2014-11-20,18:02:44,WashingtonDC7D,38.857,-76.974
9158,7D159176,Multiple_Gunshots,2014-11-20,18:02:57,WashingtonDC7D,38.857,-76.974
9159,6D124425,Multiple_Gunshots,2014-11-20,19:12:58,WashingtonDC6D,38.889,-76.956
9160,7D159178,Single_Gunshot,2014-11-20,22:37:40,WashingtonDC7D,38.831,-77.005
9161,1D64275,Single_Gunshot,2014-11-20,23:01:40,WashingtonDC1D,38.903,-76.975
9162,1D64276,Single_Gunshot,2014-11-20,23:01:51,WashingtonDC1D,38.905,-76.974
9163,6D124440,Multiple_Gunshots,2014-11-21,17:50:36,WashingtonDC6D,38.912,-76.936
9164,7D159182,Multiple_Gunshots,2014-11-21,22:29:01,WashingtonDC7D,38.825,-77.005
9165,1D64301,Multiple_Gunshots,2014-11-21,22:54:59,WashingtonDC1D,38.875,-77.011
9166,1D64302,Multiple_Gunshots,2014-11-21,22:55:03,WashingtonDC1D,38.875,-77.014
9167,7D159183,Single_Gunshot,2014-11-21,23:04:00,WashingtonDC7D,38.825,-77.004
9168,4D41786,Single_Gunshot,2014-11-21,23:26:57,WashingtonDC4D,38.957,-77.017
9169,6D124441,Multiple_Gunshots,2014-11-21,23:33:07,WashingtonDC6D,38.891,-76.927
9170,7D159184,Multiple_Gunshots,2014-11-22,00:32:23,WashingtonDC7D,38.84,-76.962
9171,7D159185,Single_Gunshot,2014-11-22,00:54:22,WashingtonDC7D,38.851,-76.985
9172,6D124442,Multiple_Gunshots,2014-11-22,01:02:00,WashingtonDC6D,38.905,-76.929
9173,1D64303,Single_Gunshot,2014-11-22,01:18:51,WashingtonDC1D,38.875,-77.011
9174,7D159186,Single_Gunshot,2014-11-22,01:35:14,WashingtonDC7D,38.86,-77.002
9175,6D124443,Single_Gunshot,2014-11-22,01:56:32,WashingtonDC6D,38.878,-76.932
9176,6D124444,Multiple_Gunshots,2014-11-22,02:45:35,WashingtonDC6D,38.858,-76.972
9177,7D159187,Single_Gunshot,2014-11-22,03:14:09,WashingtonDC7D,38.837,-77.004
9178,7D159188,Single_Gunshot,2014-11-22,03:18:31,WashingtonDC7D,38.837,-77.004
9179,7D159189,Single_Gunshot,2014-11-22,03:18:56,WashingtonDC7D,38.837,-77.004
9180,7D159190,Single_Gunshot,2014-11-22,03:19:09,WashingtonDC7D,38.837,-77.004
9181,7D159193,Multiple_Gunshots,2014-11-22,03:55:02,WashingtonDC7D,38.847,-76.973
9182,7D159195,Multiple_Gunshots,2014-11-22,03:55:20,WashingtonDC7D,38.851,-76.971
9183,6D124446,Multiple_Gunshots,2014-11-22,05:02:38,WashingtonDC6D,38.899,-76.925
9184,7D159196,Single_Gunshot,2014-11-22,05:19:25,WashingtonDC7D,38.848,-76.975
9185,7D159197,Multiple_Gunshots,2014-11-22,05:22:55,WashingtonDC7D,38.847,-76.975
9186,7D159202,Single_Gunshot,2014-11-22,22:33:34,WashingtonDC7D,38.832,-76.989
9187,6D124464,Single_Gunshot,2014-11-22,22:58:10,WashingtonDC6D,38.897,-76.947
9188,1D64320,Multiple_Gunshots,2014-11-23,00:02:54,WashingtonDC1D,38.895,-76.979
9189,5D47654,Single_Gunshot,2014-11-23,00:02:55,WashingtonDC5D,38.895,-76.979
9190,6D124465,Multiple_Gunshots,2014-11-23,00:22:37,WashingtonDC6D,38.91,-76.937
9191,7D159203,Single_Gunshot,2014-11-23,01:12:57,WashingtonDC7D,38.826,-77.006
9192,7D159204,Single_Gunshot,2014-11-23,01:32:48,WashingtonDC7D,38.827,-77.002
9193,7D159206,Multiple_Gunshots,2014-11-23,04:48:51,WashingtonDC7D,38.847,-76.975
9194,5D47658,Multiple_Gunshots,2014-11-23,16:41:57,WashingtonDC5D,38.901,-76.973
9195,7D159212,Single_Gunshot,2014-11-23,17:26:55,WashingtonDC7D,38.832,-77.005
9196,5D47662,Single_Gunshot,2014-11-23,19:43:53,WashingtonDC5D,38.89,-76.97
9197,1D64325,Gunshot_or_Firecracker,2014-11-23,19:43:53,WashingtonDC1D,38.89,-76.97
9198,7D159215,Multiple_Gunshots,2014-11-23,21:00:04,WashingtonDC7D,38.842,-76.987
9199,7D159216,Multiple_Gunshots,2014-11-23,21:30:15,WashingtonDC7D,38.829,-77.003
9200,7D159217,Single_Gunshot,2014-11-23,22:40:06,WashingtonDC7D,38.839,-77.001
9201,6D124486,Single_Gunshot,2014-11-24,00:14:30,WashingtonDC6D,38.894,-76.94
9202,6D124497,Multiple_Gunshots,2014-11-24,20:44:44,WashingtonDC6D,38.882,-76.916
9203,3D48678,Multiple_Gunshots,2014-11-24,20:48:55,WashingtonDC3D,38.927,-77.031
9204,4D41797,Multiple_Gunshots,2014-11-24,22:17:38,WashingtonDC4D,38.953,-77.023
9205,6D124501,Single_Gunshot,2014-11-24,22:23:51,WashingtonDC6D,38.893,-76.951
9206,7D159221,Single_Gunshot,2014-11-24,23:57:25,WashingtonDC7D,38.832,-76.992
9207,3D48683,Single_Gunshot,2014-11-25,00:40:21,WashingtonDC3D,38.916,-77.029
9208,7D159222,Single_Gunshot,2014-11-25,01:02:48,WashingtonDC7D,38.827,-76.998
9209,4D41799,Single_Gunshot,2014-11-25,01:19:33,WashingtonDC4D,38.956,-77.024
9210,4D41800,Single_Gunshot,2014-11-25,01:19:53,WashingtonDC4D,38.954,-77.022
9211,7D159231,Multiple_Gunshots,2014-11-25,17:09:11,WashingtonDC7D,38.845,-76.984
9212,7D159232,Multiple_Gunshots,2014-11-25,17:09:20,WashingtonDC7D,38.845,-76.985
9213,7D159233,Single_Gunshot,2014-11-25,19:03:43,WashingtonDC7D,38.839,-76.977
9214,7D159236,Single_Gunshot,2014-11-26,00:09:39,WashingtonDC7D,38.851,-76.955
9215,7D159237,Single_Gunshot,2014-11-26,00:43:15,WashingtonDC7D,38.85,-76.959
9216,7D159238,Single_Gunshot,2014-11-26,00:55:00,WashingtonDC7D,38.842,-76.989
9217,3D48688,Multiple_Gunshots,2014-11-26,18:04:36,WashingtonDC3D,38.924,-77.033
9218,6D124525,Multiple_Gunshots,2014-11-26,19:27:38,WashingtonDC6D,38.881,-76.928
9219,7D159241,Single_Gunshot,2014-11-27,02:28:08,WashingtonDC7D,38.857,-76.974
9220,3D48692,Multiple_Gunshots,2014-11-27,22:20:50,WashingtonDC3D,38.931,-77.026
9221,6D124532,Multiple_Gunshots,2014-11-27,22:21:42,WashingtonDC6D,38.885,-76.922
9222,6D124533,Multiple_Gunshots,2014-11-27,23:17:46,WashingtonDC6D,38.893,-76.928
9223,7D159247,Single_Gunshot,2014-11-27,23:59:08,WashingtonDC7D,38.831,-77.005
9224,4D41812,Single_Gunshot,2014-11-28,00:43:03,WashingtonDC4D,38.956,-77.033
9225,6D124536,Single_Gunshot,2014-11-28,01:07:39,WashingtonDC6D,38.886,-76.951
9226,6D124537,Single_Gunshot,2014-11-28,02:21:12,WashingtonDC6D,38.91,-76.937
9227,1D64352,Single_Gunshot,2014-11-28,22:37:58,WashingtonDC1D,38.871,-77.012
9228,7D159250,Single_Gunshot,2014-11-28,23:05:58,WashingtonDC7D,38.829,-77.001
9229,7D159252,Gunshot_or_Firecracker,2014-11-28,23:43:27,WashingtonDC7D,38.828,-76.993
9230,7D159253,Single_Gunshot,2014-11-28,23:43:38,WashingtonDC7D,38.829,-76.995
9231,6D124548,Single_Gunshot,2014-11-28,23:48:47,WashingtonDC6D,38.895,-76.942
9232,6D124549,Single_Gunshot,2014-11-29,00:08:22,WashingtonDC6D,38.895,-76.942
9233,7D159254,Single_Gunshot,2014-11-29,00:13:02,WashingtonDC7D,38.844,-76.976
9234,6D124550,Multiple_Gunshots,2014-11-29,00:27:01,WashingtonDC6D,38.892,-76.95
9235,7D159255,Single_Gunshot,2014-11-29,00:47:06,WashingtonDC7D,38.856,-76.975
9236,5D47679,Single_Gunshot,2014-11-29,00:53:27,WashingtonDC5D,38.924,-76.986
9237,7D159256,Multiple_Gunshots,2014-11-29,01:03:12,WashingtonDC7D,38.835,-76.984
9238,7D159257,Single_Gunshot,2014-11-29,01:13:58,WashingtonDC7D,38.831,-76.99
9239,7D159258,Single_Gunshot,2014-11-29,02:05:05,WashingtonDC7D,38.856,-76.97
9240,7D159259,Multiple_Gunshots,2014-11-29,02:57:37,WashingtonDC7D,38.841,-76.987
9241,7D159260,Multiple_Gunshots,2014-11-29,03:34:43,WashingtonDC7D,38.848,-76.973
9242,7D159261,Multiple_Gunshots,2014-11-29,03:35:12,WashingtonDC7D,38.848,-76.974
9243,7D159262,Multiple_Gunshots,2014-11-29,03:35:19,WashingtonDC7D,38.845,-76.979
9244,3D48694,Multiple_Gunshots,2014-11-29,16:32:16,WashingtonDC3D,38.908,-77.011
9245,6D124554,Multiple_Gunshots,2014-11-29,21:07:31,WashingtonDC6D,38.889,-76.927
9246,7D159269,Single_Gunshot,2014-11-29,23:03:23,WashingtonDC7D,38.849,-76.972
9247,6D124557,Multiple_Gunshots,2014-11-30,01:11:29,WashingtonDC6D,38.892,-76.949
9248,5D47687,Multiple_Gunshots,2014-11-30,01:36:58,WashingtonDC5D,38.907,-76.985
9249,6D124559,Single_Gunshot,2014-11-30,03:42:26,WashingtonDC6D,38.875,-76.93
9250,6D124560,Multiple_Gunshots,2014-11-30,03:43:12,WashingtonDC6D,38.876,-76.931
9251,6D124561,Single_Gunshot,2014-11-30,04:14:57,WashingtonDC6D,38.884,-76.935
9252,5D47691,Multiple_Gunshots,2014-11-30,20:14:16,WashingtonDC5D,38.907,-76.98
9253,6D124566,Multiple_Gunshots,2014-11-30,21:28:30,WashingtonDC6D,38.894,-76.919
9254,7D159273,Single_Gunshot,2014-12-01,02:04:38,WashingtonDC7D,38.832,-76.992
9255,7D159274,Single_Gunshot,2014-12-01,02:04:48,WashingtonDC7D,38.833,-76.992
9256,3D48699,Multiple_Gunshots,2014-12-01,09:29:03,WashingtonDC3D,38.908,-77.02
9257,6D124583,Multiple_Gunshots,2014-12-01,11:02:00,WashingtonDC6D,38.885,-76.95
9258,1D64387,Single_Gunshot,2014-12-01,17:36:40,WashingtonDC1D,38.901,-76.986
9259,1D64388,Multiple_Gunshots,2014-12-01,18:22:56,WashingtonDC1D,38.873,-77.013
9260,5D47697,Multiple_Gunshots,2014-12-01,23:37:13,WashingtonDC5D,38.935,-76.973
9261,4D41851,Gunshot_or_Firecracker,2014-12-02,00:40:41,WashingtonDC4D,38.957,-77.026
9262,6D124588,Single_Gunshot,2014-12-02,01:42:30,WashingtonDC6D,38.89,-76.963
9263,7D159282,Gunshot_or_Firecracker,2014-12-02,02:10:23,WashingtonDC7D,38.851,-76.97
9264,7D159285,Single_Gunshot,2014-12-02,18:49:57,WashingtonDC7D,38.846,-76.976
9265,1D64390,Multiple_Gunshots,2014-12-02,22:39:36,WashingtonDC1D,38.873,-77.017
9266,7D159288,Multiple_Gunshots,2014-12-02,22:51:51,WashingtonDC7D,38.855,-76.971
9267,4D41857,Single_Gunshot,2014-12-02,23:17:38,WashingtonDC4D,38.952,-77.029
9268,6D124596,Multiple_Gunshots,2014-12-03,00:13:34,WashingtonDC6D,38.897,-76.916
9269,7D159289,Single_Gunshot,2014-12-03,00:30:19,WashingtonDC7D,38.822,-76.992
9270,7D159290,Single_Gunshot,2014-12-03,04:23:34,WashingtonDC7D,38.836,-77.001
9271,6D124597,Single_Gunshot,2014-12-03,08:09:45,WashingtonDC6D,38.862,-76.983
9272,6D124598,Multiple_Gunshots,2014-12-03,08:09:50,WashingtonDC6D,38.862,-76.983
9273,6D124600,Single_Gunshot,2014-12-03,12:23:22,WashingtonDC6D,38.894,-76.928
9274,1D64394,Multiple_Gunshots,2014-12-03,19:40:39,WashingtonDC1D,38.872,-77.014
9275,1D64395,Multiple_Gunshots,2014-12-03,19:41:21,WashingtonDC1D,38.872,-77.013
9276,7D159296,Single_Gunshot,2014-12-03,20:18:55,WashingtonDC7D,38.832,-77.005
9277,7D159298,Multiple_Gunshots,2014-12-03,22:51:08,WashingtonDC7D,38.858,-76.974
9278,4D41877,Single_Gunshot,2014-12-03,22:56:30,WashingtonDC4D,38.953,-77.026
9279,7D159299,Single_Gunshot,2014-12-03,23:09:46,WashingtonDC7D,38.858,-76.996
9280,6D124604,Single_Gunshot,2014-12-04,00:09:46,WashingtonDC6D,38.893,-76.92
9281,7D159314,Multiple_Gunshots,2014-12-05,00:12:24,WashingtonDC7D,38.851,-76.967
9282,7D159320,Multiple_Gunshots,2014-12-05,17:23:42,WashingtonDC7D,38.86,-76.99
9283,6D124644,Multiple_Gunshots,2014-12-05,21:51:40,WashingtonDC6D,38.908,-76.934
9284,6D124647,Multiple_Gunshots,2014-12-05,23:14:59,WashingtonDC6D,38.875,-76.966
9285,7D159327,Single_Gunshot,2014-12-05,23:43:04,WashingtonDC7D,38.837,-77.004
9286,7D159329,Single_Gunshot,2014-12-05,23:43:57,WashingtonDC7D,38.837,-77.004
9287,7D159333,Single_Gunshot,2014-12-06,00:53:41,WashingtonDC7D,38.86,-76.998
9288,7D159334,Multiple_Gunshots,2014-12-06,01:40:46,WashingtonDC7D,38.822,-77.01
9289,7D159335,Single_Gunshot,2014-12-06,01:50:25,WashingtonDC7D,38.846,-76.972
9290,7D159336,Single_Gunshot,2014-12-06,01:51:24,WashingtonDC7D,38.846,-76.972
9291,6D124648,Multiple_Gunshots,2014-12-06,02:22:20,WashingtonDC6D,38.894,-76.949
9292,6D124649,Single_Gunshot,2014-12-06,02:24:29,WashingtonDC6D,38.869,-76.942
9293,5D47712,Multiple_Gunshots,2014-12-06,03:01:56,WashingtonDC5D,38.912,-77.006
9294,6D124650,Multiple_Gunshots,2014-12-06,03:21:51,WashingtonDC6D,38.877,-76.968
9295,6D124651,Multiple_Gunshots,2014-12-06,03:22:00,WashingtonDC6D,38.878,-76.965
9296,7D159337,Single_Gunshot,2014-12-06,03:26:53,WashingtonDC7D,38.832,-76.988
9297,7D159338,Multiple_Gunshots,2014-12-06,04:32:53,WashingtonDC7D,38.82,-76.991
9298,7D159347,Multiple_Gunshots,2014-12-06,12:16:37,WashingtonDC7D,38.831,-77.008
9299,7D159355,Multiple_Gunshots,2014-12-07,00:03:18,WashingtonDC7D,38.832,-77.004
9300,7D159356,Multiple_Gunshots,2014-12-07,00:03:37,WashingtonDC7D,38.832,-77.004
9301,7D159357,Multiple_Gunshots,2014-12-07,02:47:07,WashingtonDC7D,38.827,-77.0
9302,7D159359,Multiple_Gunshots,2014-12-07,12:38:18,WashingtonDC7D,38.854,-76.991
9303,1D64435,Multiple_Gunshots,2014-12-07,20:41:20,WashingtonDC1D,38.875,-77.011
9304,5D47717,Gunshot_or_Firecracker,2014-12-07,22:58:40,WashingtonDC5D,38.935,-76.978
9305,6D124662,Multiple_Gunshots,2014-12-07,23:28:59,WashingtonDC6D,38.892,-76.953
9306,1D64436,Single_Gunshot,2014-12-08,00:18:24,WashingtonDC1D,38.899,-76.983
9307,6D124663,Single_Gunshot,2014-12-08,02:40:13,WashingtonDC6D,38.886,-76.952
9308,6D124664,Single_Gunshot,2014-12-08,02:40:24,WashingtonDC6D,38.886,-76.951
9309,6D124665,Single_Gunshot,2014-12-08,02:41:06,WashingtonDC6D,38.886,-76.951
9310,7D159361,Multiple_Gunshots,2014-12-08,09:34:04,WashingtonDC7D,38.847,-76.978
9311,5D47721,Multiple_Gunshots,2014-12-08,11:58:57,WashingtonDC5D,38.91,-76.985
9312,6D124680,Multiple_Gunshots,2014-12-08,21:43:13,WashingtonDC6D,38.873,-76.974
9313,6D124681,Multiple_Gunshots,2014-12-08,23:25:05,WashingtonDC6D,38.884,-76.929
9314,4D41982,Single_Gunshot,2014-12-09,02:07:05,WashingtonDC4D,38.959,-77.02
9315,6D124682,Single_Gunshot,2014-12-09,03:57:49,WashingtonDC6D,38.873,-76.974
9316,5D47726,Single_Gunshot,2014-12-09,20:39:12,WashingtonDC5D,38.936,-76.979
9317,6D124691,Multiple_Gunshots,2014-12-09,20:59:52,WashingtonDC6D,38.884,-76.956
9318,7D159366,Single_Gunshot,2014-12-09,21:15:39,WashingtonDC7D,38.845,-76.997
9319,4D41988,Single_Gunshot,2014-12-10,00:33:09,WashingtonDC4D,38.944,-77.023
9320,7D159383,Single_Gunshot,2014-12-10,10:41:14,WashingtonDC7D,38.856,-76.97
9321,7D159388,Multiple_Gunshots,2014-12-10,14:52:28,WashingtonDC7D,38.862,-76.994
9322,7D159389,Multiple_Gunshots,2014-12-10,16:09:30,WashingtonDC7D,38.849,-76.972
9323,7D159390,Single_Gunshot,2014-12-10,16:09:40,WashingtonDC7D,38.85,-76.972
9324,6D124702,Multiple_Gunshots,2014-12-10,23:02:39,WashingtonDC6D,38.894,-76.925
9325,7D159391,Multiple_Gunshots,2014-12-11,00:24:55,WashingtonDC7D,38.827,-76.999
9326,1D64450,Single_Gunshot,2014-12-11,01:45:33,WashingtonDC1D,38.9,-76.983
9327,1D64456,Gunshot_or_Firecracker,2014-12-11,12:01:13,WashingtonDC1D,38.889,-76.992
9328,6D124706,Single_Gunshot,2014-12-12,00:49:53,WashingtonDC6D,38.889,-76.954
9329,4D41997,Single_Gunshot,2014-12-12,03:00:58,WashingtonDC4D,38.95,-77.027
9330,7D159398,Multiple_Gunshots,2014-12-12,22:42:13,WashingtonDC7D,38.856,-76.973
9331,6D124711,Multiple_Gunshots,2014-12-12,23:13:18,WashingtonDC6D,38.882,-76.926
9332,6D124712,Multiple_Gunshots,2014-12-12,23:51:27,WashingtonDC6D,38.905,-76.951
9333,6D124713,Multiple_Gunshots,2014-12-13,01:53:14,WashingtonDC6D,38.906,-76.931
9334,6D124716,Multiple_Gunshots,2014-12-13,01:53:49,WashingtonDC6D,38.906,-76.931
9335,7D159399,Multiple_Gunshots,2014-12-13,02:23:12,WashingtonDC7D,38.857,-76.974
9336,7D159400,Multiple_Gunshots,2014-12-13,02:24:05,WashingtonDC7D,38.857,-76.974
9337,6D124721,Single_Gunshot,2014-12-13,03:11:45,WashingtonDC6D,38.88,-76.927
9338,7D159401,Multiple_Gunshots,2014-12-13,03:25:28,WashingtonDC7D,38.838,-76.997
9339,7D159402,Single_Gunshot,2014-12-13,03:25:30,WashingtonDC7D,38.837,-76.993
9340,7D159403,Multiple_Gunshots,2014-12-13,03:25:35,WashingtonDC7D,38.839,-76.998
9341,5D47737,Multiple_Gunshots,2014-12-13,04:10:26,WashingtonDC5D,38.919,-76.972
9342,5D47738,Multiple_Gunshots,2014-12-13,04:16:40,WashingtonDC5D,38.926,-77.003
9343,5D47740,Multiple_Gunshots,2014-12-13,14:18:25,WashingtonDC5D,38.912,-77.009
9344,7D159408,Multiple_Gunshots,2014-12-13,14:29:38,WashingtonDC7D,38.857,-76.973
9345,7D159412,Single_Gunshot,2014-12-13,20:22:25,WashingtonDC7D,38.841,-77.006
9346,4D42009,Multiple_Gunshots,2014-12-13,22:13:41,WashingtonDC4D,38.947,-77.025
9347,4D42010,Multiple_Gunshots,2014-12-13,22:13:47,WashingtonDC4D,38.947,-77.025
9348,4D42011,Multiple_Gunshots,2014-12-13,22:13:50,WashingtonDC4D,38.947,-77.025
9349,5D47744,Multiple_Gunshots,2014-12-13,23:13:29,WashingtonDC5D,38.918,-76.98
9350,5D47745,Gunshot_or_Firecracker,2014-12-13,23:13:34,WashingtonDC5D,38.914,-76.983
9351,7D159413,Single_Gunshot,2014-12-14,00:01:51,WashingtonDC7D,38.831,-77.005
9352,5D47746,Multiple_Gunshots,2014-12-14,01:07:19,WashingtonDC5D,38.912,-77.008
9353,5D47747,Multiple_Gunshots,2014-12-14,01:09:21,WashingtonDC5D,38.906,-77.009
9354,6D124728,Multiple_Gunshots,2014-12-14,01:26:12,WashingtonDC6D,38.892,-76.946
9355,6D124734,Multiple_Gunshots,2014-12-14,14:49:13,WashingtonDC6D,38.891,-76.932
9356,4D42017,Single_Gunshot,2014-12-14,16:29:30,WashingtonDC4D,38.95,-77.024
9357,7D159419,Single_Gunshot,2014-12-14,19:11:59,WashingtonDC7D,38.828,-77.002
9358,7D159421,Multiple_Gunshots,2014-12-15,00:52:23,WashingtonDC7D,38.828,-77.003
9359,5D47755,Multiple_Gunshots,2014-12-15,02:06:03,WashingtonDC5D,38.935,-76.978
9360,7D159426,Multiple_Gunshots,2014-12-15,16:57:44,WashingtonDC7D,38.832,-77.006
9361,6D124753,Multiple_Gunshots,2014-12-15,17:51:46,WashingtonDC6D,38.895,-76.94
9362,7D159428,Single_Gunshot,2014-12-15,21:11:43,WashingtonDC7D,38.854,-76.991
9363,5D47758,Gunshot_or_Firecracker,2014-12-15,22:02:36,WashingtonDC5D,38.914,-76.974
9364,6D124758,Multiple_Gunshots,2014-12-15,22:05:46,WashingtonDC6D,38.888,-76.937
9365,6D124761,Multiple_Gunshots,2014-12-15,22:05:59,WashingtonDC6D,38.887,-76.937
9366,6D124762,Multiple_Gunshots,2014-12-15,22:06:02,WashingtonDC6D,38.887,-76.937
9367,6D124764,Multiple_Gunshots,2014-12-15,22:30:46,WashingtonDC6D,38.893,-76.95
9368,6D124767,Multiple_Gunshots,2014-12-15,23:20:17,WashingtonDC6D,38.913,-76.937
9369,6D124768,Single_Gunshot,2014-12-15,23:39:07,WashingtonDC6D,38.882,-76.925
9370,6D124773,Multiple_Gunshots,2014-12-16,23:01:50,WashingtonDC6D,38.891,-76.954
9371,7D159433,Multiple_Gunshots,2014-12-17,01:53:21,WashingtonDC7D,38.86,-76.999
9372,6D124774,Multiple_Gunshots,2014-12-17,01:53:21,WashingtonDC6D,38.86,-76.999
9373,7D159444,Multiple_Gunshots,2014-12-17,17:19:44,WashingtonDC7D,38.831,-77.005
9374,7D159445,Multiple_Gunshots,2014-12-17,18:09:43,WashingtonDC7D,38.845,-76.987
9375,1D64501,Single_Gunshot,2014-12-17,19:15:55,WashingtonDC1D,38.904,-76.974
9376,6D124796,Single_Gunshot,2014-12-17,22:07:20,WashingtonDC6D,38.891,-76.919
9377,7D159447,Multiple_Gunshots,2014-12-17,22:30:55,WashingtonDC7D,38.857,-76.974
9378,7D159448,Multiple_Gunshots,2014-12-17,23:19:05,WashingtonDC7D,38.837,-77.003
9379,6D124798,Multiple_Gunshots,2014-12-18,02:21:11,WashingtonDC6D,38.891,-76.919
9380,1D64510,Gunshot_or_Firecracker,2014-12-18,22:51:27,WashingtonDC1D,38.875,-77.011
9381,7D159456,Single_Gunshot,2014-12-18,22:55:07,WashingtonDC7D,38.857,-76.974
9382,4D42065,Single_Gunshot,2014-12-19,00:31:49,WashingtonDC4D,38.949,-77.013
9383,1D64511,Multiple_Gunshots,2014-12-19,00:45:55,WashingtonDC1D,38.895,-76.96
9384,6D124834,Multiple_Gunshots,2014-12-19,02:16:56,WashingtonDC6D,38.894,-76.924
9385,6D124835,Single_Gunshot,2014-12-19,03:11:52,WashingtonDC6D,38.885,-76.953
9386,1D64512,Single_Gunshot,2014-12-19,03:13:32,WashingtonDC1D,38.9,-76.983
9387,6D124857,Single_Gunshot,2014-12-19,22:44:44,WashingtonDC6D,38.894,-76.928
9388,7D159463,Single_Gunshot,2014-12-20,00:49:12,WashingtonDC7D,38.856,-76.973
9389,6D124858,Multiple_Gunshots,2014-12-20,00:49:20,WashingtonDC6D,38.904,-76.951
9390,6D124859,Multiple_Gunshots,2014-12-20,00:49:24,WashingtonDC6D,38.904,-76.951
9391,4D42090,Single_Gunshot,2014-12-20,01:37:44,WashingtonDC4D,38.959,-77.026
9392,3D48749,Gunshot_or_Firecracker,2014-12-20,02:36:03,WashingtonDC3D,38.935,-77.037
9393,6D124860,Single_Gunshot,2014-12-20,03:30:25,WashingtonDC6D,38.894,-76.924
9394,6D124861,Single_Gunshot,2014-12-20,03:30:55,WashingtonDC6D,38.886,-76.95
9395,6D124864,Single_Gunshot,2014-12-20,03:33:26,WashingtonDC6D,38.894,-76.924
9396,5D47774,Single_Gunshot,2014-12-20,05:23:51,WashingtonDC5D,38.92,-76.991
9397,7D159464,Single_Gunshot,2014-12-20,10:45:28,WashingtonDC7D,38.828,-76.995
9398,6D124875,Multiple_Gunshots,2014-12-20,19:42:37,WashingtonDC6D,38.881,-76.93
9399,6D124878,Multiple_Gunshots,2014-12-20,19:42:46,WashingtonDC6D,38.882,-76.929
9400,1D64552,Multiple_Gunshots,2014-12-20,20:49:56,WashingtonDC1D,38.903,-76.983
9401,6D124881,Gunshot_or_Firecracker,2014-12-20,22:33:28,WashingtonDC6D,38.884,-76.956
9402,6D124882,Multiple_Gunshots,2014-12-20,22:43:01,WashingtonDC6D,38.894,-76.919
9403,6D124883,Multiple_Gunshots,2014-12-20,23:25:36,WashingtonDC6D,38.891,-76.923
9404,6D124885,Single_Gunshot,2014-12-21,01:29:03,WashingtonDC6D,38.89,-76.955
9405,7D159469,Single_Gunshot,2014-12-21,02:47:55,WashingtonDC7D,38.856,-76.973
9406,1D64553,Single_Gunshot,2014-12-21,02:55:20,WashingtonDC1D,38.901,-76.988
9407,1D64554,Single_Gunshot,2014-12-21,02:55:28,WashingtonDC1D,38.901,-76.988
9408,6D124886,Single_Gunshot,2014-12-21,03:44:52,WashingtonDC6D,38.905,-76.953
9409,6D124887,Single_Gunshot,2014-12-21,05:07:04,WashingtonDC6D,38.885,-76.963
9410,7D159472,Single_Gunshot,2014-12-21,19:08:37,WashingtonDC7D,38.86,-76.99
9411,3D48753,Single_Gunshot,2014-12-21,20:02:22,WashingtonDC3D,38.92,-77.014
9412,6D124898,Single_Gunshot,2014-12-21,23:44:11,WashingtonDC6D,38.892,-76.949
9413,1D64557,Multiple_Gunshots,2014-12-22,02:46:36,WashingtonDC1D,38.873,-77.013
9414,5D47778,Single_Gunshot,2014-12-22,03:12:39,WashingtonDC5D,38.913,-76.983
9415,5D47779,Multiple_Gunshots,2014-12-22,03:12:52,WashingtonDC5D,38.913,-76.983
9416,5D47780,Gunshot_or_Firecracker,2014-12-22,03:13:01,WashingtonDC5D,38.913,-76.983
9417,5D47781,Single_Gunshot,2014-12-22,03:13:06,WashingtonDC5D,38.914,-76.983
9418,5D47782,Gunshot_or_Firecracker,2014-12-22,03:13:11,WashingtonDC5D,38.913,-76.983
9419,7D159476,Single_Gunshot,2014-12-22,04:16:04,WashingtonDC7D,38.846,-76.982
9420,7D159477,Multiple_Gunshots,2014-12-22,18:47:18,WashingtonDC7D,38.856,-76.974
9421,7D159479,Single_Gunshot,2014-12-22,21:11:08,WashingtonDC7D,38.829,-76.996
9422,7D159480,Multiple_Gunshots,2014-12-22,21:18:43,WashingtonDC7D,38.844,-76.996
9423,5D47786,Gunshot_or_Firecracker,2014-12-22,23:00:13,WashingtonDC5D,38.923,-76.975
9424,4D42102,Gunshot_or_Firecracker,2014-12-22,23:05:27,WashingtonDC4D,38.948,-77.02
9425,7D159482,Gunshot_or_Firecracker,2014-12-22,23:25:21,WashingtonDC7D,38.827,-77.005
9426,5D47787,Multiple_Gunshots,2014-12-22,23:38:45,WashingtonDC5D,38.904,-76.976
9427,1D64610,Multiple_Gunshots,2014-12-22,23:38:46,WashingtonDC1D,38.904,-76.976
9428,6D124915,Multiple_Gunshots,2014-12-22,23:52:07,WashingtonDC6D,38.894,-76.931
9429,7D159483,Multiple_Gunshots,2014-12-23,00:06:51,WashingtonDC7D,38.852,-76.982
9430,4D42103,Multiple_Gunshots,2014-12-23,01:45:08,WashingtonDC4D,38.955,-77.026
9431,4D42104,Multiple_Gunshots,2014-12-23,01:48:15,WashingtonDC4D,38.954,-77.029
9432,4D42105,Multiple_Gunshots,2014-12-23,01:48:26,WashingtonDC4D,38.954,-77.029
9433,4D42107,Single_Gunshot,2014-12-23,12:10:24,WashingtonDC4D,38.941,-77.029
9434,4D42113,Multiple_Gunshots,2014-12-23,18:04:31,WashingtonDC4D,38.949,-77.026
9435,3D48755,Multiple_Gunshots,2014-12-23,20:00:16,WashingtonDC3D,38.935,-77.029
9436,6D124924,Single_Gunshot,2014-12-23,20:55:06,WashingtonDC6D,38.898,-76.946
9437,4D42114,Single_Gunshot,2014-12-24,00:38:39,WashingtonDC4D,38.958,-77.026
9438,1D64776,Single_Gunshot,2014-12-24,01:10:44,WashingtonDC1D,38.9,-76.983
9439,7D159487,Multiple_Gunshots,2014-12-24,16:31:24,WashingtonDC7D,38.857,-76.974
9440,4D42115,Multiple_Gunshots,2014-12-24,17:26:10,WashingtonDC4D,38.939,-77.033
9441,5D47796,Multiple_Gunshots,2014-12-24,17:37:42,WashingtonDC5D,38.92,-76.981
9442,1D64813,Multiple_Gunshots,2014-12-24,20:16:43,WashingtonDC1D,38.876,-77.014
9443,4D42130,Single_Gunshot,2014-12-24,21:22:28,WashingtonDC4D,38.934,-77.021
9444,6D124939,Multiple_Gunshots,2014-12-24,22:43:15,WashingtonDC6D,38.881,-76.939
9445,6D124940,Multiple_Gunshots,2014-12-24,22:43:19,WashingtonDC6D,38.884,-76.935
9446,6D124941,Single_Gunshot,2014-12-24,23:19:07,WashingtonDC6D,38.889,-76.922
9447,7D159488,Single_Gunshot,2014-12-24,23:51:28,WashingtonDC7D,38.848,-76.971
9448,7D159489,Single_Gunshot,2014-12-25,00:56:32,WashingtonDC7D,38.85,-76.972
9449,5D47798,Multiple_Gunshots,2014-12-25,02:39:53,WashingtonDC5D,38.939,-76.977
9450,6D124943,Multiple_Gunshots,2014-12-25,02:42:23,WashingtonDC6D,38.919,-76.936
9451,6D124947,Single_Gunshot,2014-12-25,06:49:10,WashingtonDC6D,38.883,-76.937
9452,6D124948,Multiple_Gunshots,2014-12-25,13:41:56,WashingtonDC6D,38.903,-76.93
9453,6D124952,Multiple_Gunshots,2014-12-25,13:42:11,WashingtonDC6D,38.903,-76.93
9454,6D124953,Multiple_Gunshots,2014-12-25,13:42:31,WashingtonDC6D,38.903,-76.93
9455,1D64816,Single_Gunshot,2014-12-25,19:23:10,WashingtonDC1D,38.901,-76.985
9456,7D159490,Single_Gunshot,2014-12-25,21:12:11,WashingtonDC7D,38.841,-76.985
9457,4D42138,Multiple_Gunshots,2014-12-25,22:32:35,WashingtonDC4D,38.95,-77.022
9458,6D124970,Gunshot_or_Firecracker,2014-12-25,22:49:40,WashingtonDC6D,38.874,-76.965
9459,7D159492,Single_Gunshot,2014-12-25,23:59:33,WashingtonDC7D,38.85,-76.972
9460,7D159493,Single_Gunshot,2014-12-26,00:10:53,WashingtonDC7D,38.832,-77.01
9461,4D42139,Single_Gunshot,2014-12-26,01:02:43,WashingtonDC4D,38.952,-77.031
9462,7D159494,Single_Gunshot,2014-12-26,01:04:19,WashingtonDC7D,38.852,-76.983
9463,6D124973,Single_Gunshot,2014-12-26,01:28:42,WashingtonDC6D,38.886,-76.95
9464,4D42140,Single_Gunshot,2014-12-26,02:13:03,WashingtonDC4D,38.956,-77.028
9465,5D47800,Single_Gunshot,2014-12-26,02:35:15,WashingtonDC5D,38.903,-77.013
9466,1D64817,Multiple_Gunshots,2014-12-26,02:35:22,WashingtonDC1D,38.898,-76.993
9467,7D159495,Single_Gunshot,2014-12-26,03:02:41,WashingtonDC7D,38.835,-76.997
9468,7D159496,Single_Gunshot,2014-12-26,07:17:33,WashingtonDC7D,38.833,-76.995
9469,5D47801,Multiple_Gunshots,2014-12-26,15:19:13,WashingtonDC5D,38.908,-77.01
9470,4D42145,Single_Gunshot,2014-12-26,15:58:48,WashingtonDC4D,38.94,-77.025
9471,5D47803,Single_Gunshot,2014-12-26,19:50:01,WashingtonDC5D,38.91,-76.986
9472,4D42148,Multiple_Gunshots,2014-12-26,20:13:32,WashingtonDC4D,38.951,-77.011
9473,6D124994,Single_Gunshot,2014-12-26,20:25:36,WashingtonDC6D,38.884,-76.924
9474,6D124995,Single_Gunshot,2014-12-26,20:30:18,WashingtonDC6D,38.885,-76.921
9475,5D47804,Single_Gunshot,2014-12-26,20:49:40,WashingtonDC5D,38.928,-76.966
9476,4D42149,Multiple_Gunshots,2014-12-26,21:49:01,WashingtonDC4D,38.941,-77.017
9477,6D124998,Multiple_Gunshots,2014-12-26,22:00:20,WashingtonDC6D,38.889,-76.97
9478,5D47805,Multiple_Gunshots,2014-12-26,22:00:23,WashingtonDC5D,38.896,-76.973
9479,6D125001,Single_Gunshot,2014-12-26,23:27:50,WashingtonDC6D,38.911,-76.936
9480,6D125002,Single_Gunshot,2014-12-27,00:06:14,WashingtonDC6D,38.884,-76.922
9481,6D125003,Single_Gunshot,2014-12-27,00:15:34,WashingtonDC6D,38.887,-76.953
9482,6D125004,Single_Gunshot,2014-12-27,00:15:48,WashingtonDC6D,38.887,-76.953
9483,5D47810,Single_Gunshot,2014-12-27,01:01:08,WashingtonDC5D,38.914,-77.002
9484,6D125006,Single_Gunshot,2014-12-27,01:05:53,WashingtonDC6D,38.863,-76.984
9485,7D159502,Single_Gunshot,2014-12-27,01:25:47,WashingtonDC7D,38.838,-77.001
9486,7D159503,Multiple_Gunshots,2014-12-27,01:32:26,WashingtonDC7D,38.827,-77.009
9487,7D159505,Single_Gunshot,2014-12-27,01:55:02,WashingtonDC7D,38.856,-76.991
9488,7D159506,Multiple_Gunshots,2014-12-27,01:56:37,WashingtonDC7D,38.856,-76.971
9489,7D159507,Single_Gunshot,2014-12-27,02:21:34,WashingtonDC7D,38.844,-76.978
9490,6D125007,Single_Gunshot,2014-12-27,02:40:06,WashingtonDC6D,38.873,-76.98
9491,5D47811,Single_Gunshot,2014-12-27,02:41:02,WashingtonDC5D,38.924,-76.987
9492,5D47812,Multiple_Gunshots,2014-12-27,02:55:13,WashingtonDC5D,38.907,-77.005
9493,6D125008,Multiple_Gunshots,2014-12-27,03:12:32,WashingtonDC6D,38.873,-76.937
9494,5D47813,Single_Gunshot,2014-12-27,03:20:49,WashingtonDC5D,38.89,-76.968
9495,1D64823,Single_Gunshot,2014-12-27,03:20:49,WashingtonDC1D,38.89,-76.968
9496,6D125009,Single_Gunshot,2014-12-27,03:20:50,WashingtonDC6D,38.89,-76.968
9497,5D47814,Single_Gunshot,2014-12-27,03:32:51,WashingtonDC5D,38.915,-76.988
9498,3D48759,Multiple_Gunshots,2014-12-27,03:50:34,WashingtonDC3D,38.933,-77.038
9499,4D42150,Multiple_Gunshots,2014-12-27,03:50:39,WashingtonDC4D,38.946,-77.026
9500,1D64824,Single_Gunshot,2014-12-27,09:35:07,WashingtonDC1D,38.874,-77.018
9501,7D159512,Multiple_Gunshots,2014-12-27,13:13:55,WashingtonDC7D,38.833,-76.996
9502,7D159514,Multiple_Gunshots,2014-12-27,13:14:05,WashingtonDC7D,38.833,-76.996
9503,6D125019,Multiple_Gunshots,2014-12-27,13:59:29,WashingtonDC6D,38.912,-76.934
9504,7D159516,Single_Gunshot,2014-12-27,17:01:26,WashingtonDC7D,38.83,-77.001
9505,7D159517,Single_Gunshot,2014-12-27,17:04:49,WashingtonDC7D,38.83,-77.001
9506,7D159528,Single_Gunshot,2014-12-27,21:16:15,WashingtonDC7D,38.832,-77.01
9507,4D42161,Multiple_Gunshots,2014-12-27,23:08:38,WashingtonDC4D,38.943,-77.023
9508,4D42162,Single_Gunshot,2014-12-27,23:08:45,WashingtonDC4D,38.944,-77.022
9509,4D42163,Single_Gunshot,2014-12-27,23:08:51,WashingtonDC4D,38.943,-77.023
9510,7D159529,Single_Gunshot,2014-12-27,23:58:04,WashingtonDC7D,38.832,-76.99
9511,6D125025,Single_Gunshot,2014-12-28,00:44:29,WashingtonDC6D,38.9,-76.947
9512,7D159530,Single_Gunshot,2014-12-28,00:52:15,WashingtonDC7D,38.824,-77.005
9513,6D125027,Multiple_Gunshots,2014-12-28,01:43:10,WashingtonDC6D,38.882,-76.959
9514,3D48760,Multiple_Gunshots,2014-12-28,02:18:47,WashingtonDC3D,38.924,-77.027
9515,4D42164,Multiple_Gunshots,2014-12-28,02:18:49,WashingtonDC4D,38.924,-77.026
9516,5D47816,Multiple_Gunshots,2014-12-28,02:18:56,WashingtonDC5D,38.923,-77.006
9517,4D42165,Single_Gunshot,2014-12-28,02:31:56,WashingtonDC4D,38.955,-77.03
9518,6D125028,Multiple_Gunshots,2014-12-28,04:12:34,WashingtonDC6D,38.867,-76.943
9519,7D159531,Multiple_Gunshots,2014-12-28,12:41:10,WashingtonDC7D,38.834,-76.995
9520,7D159532,Single_Gunshot,2014-12-28,12:41:16,WashingtonDC7D,38.834,-76.995
9521,7D159533,Multiple_Gunshots,2014-12-28,14:28:45,WashingtonDC7D,38.83,-77.004
9522,7D159534,Multiple_Gunshots,2014-12-28,17:31:53,WashingtonDC7D,38.826,-77.007
9523,7D159535,Single_Gunshot,2014-12-28,18:42:34,WashingtonDC7D,38.842,-76.992
9524,4D42170,Gunshot_or_Firecracker,2014-12-28,23:10:59,WashingtonDC4D,38.956,-77.03
9525,7D159540,Multiple_Gunshots,2014-12-29,00:06:06,WashingtonDC7D,38.841,-76.998
9526,6D125043,Multiple_Gunshots,2014-12-29,00:18:42,WashingtonDC6D,38.894,-76.918
9527,5D47821,Multiple_Gunshots,2014-12-29,01:20:57,WashingtonDC5D,38.937,-76.982
9528,6D125056,Multiple_Gunshots,2014-12-29,13:54:22,WashingtonDC6D,38.897,-76.927
9529,1D64842,Multiple_Gunshots,2014-12-29,16:27:24,WashingtonDC1D,38.873,-77.018
9530,6D125063,Multiple_Gunshots,2014-12-29,17:20:57,WashingtonDC6D,38.89,-76.955
9531,4D42177,Single_Gunshot,2014-12-29,19:25:01,WashingtonDC4D,38.958,-77.025
9532,6D125069,Single_Gunshot,2014-12-29,22:13:39,WashingtonDC6D,38.908,-76.918
9533,6D125070,Single_Gunshot,2014-12-29,22:19:14,WashingtonDC6D,38.908,-76.918
9534,6D125071,Multiple_Gunshots,2014-12-29,22:24:10,WashingtonDC6D,38.899,-76.931
9535,7D159560,Multiple_Gunshots,2014-12-29,22:31:54,WashingtonDC7D,38.842,-77.002
9536,4D42178,Single_Gunshot,2014-12-29,23:59:07,WashingtonDC4D,38.955,-77.022
9537,7D159567,Multiple_Gunshots,2014-12-30,16:58:37,WashingtonDC7D,38.861,-76.971
9538,7D159568,Single_Gunshot,2014-12-30,17:30:04,WashingtonDC7D,38.837,-77.002
9539,6D125097,Multiple_Gunshots,2014-12-30,18:06:39,WashingtonDC6D,38.886,-76.952
9540,3D48764,Single_Gunshot,2014-12-30,19:38:47,WashingtonDC3D,38.904,-77.011
9541,5D47828,Gunshot_or_Firecracker,2014-12-30,20:05:07,WashingtonDC5D,38.904,-77.01
9542,3D48766,Gunshot_or_Firecracker,2014-12-30,20:23:12,WashingtonDC3D,38.904,-77.01
9543,4D42188,Single_Gunshot,2014-12-30,22:04:31,WashingtonDC4D,38.956,-77.03
9544,7D159574,Single_Gunshot,2014-12-31,00:00:30,WashingtonDC7D,38.856,-76.991
9545,6D125103,Multiple_Gunshots,2014-12-31,03:24:52,WashingtonDC6D,38.895,-76.92
9546,3D48768,Single_Gunshot,2014-12-31,12:23:17,WashingtonDC3D,38.923,-77.032
9547,1D64850,Multiple_Gunshots,2014-12-31,13:56:59,WashingtonDC1D,38.903,-76.985
9548,6D125111,Multiple_Gunshots,2014-12-31,17:27:07,WashingtonDC6D,38.884,-76.922
9549,7D159578,Gunshot_or_Firecracker,2014-12-31,17:43:46,WashingtonDC7D,38.853,-76.981
9550,7D159579,Single_Gunshot,2014-12-31,17:50:46,WashingtonDC7D,38.827,-76.995
9551,1D64853,Single_Gunshot,2014-12-31,18:54:44,WashingtonDC1D,38.872,-77.008
9552,6D125121,Gunshot_or_Firecracker,2014-12-31,19:00:02,WashingtonDC6D,38.863,-76.983
9553,1D64854,Single_Gunshot,2014-12-31,19:14:13,WashingtonDC1D,38.897,-76.973
9554,7D159580,Single_Gunshot,2014-12-31,19:31:44,WashingtonDC7D,38.84,-77.007
9555,6D125123,Multiple_Gunshots,2014-12-31,19:37:15,WashingtonDC6D,38.905,-76.929
9556,1D64855,Multiple_Gunshots,2014-12-31,20:06:18,WashingtonDC1D,38.898,-76.973
9557,7D159597,Gunshot_or_Firecracker,2014-12-31,20:39:51,WashingtonDC7D,38.828,-76.998
9558,7D159614,Multiple_Gunshots,2014-12-31,20:51:54,WashingtonDC7D,38.839,-77.007
9559,7D159615,Multiple_Gunshots,2014-12-31,20:52:00,WashingtonDC7D,38.84,-77.007
9560,7D159616,Single_Gunshot,2014-12-31,20:52:02,WashingtonDC7D,38.838,-76.995
9561,7D159617,Single_Gunshot,2014-12-31,20:52:04,WashingtonDC7D,38.839,-77.007
9562,7D159618,Multiple_Gunshots,2014-12-31,20:52:09,WashingtonDC7D,38.84,-77.006
9563,6D125127,Multiple_Gunshots,2014-12-31,21:05:31,WashingtonDC6D,38.871,-76.93
9564,7D159619,Single_Gunshot,2014-12-31,21:22:21,WashingtonDC7D,38.828,-76.998
9565,3D48770,Single_Gunshot,2014-12-31,21:22:26,WashingtonDC3D,38.943,-77.024
9566,5D47839,Multiple_Gunshots,2014-12-31,21:24:31,WashingtonDC5D,38.904,-76.984
9567,5D47842,Multiple_Gunshots,2014-12-31,22:08:00,WashingtonDC5D,38.904,-76.986
9568,5D47860,Multiple_Gunshots,2014-12-31,22:27:47,WashingtonDC5D,38.904,-76.983
9569,6D125148,Multiple_Gunshots,2014-12-31,22:31:04,WashingtonDC6D,38.898,-76.917
9570,7D159633,Multiple_Gunshots,2014-12-31,22:38:18,WashingtonDC7D,38.833,-77.01
9571,6D125161,Multiple_Gunshots,2014-12-31,22:54:21,WashingtonDC6D,38.902,-76.931
9572,7D159637,Multiple_Gunshots,2014-12-31,22:56:12,WashingtonDC7D,38.834,-76.991
9573,6D125169,Multiple_Gunshots,2014-12-31,23:06:33,WashingtonDC6D,38.869,-76.946
9574,7D159640,Single_Gunshot,2014-12-31,23:09:51,WashingtonDC7D,38.84,-76.994
9575,7D159642,Multiple_Gunshots,2014-12-31,23:12:59,WashingtonDC7D,38.838,-76.991
9576,7D159643,Multiple_Gunshots,2014-12-31,23:13:06,WashingtonDC7D,38.838,-76.991
9577,7D159644,Single_Gunshot,2014-12-31,23:13:14,WashingtonDC7D,38.837,-76.991
9578,7D159645,Single_Gunshot,2014-12-31,23:13:15,WashingtonDC7D,38.838,-76.991
9579,6D125174,Multiple_Gunshots,2014-12-31,23:16:47,WashingtonDC6D,38.874,-76.925
9580,7D159648,Single_Gunshot,2014-12-31,23:27:04,WashingtonDC7D,38.847,-76.983
9581,6D125178,Multiple_Gunshots,2014-12-31,23:37:21,WashingtonDC6D,38.886,-76.951
9582,6D125180,Multiple_Gunshots,2014-12-31,23:37:35,WashingtonDC6D,38.886,-76.951
9583,6D125182,Multiple_Gunshots,2014-12-31,23:37:54,WashingtonDC6D,38.886,-76.95
9584,6D125183,Multiple_Gunshots,2014-12-31,23:38:15,WashingtonDC6D,38.886,-76.95
9585,6D125184,Multiple_Gunshots,2014-12-31,23:38:27,WashingtonDC6D,38.886,-76.95
9586,6D125187,Single_Gunshot,2014-12-31,23:43:54,WashingtonDC6D,38.886,-76.926
9587,7D159659,Single_Gunshot,2014-12-31,23:50:55,WashingtonDC7D,38.845,-76.983
9588,6D125194,Multiple_Gunshots,2014-12-31,23:52:16,WashingtonDC6D,38.889,-76.928
9589,3D48796,Single_Gunshot,2014-12-31,23:56:17,WashingtonDC3D,38.91,-77.015
9590,6D125199,Single_Gunshot,2014-12-31,23:56:24,WashingtonDC6D,38.886,-76.926
9591,6D125200,Single_Gunshot,2014-12-31,23:56:30,WashingtonDC6D,38.886,-76.926
9592,6D125208,Multiple_Gunshots,2014-12-31,23:57:26,WashingtonDC6D,38.894,-76.916
9593,3D48800,Single_Gunshot,2014-12-31,23:57:40,WashingtonDC3D,38.91,-77.015
9594,6D125210,Multiple_Gunshots,2014-12-31,23:57:42,WashingtonDC6D,38.898,-76.917
9595,6D125211,Single_Gunshot,2014-12-31,23:57:47,WashingtonDC6D,38.897,-76.94
9596,7D159663,Single_Gunshot,2014-12-31,23:57:48,WashingtonDC7D,38.827,-76.999
9597,6D125212,Single_Gunshot,2014-12-31,23:57:48,WashingtonDC6D,38.897,-76.94
9598,3D48801,Single_Gunshot,2014-12-31,23:57:56,WashingtonDC3D,38.91,-77.015
9599,3D48802,Single_Gunshot,2014-12-31,23:58:10,WashingtonDC3D,38.91,-77.015
9600,7D159664,Multiple_Gunshots,2014-12-31,23:58:13,WashingtonDC7D,38.84,-76.994
9601,6D125215,Multiple_Gunshots,2014-12-31,23:58:19,WashingtonDC6D,38.885,-76.928
9602,4D42227,Multiple_Gunshots,2014-12-31,23:58:22,WashingtonDC4D,38.935,-77.034
9603,7D159665,Multiple_Gunshots,2014-12-31,23:58:24,WashingtonDC7D,38.833,-77.0
9604,7D159666,Multiple_Gunshots,2014-12-31,23:58:28,WashingtonDC7D,38.833,-77.0
9605,3D48804,Single_Gunshot,2014-12-31,23:58:28,WashingtonDC3D,38.91,-77.015
9606,6D125216,Multiple_Gunshots,2014-12-31,23:58:30,WashingtonDC6D,38.885,-76.922
9607,3D48805,Multiple_Gunshots,2014-12-31,23:58:37,WashingtonDC3D,38.934,-77.035
9608,4D42228,Single_Gunshot,2014-12-31,23:58:43,WashingtonDC4D,38.938,-77.032
9609,7D159667,Multiple_Gunshots,2014-12-31,23:58:44,WashingtonDC7D,38.827,-77.012
9610,7D159668,Multiple_Gunshots,2014-12-31,23:58:51,WashingtonDC7D,38.829,-77.001
9611,7D159669,Multiple_Gunshots,2014-12-31,23:58:52,WashingtonDC7D,38.827,-77.012
9612,6D125217,Single_Gunshot,2014-12-31,23:58:57,WashingtonDC6D,38.895,-76.926
9613,7D159671,Multiple_Gunshots,2014-12-31,23:58:59,WashingtonDC7D,38.837,-76.993
9614,6D125218,Multiple_Gunshots,2014-12-31,23:59:09,WashingtonDC6D,38.885,-76.928
9615,7D159672,Multiple_Gunshots,2014-12-31,23:59:10,WashingtonDC7D,38.837,-76.988
9616,3D48806,Single_Gunshot,2014-12-31,23:59:10,WashingtonDC3D,38.91,-77.015
9617,6D125219,Multiple_Gunshots,2014-12-31,23:59:12,WashingtonDC6D,38.897,-76.934
9618,7D159673,Multiple_Gunshots,2014-12-31,23:59:16,WashingtonDC7D,38.837,-76.988
9619,7D159674,Multiple_Gunshots,2014-12-31,23:59:19,WashingtonDC7D,38.836,-76.998
9620,7D159675,Single_Gunshot,2014-12-31,23:59:23,WashingtonDC7D,38.839,-76.997
9621,7D159676,Multiple_Gunshots,2014-12-31,23:59:24,WashingtonDC7D,38.836,-76.997
9622,6D125220,Gunshot_or_Firecracker,2014-12-31,23:59:24,WashingtonDC6D,38.894,-76.923
9623,1D64868,Single_Gunshot,2014-12-31,23:59:33,WashingtonDC1D,38.89,-76.99
9624,7D159677,Multiple_Gunshots,2014-12-31,23:59:40,WashingtonDC7D,38.858,-76.997
9625,5D47884,Single_Gunshot,2014-12-31,23:59:40,WashingtonDC5D,38.906,-76.982
9626,3D48807,Single_Gunshot,2014-12-31,23:59:41,WashingtonDC3D,38.91,-77.015
9627,1D64869,Multiple_Gunshots,2014-12-31,23:59:43,WashingtonDC1D,38.906,-76.982
9628,6D125222,Multiple_Gunshots,2014-12-31,23:59:44,WashingtonDC6D,38.888,-76.952
9629,5D47885,Multiple_Gunshots,2014-12-31,23:59:45,WashingtonDC5D,38.915,-76.982
9630,6D125223,Multiple_Gunshots,2014-12-31,23:59:46,WashingtonDC6D,38.889,-76.946
9631,7D159678,Multiple_Gunshots,2014-12-31,23:59:47,WashingtonDC7D,38.832,-76.992
9632,6D125224,Multiple_Gunshots,2014-12-31,23:59:53,WashingtonDC6D,38.892,-76.941
9633,5D47886,Single_Gunshot,2014-12-31,23:59:53,WashingtonDC5D,38.906,-76.982
9634,1D64870,Multiple_Gunshots,2014-12-31,23:59:55,WashingtonDC1D,38.906,-76.982
9635,7D159679,Single_Gunshot,2014-12-31,23:59:57,WashingtonDC7D,38.834,-76.993
9636,5D47887,Multiple_Gunshots,2014-12-31,23:59:57,WashingtonDC5D,38.912,-76.984
0,7D159680,Multiple_Gunshots,2015-01-01,00:00:02,WashingtonDC7D,38.841,-76.987
1,5D47888,Multiple_Gunshots,2015-01-01,00:00:02,WashingtonDC5D,38.906,-76.982
2,1D64871,Single_Gunshot,2015-01-01,00:00:02,WashingtonDC1D,38.906,-76.982
3,1D64872,Single_Gunshot,2015-01-01,00:00:03,WashingtonDC1D,38.905,-76.981
4,1D64873,Multiple_Gunshots,2015-01-01,00:00:04,WashingtonDC1D,38.906,-76.982
5,4D42229,Multiple_Gunshots,2015-01-01,00:00:06,WashingtonDC4D,38.955,-77.022
6,3D48808,Multiple_Gunshots,2015-01-01,00:00:09,WashingtonDC3D,38.922,-77.026
7,7D159682,Multiple_Gunshots,2015-01-01,00:00:10,WashingtonDC7D,38.827,-77.002
8,5D47889,Multiple_Gunshots,2015-01-01,00:00:10,WashingtonDC5D,38.935,-76.973
9,6D125225,Multiple_Gunshots,2015-01-01,00:00:13,WashingtonDC6D,38.888,-76.941
10,5D47890,Multiple_Gunshots,2015-01-01,00:00:14,WashingtonDC5D,38.914,-77.013
11,3D48809,Multiple_Gunshots,2015-01-01,00:00:14,WashingtonDC3D,38.914,-77.013
12,7D159683,Multiple_Gunshots,2015-01-01,00:00:20,WashingtonDC7D,38.836,-76.998
13,1D64874,Single_Gunshot,2015-01-01,00:00:20,WashingtonDC1D,38.904,-76.984
14,1D64875,Single_Gunshot,2015-01-01,00:00:22,WashingtonDC1D,38.904,-76.983
15,7D159684,Multiple_Gunshots,2015-01-01,00:00:27,WashingtonDC7D,38.841,-76.994
16,5D47891,Single_Gunshot,2015-01-01,00:00:29,WashingtonDC5D,38.904,-76.984
17,6D125226,Multiple_Gunshots,2015-01-01,00:00:30,WashingtonDC6D,38.888,-76.942
18,4D42231,Single_Gunshot,2015-01-01,00:00:30,WashingtonDC4D,38.965,-77.022
19,1D64876,Single_Gunshot,2015-01-01,00:00:30,WashingtonDC1D,38.904,-76.983
20,3D48810,Multiple_Gunshots,2015-01-01,00:00:32,WashingtonDC3D,38.915,-77.014
21,1D64877,Single_Gunshot,2015-01-01,00:00:34,WashingtonDC1D,38.904,-76.983
22,4D42232,Multiple_Gunshots,2015-01-01,00:00:41,WashingtonDC4D,38.96,-77.028
23,1D64878,Single_Gunshot,2015-01-01,00:00:41,WashingtonDC1D,38.904,-76.983
24,5D47893,Single_Gunshot,2015-01-01,00:00:48,WashingtonDC5D,38.904,-76.983
25,1D64879,Single_Gunshot,2015-01-01,00:00:49,WashingtonDC1D,38.904,-76.983
26,6D125227,Multiple_Gunshots,2015-01-01,00:00:50,WashingtonDC6D,38.889,-76.943
27,1D64880,Single_Gunshot,2015-01-01,00:00:55,WashingtonDC1D,38.894,-76.984
28,3D48811,Single_Gunshot,2015-01-01,00:01:00,WashingtonDC3D,38.913,-77.012
29,5D47895,Single_Gunshot,2015-01-01,00:01:01,WashingtonDC5D,38.913,-77.012
30,1D64881,Multiple_Gunshots,2015-01-01,00:01:02,WashingtonDC1D,38.874,-77.012
31,6D125228,Multiple_Gunshots,2015-01-01,00:01:13,WashingtonDC6D,38.889,-76.938
32,7D159686,Multiple_Gunshots,2015-01-01,00:01:14,WashingtonDC7D,38.835,-77.0
33,4D42234,Multiple_Gunshots,2015-01-01,00:01:14,WashingtonDC4D,38.95,-77.027
34,1D64884,Multiple_Gunshots,2015-01-01,00:01:14,WashingtonDC1D,38.893,-76.981
35,3D48812,Single_Gunshot,2015-01-01,00:01:20,WashingtonDC3D,38.913,-77.01
36,1D64885,Single_Gunshot,2015-01-01,00:01:20,WashingtonDC1D,38.903,-76.984
37,7D159687,Multiple_Gunshots,2015-01-01,00:01:22,WashingtonDC7D,38.835,-76.995
38,5D47896,Single_Gunshot,2015-01-01,00:01:22,WashingtonDC5D,38.913,-77.01
39,7D159688,Multiple_Gunshots,2015-01-01,00:01:29,WashingtonDC7D,38.83,-76.994
40,5D47897,Multiple_Gunshots,2015-01-01,00:01:30,WashingtonDC5D,38.922,-76.988
41,7D159689,Multiple_Gunshots,2015-01-01,00:01:32,WashingtonDC7D,38.827,-76.995
42,1D64886,Multiple_Gunshots,2015-01-01,00:01:33,WashingtonDC1D,38.896,-76.973
43,3D48813,Single_Gunshot,2015-01-01,00:01:35,WashingtonDC3D,38.934,-77.035
44,7D159690,Single_Gunshot,2015-01-01,00:01:46,WashingtonDC7D,38.83,-77.003
45,7D159691,Multiple_Gunshots,2015-01-01,00:01:49,WashingtonDC7D,38.831,-76.998
46,7D159692,Multiple_Gunshots,2015-01-01,00:01:54,WashingtonDC7D,38.827,-76.995
47,4D42237,Single_Gunshot,2015-01-01,00:01:54,WashingtonDC4D,38.96,-77.024
48,3D48814,Multiple_Gunshots,2015-01-01,00:01:55,WashingtonDC3D,38.925,-77.026
49,1D64887,Multiple_Gunshots,2015-01-01,00:01:55,WashingtonDC1D,38.879,-77.015
50,5D47899,Gunshot_or_Firecracker,2015-01-01,00:01:56,WashingtonDC5D,38.903,-76.984
51,7D159693,Multiple_Gunshots,2015-01-01,00:02:02,WashingtonDC7D,38.86,-76.989
52,4D42238,Single_Gunshot,2015-01-01,00:02:04,WashingtonDC4D,38.948,-77.034
53,3D48815,Gunshot_or_Firecracker,2015-01-01,00:02:05,WashingtonDC3D,38.929,-77.025
54,1D64888,Multiple_Gunshots,2015-01-01,00:02:06,WashingtonDC1D,38.879,-77.016
55,7D159694,Multiple_Gunshots,2015-01-01,00:02:08,WashingtonDC7D,38.828,-77.006
56,7D159695,Single_Gunshot,2015-01-01,00:02:12,WashingtonDC7D,38.833,-77.003
57,6D125231,Multiple_Gunshots,2015-01-01,00:02:12,WashingtonDC6D,38.889,-76.942
58,5D47900,Multiple_Gunshots,2015-01-01,00:02:12,WashingtonDC5D,38.901,-76.976
59,4D42239,Single_Gunshot,2015-01-01,00:02:14,WashingtonDC4D,38.935,-77.034
60,7D159696,Single_Gunshot,2015-01-01,00:02:16,WashingtonDC7D,38.843,-76.985
61,5D47901,Gunshot_or_Firecracker,2015-01-01,00:02:19,WashingtonDC5D,38.903,-76.984
62,1D64889,Single_Gunshot,2015-01-01,00:02:20,WashingtonDC1D,38.903,-76.984
63,3D48816,Single_Gunshot,2015-01-01,00:02:21,WashingtonDC3D,38.913,-77.032
64,4D42240,Single_Gunshot,2015-01-01,00:02:24,WashingtonDC4D,38.943,-77.016
65,4D42241,Single_Gunshot,2015-01-01,00:02:25,WashingtonDC4D,38.961,-77.024
66,4D42242,Multiple_Gunshots,2015-01-01,00:02:27,WashingtonDC4D,38.943,-77.016
67,4D42243,Single_Gunshot,2015-01-01,00:02:31,WashingtonDC4D,38.944,-77.016
68,7D159697,Multiple_Gunshots,2015-01-01,00:02:35,WashingtonDC7D,38.831,-76.998
69,5D47902,Single_Gunshot,2015-01-01,00:02:37,WashingtonDC5D,38.903,-76.984
70,1D64890,Single_Gunshot,2015-01-01,00:02:38,WashingtonDC1D,38.903,-76.984
71,6D125232,Multiple_Gunshots,2015-01-01,00:02:40,WashingtonDC6D,38.889,-76.94
72,1D64891,Single_Gunshot,2015-01-01,00:02:47,WashingtonDC1D,38.895,-76.988
73,5D47903,Single_Gunshot,2015-01-01,00:02:48,WashingtonDC5D,38.895,-76.988
74,7D159699,Multiple_Gunshots,2015-01-01,00:02:52,WashingtonDC7D,38.834,-77.004
75,4D42247,Gunshot_or_Firecracker,2015-01-01,00:02:52,WashingtonDC4D,38.934,-77.028
76,3D48819,Single_Gunshot,2015-01-01,00:02:58,WashingtonDC3D,38.918,-77.008
77,3D48820,Single_Gunshot,2015-01-01,00:03:06,WashingtonDC3D,38.934,-77.035
78,4D42249,Single_Gunshot,2015-01-01,00:03:08,WashingtonDC4D,38.935,-77.035
79,7D159700,Single_Gunshot,2015-01-01,00:03:09,WashingtonDC7D,38.843,-76.985
80,4D42250,Single_Gunshot,2015-01-01,00:03:09,WashingtonDC4D,38.943,-77.016
81,1D64892,Single_Gunshot,2015-01-01,00:03:12,WashingtonDC1D,38.895,-76.988
82,5D47904,Gunshot_or_Firecracker,2015-01-01,00:03:15,WashingtonDC5D,38.903,-76.984
83,6D125235,Multiple_Gunshots,2015-01-01,00:03:16,WashingtonDC6D,38.885,-76.946
84,7D159701,Multiple_Gunshots,2015-01-01,00:03:20,WashingtonDC7D,38.829,-77.0
85,1D64893,Single_Gunshot,2015-01-01,00:03:22,WashingtonDC1D,38.897,-76.977
86,4D42253,Single_Gunshot,2015-01-01,00:03:24,WashingtonDC4D,38.953,-77.009
87,5D47905,Single_Gunshot,2015-01-01,00:03:27,WashingtonDC5D,38.924,-76.998
88,4D42254,Single_Gunshot,2015-01-01,00:03:28,WashingtonDC4D,38.953,-77.008
89,5D47906,Multiple_Gunshots,2015-01-01,00:03:32,WashingtonDC5D,38.924,-76.998
90,7D159702,Multiple_Gunshots,2015-01-01,00:03:33,WashingtonDC7D,38.822,-77.008
91,4D42255,Single_Gunshot,2015-01-01,00:03:33,WashingtonDC4D,38.941,-77.024
92,4D42256,Multiple_Gunshots,2015-01-01,00:03:35,WashingtonDC4D,38.943,-77.023
93,7D159703,Multiple_Gunshots,2015-01-01,00:03:36,WashingtonDC7D,38.831,-76.998
94,3D48822,Single_Gunshot,2015-01-01,00:03:36,WashingtonDC3D,38.929,-77.025
95,1D64894,Single_Gunshot,2015-01-01,00:03:37,WashingtonDC1D,38.89,-76.99
96,4D42257,Multiple_Gunshots,2015-01-01,00:03:42,WashingtonDC4D,38.952,-77.033
97,6D125241,Multiple_Gunshots,2015-01-01,00:03:45,WashingtonDC6D,38.89,-76.937
98,5D47907,Single_Gunshot,2015-01-01,00:03:47,WashingtonDC5D,38.904,-76.995
99,7D159704,Multiple_Gunshots,2015-01-01,00:03:48,WashingtonDC7D,38.832,-76.996
100,7D159705,Multiple_Gunshots,2015-01-01,00:03:52,WashingtonDC7D,38.835,-77.001
101,1D64895,Multiple_Gunshots,2015-01-01,00:03:52,WashingtonDC1D,38.904,-76.995
102,7D159706,Multiple_Gunshots,2015-01-01,00:04:00,WashingtonDC7D,38.835,-76.997
103,5D47908,Gunshot_or_Firecracker,2015-01-01,00:04:01,WashingtonDC5D,38.913,-77.01
104,4D42259,Single_Gunshot,2015-01-01,00:04:02,WashingtonDC4D,38.955,-77.022
105,7D159707,Multiple_Gunshots,2015-01-01,00:04:05,WashingtonDC7D,38.832,-76.997
106,4D42260,Single_Gunshot,2015-01-01,00:04:05,WashingtonDC4D,38.96,-77.024
107,5D47909,Gunshot_or_Firecracker,2015-01-01,00:04:06,WashingtonDC5D,38.903,-76.984
108,6D125242,Single_Gunshot,2015-01-01,00:04:12,WashingtonDC6D,38.883,-76.959
109,7D159708,Multiple_Gunshots,2015-01-01,00:04:14,WashingtonDC7D,38.833,-76.992
110,3D48825,Multiple_Gunshots,2015-01-01,00:04:15,WashingtonDC3D,38.929,-77.026
111,4D42261,Single_Gunshot,2015-01-01,00:04:16,WashingtonDC4D,38.954,-77.021
112,3D48827,Multiple_Gunshots,2015-01-01,00:04:20,WashingtonDC3D,38.909,-77.021
113,1D64897,Single_Gunshot,2015-01-01,00:04:24,WashingtonDC1D,38.895,-76.988
114,6D125243,Multiple_Gunshots,2015-01-01,00:04:26,WashingtonDC6D,38.89,-76.938
115,4D42262,Single_Gunshot,2015-01-01,00:04:26,WashingtonDC4D,38.961,-77.021
116,5D47911,Multiple_Gunshots,2015-01-01,00:04:39,WashingtonDC5D,38.9,-76.976
117,4D42263,Single_Gunshot,2015-01-01,00:04:39,WashingtonDC4D,38.961,-77.021
118,1D64898,Multiple_Gunshots,2015-01-01,00:04:39,WashingtonDC1D,38.9,-76.976
119,7D159709,Multiple_Gunshots,2015-01-01,00:04:40,WashingtonDC7D,38.832,-77.003
120,7D159710,Single_Gunshot,2015-01-01,00:04:44,WashingtonDC7D,38.836,-77.004
121,5D47912,Single_Gunshot,2015-01-01,00:04:45,WashingtonDC5D,38.905,-77.017
122,3D48829,Single_Gunshot,2015-01-01,00:04:45,WashingtonDC3D,38.905,-77.017
123,6D125244,Multiple_Gunshots,2015-01-01,00:04:48,WashingtonDC6D,38.878,-76.926
124,1D64899,Single_Gunshot,2015-01-01,00:04:50,WashingtonDC1D,38.903,-76.984
125,7D159711,Multiple_Gunshots,2015-01-01,00:04:54,WashingtonDC7D,38.843,-76.987
126,6D125245,Multiple_Gunshots,2015-01-01,00:04:55,WashingtonDC6D,38.89,-76.935
127,6D125246,Multiple_Gunshots,2015-01-01,00:04:58,WashingtonDC6D,38.891,-76.937
128,7D159713,Single_Gunshot,2015-01-01,00:04:59,WashingtonDC7D,38.83,-76.993
129,4D42265,Single_Gunshot,2015-01-01,00:05:07,WashingtonDC4D,38.954,-77.021
130,6D125247,Gunshot_or_Firecracker,2015-01-01,00:05:08,WashingtonDC6D,38.886,-76.926
131,6D125248,Multiple_Gunshots,2015-01-01,00:05:11,WashingtonDC6D,38.891,-76.935
132,7D159714,Multiple_Gunshots,2015-01-01,00:05:13,WashingtonDC7D,38.83,-76.993
133,4D42266,Single_Gunshot,2015-01-01,00:05:13,WashingtonDC4D,38.953,-77.009
134,1D64900,Single_Gunshot,2015-01-01,00:05:17,WashingtonDC1D,38.898,-76.983
135,7D159715,Single_Gunshot,2015-01-01,00:05:19,WashingtonDC7D,38.83,-76.993
136,7D159716,Multiple_Gunshots,2015-01-01,00:05:20,WashingtonDC7D,38.83,-76.993
137,4D42267,Single_Gunshot,2015-01-01,00:05:24,WashingtonDC4D,38.96,-77.024
138,6D125251,Multiple_Gunshots,2015-01-01,00:05:27,WashingtonDC6D,38.889,-76.937
139,6D125252,Multiple_Gunshots,2015-01-01,00:05:29,WashingtonDC6D,38.887,-76.942
140,1D64901,Single_Gunshot,2015-01-01,00:05:29,WashingtonDC1D,38.903,-76.984
141,7D159717,Single_Gunshot,2015-01-01,00:05:31,WashingtonDC7D,38.837,-76.998
142,7D159718,Multiple_Gunshots,2015-01-01,00:05:32,WashingtonDC7D,38.83,-76.993
143,5D47915,Multiple_Gunshots,2015-01-01,00:05:33,WashingtonDC5D,38.895,-76.988
144,1D64902,Single_Gunshot,2015-01-01,00:05:34,WashingtonDC1D,38.895,-76.988
145,6D125253,Single_Gunshot,2015-01-01,00:05:38,WashingtonDC6D,38.897,-76.94
146,7D159719,Multiple_Gunshots,2015-01-01,00:05:40,WashingtonDC7D,38.833,-77.004
147,7D159720,Single_Gunshot,2015-01-01,00:05:41,WashingtonDC7D,38.836,-77.004
148,4D42268,Multiple_Gunshots,2015-01-01,00:05:41,WashingtonDC4D,38.952,-77.02
149,6D125254,Gunshot_or_Firecracker,2015-01-01,00:05:42,WashingtonDC6D,38.897,-76.94
150,3D48831,Multiple_Gunshots,2015-01-01,00:05:45,WashingtonDC3D,38.914,-77.013
151,4D42269,Multiple_Gunshots,2015-01-01,00:05:51,WashingtonDC4D,38.953,-77.005
152,7D159722,Single_Gunshot,2015-01-01,00:05:55,WashingtonDC7D,38.83,-76.999
153,6D125258,Multiple_Gunshots,2015-01-01,00:05:58,WashingtonDC6D,38.889,-76.938
154,4D42270,Single_Gunshot,2015-01-01,00:06:02,WashingtonDC4D,38.953,-77.009
155,4D42271,Multiple_Gunshots,2015-01-01,00:06:04,WashingtonDC4D,38.95,-77.014
156,1D64904,Multiple_Gunshots,2015-01-01,00:06:04,WashingtonDC1D,38.908,-76.979
157,1D64906,Single_Gunshot,2015-01-01,00:06:07,WashingtonDC1D,38.894,-76.984
158,7D159723,Multiple_Gunshots,2015-01-01,00:06:10,WashingtonDC7D,38.834,-76.993
159,6D125259,Multiple_Gunshots,2015-01-01,00:06:10,WashingtonDC6D,38.875,-76.931
160,4D42272,Single_Gunshot,2015-01-01,00:06:16,WashingtonDC4D,38.954,-77.021
161,7D159724,Single_Gunshot,2015-01-01,00:06:19,WashingtonDC7D,38.836,-77.004
162,4D42273,Single_Gunshot,2015-01-01,00:06:20,WashingtonDC4D,38.95,-77.015
163,4D42275,Single_Gunshot,2015-01-01,00:06:23,WashingtonDC4D,38.95,-77.015
164,6D125262,Multiple_Gunshots,2015-01-01,00:06:25,WashingtonDC6D,38.886,-76.925
165,4D42276,Single_Gunshot,2015-01-01,00:06:26,WashingtonDC4D,38.95,-77.015
166,7D159725,Single_Gunshot,2015-01-01,00:06:30,WashingtonDC7D,38.828,-77.01
167,7D159726,Multiple_Gunshots,2015-01-01,00:06:32,WashingtonDC7D,38.833,-76.998
168,6D125263,Multiple_Gunshots,2015-01-01,00:06:32,WashingtonDC6D,38.887,-76.951
169,6D125264,Multiple_Gunshots,2015-01-01,00:06:40,WashingtonDC6D,38.886,-76.921
170,4D42277,Single_Gunshot,2015-01-01,00:06:42,WashingtonDC4D,38.954,-77.02
171,1D64907,Single_Gunshot,2015-01-01,00:06:44,WashingtonDC1D,38.895,-76.987
172,5D47920,Gunshot_or_Firecracker,2015-01-01,00:06:45,WashingtonDC5D,38.914,-77.013
173,7D159729,Multiple_Gunshots,2015-01-01,00:06:46,WashingtonDC7D,38.832,-76.992
174,3D48834,Multiple_Gunshots,2015-01-01,00:06:46,WashingtonDC3D,38.914,-77.013
175,6D125265,Multiple_Gunshots,2015-01-01,00:06:48,WashingtonDC6D,38.9,-76.944
176,5D47921,Single_Gunshot,2015-01-01,00:06:50,WashingtonDC5D,38.914,-77.013
177,5D47922,Single_Gunshot,2015-01-01,00:06:51,WashingtonDC5D,38.914,-77.013
178,4D42278,Single_Gunshot,2015-01-01,00:06:51,WashingtonDC4D,38.953,-77.008
179,3D48835,Single_Gunshot,2015-01-01,00:06:53,WashingtonDC3D,38.914,-77.013
180,1D64908,Multiple_Gunshots,2015-01-01,00:06:54,WashingtonDC1D,38.901,-76.976
181,3D48836,Multiple_Gunshots,2015-01-01,00:06:55,WashingtonDC3D,38.914,-77.013
182,6D125266,Multiple_Gunshots,2015-01-01,00:06:59,WashingtonDC6D,38.887,-76.951
183,5D47923,Single_Gunshot,2015-01-01,00:06:59,WashingtonDC5D,38.914,-77.013
184,4D42279,Single_Gunshot,2015-01-01,00:07:02,WashingtonDC4D,38.948,-77.035
185,5D47924,Single_Gunshot,2015-01-01,00:07:03,WashingtonDC5D,38.913,-77.01
186,3D48838,Single_Gunshot,2015-01-01,00:07:03,WashingtonDC3D,38.913,-77.01
187,6D125267,Single_Gunshot,2015-01-01,00:07:04,WashingtonDC6D,38.871,-76.971
188,4D42280,Multiple_Gunshots,2015-01-01,00:07:05,WashingtonDC4D,38.948,-77.035
189,4D42281,Multiple_Gunshots,2015-01-01,00:07:08,WashingtonDC4D,38.948,-77.035
190,4D42282,Multiple_Gunshots,2015-01-01,00:07:10,WashingtonDC4D,38.948,-77.035
191,6D125270,Multiple_Gunshots,2015-01-01,00:07:15,WashingtonDC6D,38.885,-76.921
192,6D125271,Multiple_Gunshots,2015-01-01,00:07:20,WashingtonDC6D,38.896,-76.935
193,5D47925,Single_Gunshot,2015-01-01,00:07:21,WashingtonDC5D,38.895,-76.988
194,6D125272,Single_Gunshot,2015-01-01,00:07:25,WashingtonDC6D,38.882,-76.953
195,1D64909,Single_Gunshot,2015-01-01,00:07:25,WashingtonDC1D,38.896,-76.981
196,4D42283,Multiple_Gunshots,2015-01-01,00:07:27,WashingtonDC4D,38.948,-77.035
197,7D159732,Multiple_Gunshots,2015-01-01,00:07:30,WashingtonDC7D,38.832,-76.99
198,6D125273,Single_Gunshot,2015-01-01,00:07:34,WashingtonDC6D,38.886,-76.949
199,4D42284,Multiple_Gunshots,2015-01-01,00:07:34,WashingtonDC4D,38.948,-77.036
200,5D47926,Single_Gunshot,2015-01-01,00:07:35,WashingtonDC5D,38.906,-76.982
201,7D159733,Single_Gunshot,2015-01-01,00:07:41,WashingtonDC7D,38.843,-76.985
202,4D42285,Multiple_Gunshots,2015-01-01,00:07:41,WashingtonDC4D,38.948,-77.035
203,6D125274,Single_Gunshot,2015-01-01,00:07:42,WashingtonDC6D,38.896,-76.918
204,1D64910,Single_Gunshot,2015-01-01,00:07:46,WashingtonDC1D,38.895,-76.988
205,5D47927,Gunshot_or_Firecracker,2015-01-01,00:07:47,WashingtonDC5D,38.895,-76.988
206,4D42286,Multiple_Gunshots,2015-01-01,00:07:47,WashingtonDC4D,38.952,-77.026
207,7D159734,Single_Gunshot,2015-01-01,00:07:50,WashingtonDC7D,38.837,-76.996
208,3D48839,Single_Gunshot,2015-01-01,00:07:52,WashingtonDC3D,38.916,-77.017
209,6D125275,Multiple_Gunshots,2015-01-01,00:07:55,WashingtonDC6D,38.887,-76.95
210,1D64911,Single_Gunshot,2015-01-01,00:07:57,WashingtonDC1D,38.903,-76.984
211,6D125276,Multiple_Gunshots,2015-01-01,00:08:01,WashingtonDC6D,38.886,-76.95
212,7D159735,Multiple_Gunshots,2015-01-01,00:08:04,WashingtonDC7D,38.827,-76.99
213,6D125277,Single_Gunshot,2015-01-01,00:08:06,WashingtonDC6D,38.898,-76.939
214,1D64912,Single_Gunshot,2015-01-01,00:08:09,WashingtonDC1D,38.896,-76.981
215,3D48840,Multiple_Gunshots,2015-01-01,00:08:10,WashingtonDC3D,38.921,-77.028
216,6D125278,Multiple_Gunshots,2015-01-01,00:08:14,WashingtonDC6D,38.898,-76.917
217,5D47930,Single_Gunshot,2015-01-01,00:08:16,WashingtonDC5D,38.921,-77.003
218,3D48841,Multiple_Gunshots,2015-01-01,00:08:23,WashingtonDC3D,38.922,-77.026
219,6D125279,Multiple_Gunshots,2015-01-01,00:08:25,WashingtonDC6D,38.891,-76.936
220,7D159737,Single_Gunshot,2015-01-01,00:08:27,WashingtonDC7D,38.844,-76.992
221,4D42287,Single_Gunshot,2015-01-01,00:08:29,WashingtonDC4D,38.937,-77.025
222,1D64914,Single_Gunshot,2015-01-01,00:08:29,WashingtonDC1D,38.903,-76.984
223,6D125280,Single_Gunshot,2015-01-01,00:08:32,WashingtonDC6D,38.892,-76.928
224,6D125281,Multiple_Gunshots,2015-01-01,00:08:33,WashingtonDC6D,38.891,-76.941
225,4D42288,Multiple_Gunshots,2015-01-01,00:08:40,WashingtonDC4D,38.948,-77.035
226,6D125283,Single_Gunshot,2015-01-01,00:08:46,WashingtonDC6D,38.886,-76.926
227,1D64916,Single_Gunshot,2015-01-01,00:08:53,WashingtonDC1D,38.895,-76.988
228,5D47932,Gunshot_or_Firecracker,2015-01-01,00:08:55,WashingtonDC5D,38.895,-76.988
229,1D64917,Single_Gunshot,2015-01-01,00:09:00,WashingtonDC1D,38.895,-76.988
230,7D159739,Multiple_Gunshots,2015-01-01,00:09:02,WashingtonDC7D,38.826,-77.008
231,4D42289,Multiple_Gunshots,2015-01-01,00:09:04,WashingtonDC4D,38.952,-77.026
232,5D47933,Multiple_Gunshots,2015-01-01,00:09:08,WashingtonDC5D,38.928,-76.975
233,7D159740,Multiple_Gunshots,2015-01-01,00:09:16,WashingtonDC7D,38.826,-77.008
234,1D64919,Single_Gunshot,2015-01-01,00:09:23,WashingtonDC1D,38.896,-76.981
235,4D42291,Single_Gunshot,2015-01-01,00:09:28,WashingtonDC4D,38.953,-77.009
236,6D125287,Multiple_Gunshots,2015-01-01,00:09:29,WashingtonDC6D,38.889,-76.941
237,6D125288,Gunshot_or_Firecracker,2015-01-01,00:09:39,WashingtonDC6D,38.886,-76.926
238,7D159742,Multiple_Gunshots,2015-01-01,00:09:41,WashingtonDC7D,38.845,-76.984
239,4D42292,Multiple_Gunshots,2015-01-01,00:09:41,WashingtonDC4D,38.948,-77.036
240,5D47936,Multiple_Gunshots,2015-01-01,00:09:42,WashingtonDC5D,38.908,-77.006
241,7D159743,Multiple_Gunshots,2015-01-01,00:09:48,WashingtonDC7D,38.832,-77.011
242,6D125289,Single_Gunshot,2015-01-01,00:09:51,WashingtonDC6D,38.886,-76.926
243,5D47937,Multiple_Gunshots,2015-01-01,00:09:51,WashingtonDC5D,38.908,-77.006
244,1D64921,Single_Gunshot,2015-01-01,00:09:56,WashingtonDC1D,38.895,-76.987
245,4D42293,Multiple_Gunshots,2015-01-01,00:09:57,WashingtonDC4D,38.948,-77.035
246,7D159744,Multiple_Gunshots,2015-01-01,00:10:00,WashingtonDC7D,38.828,-76.998
247,4D42294,Single_Gunshot,2015-01-01,00:10:01,WashingtonDC4D,38.948,-77.035
248,5D47938,Gunshot_or_Firecracker,2015-01-01,00:10:02,WashingtonDC5D,38.909,-77.005
249,1D64922,Single_Gunshot,2015-01-01,00:10:02,WashingtonDC1D,38.895,-76.988
250,5D47939,Single_Gunshot,2015-01-01,00:10:04,WashingtonDC5D,38.895,-76.988
251,4D42295,Multiple_Gunshots,2015-01-01,00:10:04,WashingtonDC4D,38.948,-77.035
252,7D159745,Multiple_Gunshots,2015-01-01,00:10:14,WashingtonDC7D,38.856,-76.973
253,5D47940,Multiple_Gunshots,2015-01-01,00:10:16,WashingtonDC5D,38.902,-76.975
254,1D64923,Multiple_Gunshots,2015-01-01,00:10:16,WashingtonDC1D,38.902,-76.975
255,4D42299,Multiple_Gunshots,2015-01-01,00:10:20,WashingtonDC4D,38.952,-77.026
256,7D159746,Multiple_Gunshots,2015-01-01,00:10:22,WashingtonDC7D,38.832,-77.011
257,1D64924,Multiple_Gunshots,2015-01-01,00:10:22,WashingtonDC1D,38.902,-76.975
258,3D48845,Multiple_Gunshots,2015-01-01,00:10:24,WashingtonDC3D,38.934,-77.035
259,1D64925,Multiple_Gunshots,2015-01-01,00:10:26,WashingtonDC1D,38.902,-76.975
260,1D64926,Multiple_Gunshots,2015-01-01,00:10:30,WashingtonDC1D,38.902,-76.975
261,5D47941,Multiple_Gunshots,2015-01-01,00:10:31,WashingtonDC5D,38.902,-76.975
262,4D42301,Single_Gunshot,2015-01-01,00:10:41,WashingtonDC4D,38.952,-77.026
263,3D48846,Multiple_Gunshots,2015-01-01,00:10:41,WashingtonDC3D,38.934,-77.035
264,6D125292,Multiple_Gunshots,2015-01-01,00:10:42,WashingtonDC6D,38.885,-76.921
265,7D159748,Multiple_Gunshots,2015-01-01,00:10:43,WashingtonDC7D,38.843,-76.987
266,7D159749,Multiple_Gunshots,2015-01-01,00:10:50,WashingtonDC7D,38.826,-76.987
267,6D125293,Multiple_Gunshots,2015-01-01,00:10:52,WashingtonDC6D,38.885,-76.93
268,6D125294,Multiple_Gunshots,2015-01-01,00:10:57,WashingtonDC6D,38.886,-76.921
269,3D48848,Multiple_Gunshots,2015-01-01,00:10:57,WashingtonDC3D,38.934,-77.035
270,4D42303,Gunshot_or_Firecracker,2015-01-01,00:10:58,WashingtonDC4D,38.935,-77.034
271,4D42304,Single_Gunshot,2015-01-01,00:11:06,WashingtonDC4D,38.949,-77.038
272,3D48849,Multiple_Gunshots,2015-01-01,00:11:06,WashingtonDC3D,38.934,-77.035
273,7D159750,Multiple_Gunshots,2015-01-01,00:11:12,WashingtonDC7D,38.846,-76.981
274,3D48850,Multiple_Gunshots,2015-01-01,00:11:16,WashingtonDC3D,38.934,-77.035
275,5D47943,Multiple_Gunshots,2015-01-01,00:11:17,WashingtonDC5D,38.938,-76.965
276,4D42305,Gunshot_or_Firecracker,2015-01-01,00:11:18,WashingtonDC4D,38.952,-77.026
277,7D159751,Multiple_Gunshots,2015-01-01,00:11:21,WashingtonDC7D,38.823,-77.004
278,4D42306,Single_Gunshot,2015-01-01,00:11:21,WashingtonDC4D,38.952,-77.026
279,4D42307,Multiple_Gunshots,2015-01-01,00:11:22,WashingtonDC4D,38.952,-77.026
280,7D159752,Multiple_Gunshots,2015-01-01,00:11:25,WashingtonDC7D,38.826,-77.003
281,3D48851,Single_Gunshot,2015-01-01,00:11:31,WashingtonDC3D,38.915,-77.025
282,5D47945,Single_Gunshot,2015-01-01,00:11:32,WashingtonDC5D,38.917,-77.001
283,4D42308,Single_Gunshot,2015-01-01,00:11:44,WashingtonDC4D,38.949,-77.034
284,5D47946,Single_Gunshot,2015-01-01,00:11:50,WashingtonDC5D,38.935,-76.973
285,7D159753,Multiple_Gunshots,2015-01-01,00:11:52,WashingtonDC7D,38.826,-77.008
286,6D125299,Multiple_Gunshots,2015-01-01,00:11:54,WashingtonDC6D,38.894,-76.933
287,6D125301,Multiple_Gunshots,2015-01-01,00:11:57,WashingtonDC6D,38.891,-76.917
288,6D125300,Multiple_Gunshots,2015-01-01,00:11:57,WashingtonDC6D,38.887,-76.92
289,6D125302,Multiple_Gunshots,2015-01-01,00:12:00,WashingtonDC6D,38.912,-76.932
290,7D159754,Single_Gunshot,2015-01-01,00:12:02,WashingtonDC7D,38.836,-77.004
291,7D159755,Single_Gunshot,2015-01-01,00:12:04,WashingtonDC7D,38.836,-77.004
292,5D47947,Single_Gunshot,2015-01-01,00:12:12,WashingtonDC5D,38.917,-77.001
293,7D159758,Multiple_Gunshots,2015-01-01,00:12:17,WashingtonDC7D,38.828,-76.998
294,6D125303,Multiple_Gunshots,2015-01-01,00:12:18,WashingtonDC6D,38.881,-76.937
295,4D42309,Single_Gunshot,2015-01-01,00:12:22,WashingtonDC4D,38.951,-77.026
296,5D47948,Gunshot_or_Firecracker,2015-01-01,00:12:25,WashingtonDC5D,38.915,-77.002
297,5D47949,Multiple_Gunshots,2015-01-01,00:12:30,WashingtonDC5D,38.916,-77.003
298,7D159759,Multiple_Gunshots,2015-01-01,00:12:33,WashingtonDC7D,38.841,-76.987
299,4D42310,Single_Gunshot,2015-01-01,00:12:34,WashingtonDC4D,38.951,-77.026
300,5D47950,Multiple_Gunshots,2015-01-01,00:12:36,WashingtonDC5D,38.924,-76.997
301,4D42311,Multiple_Gunshots,2015-01-01,00:12:36,WashingtonDC4D,38.952,-77.026
302,4D42313,Single_Gunshot,2015-01-01,00:12:41,WashingtonDC4D,38.952,-77.026
303,6D125305,Multiple_Gunshots,2015-01-01,00:12:42,WashingtonDC6D,38.886,-76.954
304,7D159760,Single_Gunshot,2015-01-01,00:12:44,WashingtonDC7D,38.841,-76.993
305,4D42316,Single_Gunshot,2015-01-01,00:12:46,WashingtonDC4D,38.952,-77.026
306,4D42317,Multiple_Gunshots,2015-01-01,00:12:47,WashingtonDC4D,38.952,-77.026
307,6D125306,Multiple_Gunshots,2015-01-01,00:12:49,WashingtonDC6D,38.886,-76.95
308,6D125307,Multiple_Gunshots,2015-01-01,00:13:00,WashingtonDC6D,38.891,-76.936
309,6D125308,Multiple_Gunshots,2015-01-01,00:13:04,WashingtonDC6D,38.897,-76.94
310,5D47951,Multiple_Gunshots,2015-01-01,00:13:04,WashingtonDC5D,38.916,-77.003
311,7D159762,Multiple_Gunshots,2015-01-01,00:13:06,WashingtonDC7D,38.83,-76.993
312,4D42318,Single_Gunshot,2015-01-01,00:13:06,WashingtonDC4D,38.949,-77.038
313,6D125310,Multiple_Gunshots,2015-01-01,00:13:14,WashingtonDC6D,38.897,-76.94
314,3D48853,Single_Gunshot,2015-01-01,00:13:14,WashingtonDC3D,38.913,-77.012
315,5D47952,Single_Gunshot,2015-01-01,00:13:15,WashingtonDC5D,38.913,-77.012
316,7D159763,Multiple_Gunshots,2015-01-01,00:13:16,WashingtonDC7D,38.83,-76.993
317,4D42319,Single_Gunshot,2015-01-01,00:13:18,WashingtonDC4D,38.924,-77.013
318,3D48854,Single_Gunshot,2015-01-01,00:13:18,WashingtonDC3D,38.913,-77.012
319,7D159764,Single_Gunshot,2015-01-01,00:13:21,WashingtonDC7D,38.841,-76.994
320,3D48855,Single_Gunshot,2015-01-01,00:13:28,WashingtonDC3D,38.915,-77.025
321,7D159765,Multiple_Gunshots,2015-01-01,00:13:29,WashingtonDC7D,38.86,-76.991
322,4D42320,Multiple_Gunshots,2015-01-01,00:13:44,WashingtonDC4D,38.938,-77.031
323,4D42321,Single_Gunshot,2015-01-01,00:13:52,WashingtonDC4D,38.962,-77.019
324,7D159767,Multiple_Gunshots,2015-01-01,00:13:54,WashingtonDC7D,38.856,-76.974
325,7D159768,Multiple_Gunshots,2015-01-01,00:14:00,WashingtonDC7D,38.833,-76.992
326,5D47956,Single_Gunshot,2015-01-01,00:14:03,WashingtonDC5D,38.917,-77.001
327,6D125314,Multiple_Gunshots,2015-01-01,00:14:07,WashingtonDC6D,38.886,-76.95
328,7D159769,Single_Gunshot,2015-01-01,00:14:10,WashingtonDC7D,38.83,-76.993
329,5D47957,Multiple_Gunshots,2015-01-01,00:14:17,WashingtonDC5D,38.909,-76.997
330,4D42323,Multiple_Gunshots,2015-01-01,00:14:19,WashingtonDC4D,38.952,-77.026
331,1D64930,Multiple_Gunshots,2015-01-01,00:14:19,WashingtonDC1D,38.895,-76.988
332,4D42324,Single_Gunshot,2015-01-01,00:14:27,WashingtonDC4D,38.94,-77.03
333,3D48857,Multiple_Gunshots,2015-01-01,00:14:27,WashingtonDC3D,38.934,-77.035
334,7D159771,Multiple_Gunshots,2015-01-01,00:14:29,WashingtonDC7D,38.841,-76.991
335,1D64931,Multiple_Gunshots,2015-01-01,00:14:30,WashingtonDC1D,38.895,-76.988
336,5D47959,Multiple_Gunshots,2015-01-01,00:14:32,WashingtonDC5D,38.916,-77.003
337,4D42325,Multiple_Gunshots,2015-01-01,00:14:35,WashingtonDC4D,38.933,-77.036
338,5D47960,Multiple_Gunshots,2015-01-01,00:14:37,WashingtonDC5D,38.916,-77.003
339,6D125316,Single_Gunshot,2015-01-01,00:14:42,WashingtonDC6D,38.871,-76.932
340,5D47961,Gunshot_or_Firecracker,2015-01-01,00:14:43,WashingtonDC5D,38.895,-76.988
341,7D159772,Multiple_Gunshots,2015-01-01,00:14:44,WashingtonDC7D,38.825,-77.005
342,5D47962,Multiple_Gunshots,2015-01-01,00:14:48,WashingtonDC5D,38.914,-77.001
343,1D64932,Multiple_Gunshots,2015-01-01,00:14:50,WashingtonDC1D,38.895,-76.988
344,5D47963,Multiple_Gunshots,2015-01-01,00:14:53,WashingtonDC5D,38.916,-77.003
345,3D48858,Multiple_Gunshots,2015-01-01,00:14:56,WashingtonDC3D,38.934,-77.035
346,4D42326,Single_Gunshot,2015-01-01,00:14:57,WashingtonDC4D,38.934,-77.035
347,7D159773,Single_Gunshot,2015-01-01,00:14:58,WashingtonDC7D,38.817,-76.993
348,6D125317,Multiple_Gunshots,2015-01-01,00:14:58,WashingtonDC6D,38.864,-76.982
349,5D47964,Multiple_Gunshots,2015-01-01,00:15:02,WashingtonDC5D,38.901,-76.975
350,3D48859,Multiple_Gunshots,2015-01-01,00:15:02,WashingtonDC3D,38.934,-77.035
351,1D64933,Multiple_Gunshots,2015-01-01,00:15:02,WashingtonDC1D,38.902,-76.975
352,7D159774,Multiple_Gunshots,2015-01-01,00:15:07,WashingtonDC7D,38.842,-76.987
353,4D42328,Single_Gunshot,2015-01-01,00:15:08,WashingtonDC4D,38.938,-77.03
354,7D159775,Multiple_Gunshots,2015-01-01,00:15:11,WashingtonDC7D,38.83,-77.004
355,6D125318,Multiple_Gunshots,2015-01-01,00:15:11,WashingtonDC6D,38.897,-76.94
356,3D48861,Multiple_Gunshots,2015-01-01,00:15:15,WashingtonDC3D,38.934,-77.035
357,7D159776,Multiple_Gunshots,2015-01-01,00:15:16,WashingtonDC7D,38.842,-76.96
358,5D47965,Multiple_Gunshots,2015-01-01,00:15:16,WashingtonDC5D,38.902,-76.975
359,4D42329,Multiple_Gunshots,2015-01-01,00:15:16,WashingtonDC4D,38.935,-77.034
360,1D64934,Multiple_Gunshots,2015-01-01,00:15:21,WashingtonDC1D,38.902,-76.975
361,6D125323,Multiple_Gunshots,2015-01-01,00:15:24,WashingtonDC6D,38.897,-76.94
362,7D159777,Single_Gunshot,2015-01-01,00:15:31,WashingtonDC7D,38.828,-76.994
363,6D125324,Multiple_Gunshots,2015-01-01,00:15:32,WashingtonDC6D,38.885,-76.937
364,6D125325,Single_Gunshot,2015-01-01,00:15:39,WashingtonDC6D,38.891,-76.941
365,7D159778,Multiple_Gunshots,2015-01-01,00:15:42,WashingtonDC7D,38.837,-76.988
366,6D125326,Gunshot_or_Firecracker,2015-01-01,00:15:45,WashingtonDC6D,38.889,-76.916
367,3D48864,Multiple_Gunshots,2015-01-01,00:15:48,WashingtonDC3D,38.934,-77.035
368,4D42330,Gunshot_or_Firecracker,2015-01-01,00:15:54,WashingtonDC4D,38.942,-77.027
369,7D159779,Multiple_Gunshots,2015-01-01,00:15:56,WashingtonDC7D,38.829,-76.998
370,5D47966,Single_Gunshot,2015-01-01,00:15:56,WashingtonDC5D,38.932,-76.966
371,3D48865,Multiple_Gunshots,2015-01-01,00:16:00,WashingtonDC3D,38.934,-77.035
372,7D159781,Multiple_Gunshots,2015-01-01,00:16:01,WashingtonDC7D,38.831,-77.005
373,7D159780,Single_Gunshot,2015-01-01,00:16:01,WashingtonDC7D,38.83,-77.004
374,6D125327,Multiple_Gunshots,2015-01-01,00:16:02,WashingtonDC6D,38.912,-76.94
375,7D159782,Multiple_Gunshots,2015-01-01,00:16:03,WashingtonDC7D,38.827,-76.995
376,4D42331,Multiple_Gunshots,2015-01-01,00:16:05,WashingtonDC4D,38.935,-77.035
377,5D47967,Gunshot_or_Firecracker,2015-01-01,00:16:11,WashingtonDC5D,38.921,-77.003
378,7D159783,Multiple_Gunshots,2015-01-01,00:16:13,WashingtonDC7D,38.827,-76.995
379,4D42332,Single_Gunshot,2015-01-01,00:16:17,WashingtonDC4D,38.926,-77.007
380,6D125328,Multiple_Gunshots,2015-01-01,00:16:19,WashingtonDC6D,38.907,-76.95
381,7D159784,Single_Gunshot,2015-01-01,00:16:22,WashingtonDC7D,38.828,-76.994
382,6D125329,Single_Gunshot,2015-01-01,00:16:25,WashingtonDC6D,38.895,-76.926
383,5D47968,Multiple_Gunshots,2015-01-01,00:16:31,WashingtonDC5D,38.933,-76.994
384,3D48867,Multiple_Gunshots,2015-01-01,00:16:31,WashingtonDC3D,38.918,-77.008
385,5D47969,Single_Gunshot,2015-01-01,00:16:39,WashingtonDC5D,38.935,-76.973
386,4D42333,Multiple_Gunshots,2015-01-01,00:16:40,WashingtonDC4D,38.939,-77.022
387,7D159785,Multiple_Gunshots,2015-01-01,00:16:43,WashingtonDC7D,38.86,-76.991
388,7D159786,Multiple_Gunshots,2015-01-01,00:16:51,WashingtonDC7D,38.849,-76.976
389,7D159788,Multiple_Gunshots,2015-01-01,00:16:57,WashingtonDC7D,38.828,-77.006
390,4D42334,Multiple_Gunshots,2015-01-01,00:17:11,WashingtonDC4D,38.952,-77.026
391,6D125331,Multiple_Gunshots,2015-01-01,00:17:12,WashingtonDC6D,38.879,-76.936
392,7D159791,Multiple_Gunshots,2015-01-01,00:17:15,WashingtonDC7D,38.857,-76.98
393,4D42335,Single_Gunshot,2015-01-01,00:17:16,WashingtonDC4D,38.946,-77.033
394,3D48868,Single_Gunshot,2015-01-01,00:17:17,WashingtonDC3D,38.946,-77.033
395,1D64936,Single_Gunshot,2015-01-01,00:17:23,WashingtonDC1D,38.891,-76.989
396,5D47974,Single_Gunshot,2015-01-01,00:17:24,WashingtonDC5D,38.93,-76.974
397,6D125332,Multiple_Gunshots,2015-01-01,00:17:30,WashingtonDC6D,38.883,-76.939
398,4D42336,Single_Gunshot,2015-01-01,00:17:36,WashingtonDC4D,38.946,-77.033
399,3D48869,Single_Gunshot,2015-01-01,00:17:38,WashingtonDC3D,38.946,-77.033
400,6D125333,Single_Gunshot,2015-01-01,00:17:40,WashingtonDC6D,38.895,-76.925
401,5D47977,Single_Gunshot,2015-01-01,00:17:56,WashingtonDC5D,38.92,-77.003
402,3D48870,Single_Gunshot,2015-01-01,00:17:56,WashingtonDC3D,38.921,-77.004
403,5D47978,Single_Gunshot,2015-01-01,00:17:57,WashingtonDC5D,38.921,-77.003
404,4D42337,Multiple_Gunshots,2015-01-01,00:18:03,WashingtonDC4D,38.936,-77.023
405,4D42338,Single_Gunshot,2015-01-01,00:18:11,WashingtonDC4D,38.946,-77.033
406,3D48871,Single_Gunshot,2015-01-01,00:18:11,WashingtonDC3D,38.946,-77.033
407,6D125336,Single_Gunshot,2015-01-01,00:18:13,WashingtonDC6D,38.886,-76.948
408,6D125337,Multiple_Gunshots,2015-01-01,00:18:31,WashingtonDC6D,38.874,-76.929
409,5D47982,Multiple_Gunshots,2015-01-01,00:18:52,WashingtonDC5D,38.902,-76.975
410,5D47981,Multiple_Gunshots,2015-01-01,00:18:52,WashingtonDC5D,38.902,-76.975
411,1D64937,Multiple_Gunshots,2015-01-01,00:18:52,WashingtonDC1D,38.902,-76.975
412,3D48873,Single_Gunshot,2015-01-01,00:19:05,WashingtonDC3D,38.922,-77.004
413,1D64938,Multiple_Gunshots,2015-01-01,00:19:05,WashingtonDC1D,38.902,-76.975
414,5D47983,Multiple_Gunshots,2015-01-01,00:19:07,WashingtonDC5D,38.902,-76.975
415,1D64939,Single_Gunshot,2015-01-01,00:19:08,WashingtonDC1D,38.902,-76.975
416,1D64940,Single_Gunshot,2015-01-01,00:19:09,WashingtonDC1D,38.902,-76.975
417,1D64941,Multiple_Gunshots,2015-01-01,00:19:10,WashingtonDC1D,38.902,-76.975
418,5D47985,Single_Gunshot,2015-01-01,00:19:28,WashingtonDC5D,38.932,-76.967
419,3D48874,Multiple_Gunshots,2015-01-01,00:19:32,WashingtonDC3D,38.932,-77.043
420,4D42339,Single_Gunshot,2015-01-01,00:19:35,WashingtonDC4D,38.946,-77.033
421,5D47986,Gunshot_or_Firecracker,2015-01-01,00:19:42,WashingtonDC5D,38.921,-77.003
422,4D42340,Multiple_Gunshots,2015-01-01,00:19:48,WashingtonDC4D,38.951,-77.027
423,7D159799,Multiple_Gunshots,2015-01-01,00:20:12,WashingtonDC7D,38.83,-77.003
424,6D125344,Multiple_Gunshots,2015-01-01,00:20:15,WashingtonDC6D,38.86,-76.954
425,4D42341,Single_Gunshot,2015-01-01,00:20:24,WashingtonDC4D,38.946,-77.033
426,3D48876,Single_Gunshot,2015-01-01,00:20:25,WashingtonDC3D,38.946,-77.033
427,7D159801,Multiple_Gunshots,2015-01-01,00:20:26,WashingtonDC7D,38.853,-76.98
428,6D125345,Multiple_Gunshots,2015-01-01,00:20:28,WashingtonDC6D,38.86,-76.954
429,7D159802,Single_Gunshot,2015-01-01,00:20:35,WashingtonDC7D,38.843,-76.985
430,7D159803,Multiple_Gunshots,2015-01-01,00:20:44,WashingtonDC7D,38.855,-76.971
431,3D48877,Multiple_Gunshots,2015-01-01,00:20:53,WashingtonDC3D,38.925,-77.04
432,6D125348,Multiple_Gunshots,2015-01-01,00:20:57,WashingtonDC6D,38.898,-76.917
433,4D42342,Single_Gunshot,2015-01-01,00:20:57,WashingtonDC4D,38.946,-77.033
434,7D159804,Multiple_Gunshots,2015-01-01,00:21:13,WashingtonDC7D,38.827,-76.998
435,7D159805,Multiple_Gunshots,2015-01-01,00:21:22,WashingtonDC7D,38.843,-76.985
436,4D42343,Single_Gunshot,2015-01-01,00:21:24,WashingtonDC4D,38.967,-77.032
437,6D125350,Single_Gunshot,2015-01-01,00:21:26,WashingtonDC6D,38.905,-76.939
438,6D125351,Multiple_Gunshots,2015-01-01,00:21:27,WashingtonDC6D,38.905,-76.939
439,4D42344,Single_Gunshot,2015-01-01,00:21:29,WashingtonDC4D,38.967,-77.032
440,7D159807,Multiple_Gunshots,2015-01-01,00:21:32,WashingtonDC7D,38.829,-77.005
441,6D125353,Multiple_Gunshots,2015-01-01,00:21:40,WashingtonDC6D,38.894,-76.92
442,7D159808,Single_Gunshot,2015-01-01,00:21:41,WashingtonDC7D,38.844,-76.973
443,4D42345,Single_Gunshot,2015-01-01,00:21:45,WashingtonDC4D,38.946,-77.033
444,5D47990,Single_Gunshot,2015-01-01,00:21:47,WashingtonDC5D,38.932,-76.967
445,7D159809,Single_Gunshot,2015-01-01,00:21:53,WashingtonDC7D,38.846,-76.958
446,4D42346,Single_Gunshot,2015-01-01,00:21:53,WashingtonDC4D,38.921,-77.003
447,1D64943,Single_Gunshot,2015-01-01,00:21:54,WashingtonDC1D,38.897,-76.985
448,5D47992,Multiple_Gunshots,2015-01-01,00:22:09,WashingtonDC5D,38.914,-77.002
449,4D42347,Single_Gunshot,2015-01-01,00:22:24,WashingtonDC4D,38.946,-77.033
450,3D48878,Single_Gunshot,2015-01-01,00:22:25,WashingtonDC3D,38.946,-77.033
451,6D125360,Multiple_Gunshots,2015-01-01,00:22:26,WashingtonDC6D,38.898,-76.939
452,6D125362,Multiple_Gunshots,2015-01-01,00:22:35,WashingtonDC6D,38.898,-76.939
453,7D159810,Multiple_Gunshots,2015-01-01,00:22:37,WashingtonDC7D,38.827,-76.999
454,6D125363,Gunshot_or_Firecracker,2015-01-01,00:22:45,WashingtonDC6D,38.897,-76.94
455,3D48879,Multiple_Gunshots,2015-01-01,00:22:47,WashingtonDC3D,38.925,-77.04
456,4D42348,Single_Gunshot,2015-01-01,00:22:55,WashingtonDC4D,38.946,-77.032
457,1D64945,Multiple_Gunshots,2015-01-01,00:22:59,WashingtonDC1D,38.9,-76.974
458,3D48880,Multiple_Gunshots,2015-01-01,00:23:07,WashingtonDC3D,38.925,-77.04
459,6D125364,Multiple_Gunshots,2015-01-01,00:23:16,WashingtonDC6D,38.881,-76.936
460,3D48881,Multiple_Gunshots,2015-01-01,00:23:25,WashingtonDC3D,38.925,-77.04
461,7D159812,Single_Gunshot,2015-01-01,00:23:26,WashingtonDC7D,38.825,-77.009
462,3D48882,Single_Gunshot,2015-01-01,00:23:32,WashingtonDC3D,38.925,-77.04
463,5D47995,Single_Gunshot,2015-01-01,00:23:36,WashingtonDC5D,38.921,-77.004
464,4D42349,Single_Gunshot,2015-01-01,00:23:39,WashingtonDC4D,38.923,-77.004
465,6D125365,Gunshot_or_Firecracker,2015-01-01,00:23:42,WashingtonDC6D,38.897,-76.94
466,6D125366,Multiple_Gunshots,2015-01-01,00:23:54,WashingtonDC6D,38.883,-76.938
467,7D159813,Multiple_Gunshots,2015-01-01,00:23:55,WashingtonDC7D,38.846,-76.958
468,6D125367,Multiple_Gunshots,2015-01-01,00:23:59,WashingtonDC6D,38.862,-76.985
469,5D47996,Gunshot_or_Firecracker,2015-01-01,00:24:03,WashingtonDC5D,38.932,-76.967
470,7D159814,Single_Gunshot,2015-01-01,00:24:05,WashingtonDC7D,38.841,-76.989
471,5D47997,Gunshot_or_Firecracker,2015-01-01,00:24:12,WashingtonDC5D,38.916,-77.002
472,7D159815,Multiple_Gunshots,2015-01-01,00:24:15,WashingtonDC7D,38.862,-76.985
473,6D125369,Multiple_Gunshots,2015-01-01,00:24:36,WashingtonDC6D,38.873,-76.926
474,6D125370,Single_Gunshot,2015-01-01,00:24:49,WashingtonDC6D,38.904,-76.95
475,5D48000,Gunshot_or_Firecracker,2015-01-01,00:25:03,WashingtonDC5D,38.915,-77.002
476,7D159816,Multiple_Gunshots,2015-01-01,00:25:20,WashingtonDC7D,38.846,-76.958
477,6D125372,Multiple_Gunshots,2015-01-01,00:25:20,WashingtonDC6D,38.895,-76.927
478,5D48002,Gunshot_or_Firecracker,2015-01-01,00:25:26,WashingtonDC5D,38.932,-76.966
479,6D125374,Multiple_Gunshots,2015-01-01,00:25:32,WashingtonDC6D,38.885,-76.955
480,6D125375,Multiple_Gunshots,2015-01-01,00:25:37,WashingtonDC6D,38.885,-76.955
481,6D125376,Multiple_Gunshots,2015-01-01,00:25:55,WashingtonDC6D,38.86,-76.954
482,7D159817,Multiple_Gunshots,2015-01-01,00:26:05,WashingtonDC7D,38.839,-76.997
483,7D159818,Multiple_Gunshots,2015-01-01,00:26:08,WashingtonDC7D,38.839,-76.997
484,7D159819,Multiple_Gunshots,2015-01-01,00:26:10,WashingtonDC7D,38.839,-76.997
485,7D159820,Single_Gunshot,2015-01-01,00:26:14,WashingtonDC7D,38.839,-76.996
486,7D159821,Single_Gunshot,2015-01-01,00:26:17,WashingtonDC7D,38.839,-76.997
487,7D159822,Multiple_Gunshots,2015-01-01,00:26:18,WashingtonDC7D,38.839,-76.997
488,1D64946,Multiple_Gunshots,2015-01-01,00:26:36,WashingtonDC1D,38.899,-76.98
489,6D125377,Multiple_Gunshots,2015-01-01,00:26:40,WashingtonDC6D,38.881,-76.912
490,3D48885,Single_Gunshot,2015-01-01,00:26:40,WashingtonDC3D,38.921,-77.004
491,5D48007,Gunshot_or_Firecracker,2015-01-01,00:26:41,WashingtonDC5D,38.921,-77.004
492,4D42350,Multiple_Gunshots,2015-01-01,00:26:55,WashingtonDC4D,38.949,-77.024
493,3D48886,Single_Gunshot,2015-01-01,00:26:56,WashingtonDC3D,38.921,-77.004
494,1D64948,Multiple_Gunshots,2015-01-01,00:27:01,WashingtonDC1D,38.899,-76.979
495,3D48887,Multiple_Gunshots,2015-01-01,00:27:08,WashingtonDC3D,38.925,-77.04
496,6D125378,Multiple_Gunshots,2015-01-01,00:27:11,WashingtonDC6D,38.88,-76.927
497,3D48888,Multiple_Gunshots,2015-01-01,00:27:23,WashingtonDC3D,38.925,-77.04
498,1D64950,Multiple_Gunshots,2015-01-01,00:27:24,WashingtonDC1D,38.902,-76.975
499,7D159825,Multiple_Gunshots,2015-01-01,00:27:28,WashingtonDC7D,38.861,-76.997
500,5D48013,Multiple_Gunshots,2015-01-01,00:27:29,WashingtonDC5D,38.904,-76.977
501,7D159826,Multiple_Gunshots,2015-01-01,00:27:34,WashingtonDC7D,38.862,-77.0
502,1D64951,Multiple_Gunshots,2015-01-01,00:27:36,WashingtonDC1D,38.902,-76.975
503,7D159827,Multiple_Gunshots,2015-01-01,00:27:45,WashingtonDC7D,38.864,-76.995
504,7D159828,Single_Gunshot,2015-01-01,00:27:49,WashingtonDC7D,38.864,-76.995
505,7D159829,Multiple_Gunshots,2015-01-01,00:27:51,WashingtonDC7D,38.864,-76.996
506,7D159830,Multiple_Gunshots,2015-01-01,00:28:03,WashingtonDC7D,38.826,-76.998
507,1D64953,Multiple_Gunshots,2015-01-01,00:28:10,WashingtonDC1D,38.899,-76.979
508,6D125379,Single_Gunshot,2015-01-01,00:28:15,WashingtonDC6D,38.86,-76.954
509,6D125380,Multiple_Gunshots,2015-01-01,00:28:22,WashingtonDC6D,38.86,-76.954
510,1D64954,Multiple_Gunshots,2015-01-01,00:28:25,WashingtonDC1D,38.899,-76.979
511,5D48014,Single_Gunshot,2015-01-01,00:28:32,WashingtonDC5D,38.932,-76.966
512,1D64956,Multiple_Gunshots,2015-01-01,00:28:53,WashingtonDC1D,38.899,-76.979
513,1D64957,Multiple_Gunshots,2015-01-01,00:28:57,WashingtonDC1D,38.899,-76.979
514,7D159831,Multiple_Gunshots,2015-01-01,00:29:01,WashingtonDC7D,38.833,-77.0
515,7D159832,Single_Gunshot,2015-01-01,00:29:12,WashingtonDC7D,38.844,-76.979
516,7D159833,Multiple_Gunshots,2015-01-01,00:29:15,WashingtonDC7D,38.844,-76.979
517,1D64958,Multiple_Gunshots,2015-01-01,00:29:18,WashingtonDC1D,38.899,-76.979
518,7D159834,Single_Gunshot,2015-01-01,00:29:25,WashingtonDC7D,38.841,-76.996
519,1D64959,Multiple_Gunshots,2015-01-01,00:29:25,WashingtonDC1D,38.899,-76.979
520,1D64960,Multiple_Gunshots,2015-01-01,00:29:32,WashingtonDC1D,38.899,-76.979
521,5D48016,Multiple_Gunshots,2015-01-01,00:29:36,WashingtonDC5D,38.899,-76.979
522,7D159835,Multiple_Gunshots,2015-01-01,00:29:38,WashingtonDC7D,38.841,-76.988
523,7D159836,Multiple_Gunshots,2015-01-01,00:29:45,WashingtonDC7D,38.839,-76.997
524,7D159837,Multiple_Gunshots,2015-01-01,00:29:53,WashingtonDC7D,38.856,-76.973
525,4D42351,Single_Gunshot,2015-01-01,00:30:01,WashingtonDC4D,38.943,-77.022
526,6D125385,Multiple_Gunshots,2015-01-01,00:30:05,WashingtonDC6D,38.889,-76.951
527,7D159840,Multiple_Gunshots,2015-01-01,00:30:08,WashingtonDC7D,38.856,-76.973
528,6D125386,Single_Gunshot,2015-01-01,00:30:08,WashingtonDC6D,38.894,-76.951
529,6D125387,Multiple_Gunshots,2015-01-01,00:30:10,WashingtonDC6D,38.894,-76.937
530,7D159841,Multiple_Gunshots,2015-01-01,00:30:11,WashingtonDC7D,38.856,-76.973
531,4D42352,Gunshot_or_Firecracker,2015-01-01,00:30:11,WashingtonDC4D,38.943,-77.022
532,7D159842,Multiple_Gunshots,2015-01-01,00:30:20,WashingtonDC7D,38.826,-77.008
533,7D159843,Multiple_Gunshots,2015-01-01,00:30:29,WashingtonDC7D,38.838,-76.994
534,7D159844,Multiple_Gunshots,2015-01-01,00:30:31,WashingtonDC7D,38.825,-77.009
535,6D125389,Multiple_Gunshots,2015-01-01,00:30:49,WashingtonDC6D,38.861,-76.98
536,7D159845,Multiple_Gunshots,2015-01-01,00:30:55,WashingtonDC7D,38.854,-76.972
537,7D159846,Multiple_Gunshots,2015-01-01,00:30:57,WashingtonDC7D,38.855,-76.971
538,4D42353,Single_Gunshot,2015-01-01,00:30:57,WashingtonDC4D,38.943,-77.018
539,1D64962,Single_Gunshot,2015-01-01,00:30:58,WashingtonDC1D,38.898,-76.973
540,6D125392,Multiple_Gunshots,2015-01-01,00:31:10,WashingtonDC6D,38.881,-76.927
541,4D42354,Single_Gunshot,2015-01-01,00:31:24,WashingtonDC4D,38.943,-77.022
542,6D125393,Multiple_Gunshots,2015-01-01,00:31:50,WashingtonDC6D,38.881,-76.939
543,7D159847,Multiple_Gunshots,2015-01-01,00:31:54,WashingtonDC7D,38.86,-76.991
544,6D125394,Multiple_Gunshots,2015-01-01,00:31:59,WashingtonDC6D,38.881,-76.94
545,1D64963,Single_Gunshot,2015-01-01,00:32:06,WashingtonDC1D,38.899,-76.979
546,1D64964,Multiple_Gunshots,2015-01-01,00:32:28,WashingtonDC1D,38.898,-76.973
547,6D125395,Multiple_Gunshots,2015-01-01,00:32:30,WashingtonDC6D,38.885,-76.938
548,4D42355,Single_Gunshot,2015-01-01,00:32:32,WashingtonDC4D,38.943,-77.022
549,6D125397,Multiple_Gunshots,2015-01-01,00:32:38,WashingtonDC6D,38.888,-76.936
550,7D159848,Multiple_Gunshots,2015-01-01,00:32:39,WashingtonDC7D,38.829,-77.0
551,5D48021,Single_Gunshot,2015-01-01,00:32:40,WashingtonDC5D,38.931,-76.966
552,6D125398,Multiple_Gunshots,2015-01-01,00:32:53,WashingtonDC6D,38.887,-76.937
553,5D48022,Single_Gunshot,2015-01-01,00:33:16,WashingtonDC5D,38.932,-76.966
554,4D42356,Single_Gunshot,2015-01-01,00:33:24,WashingtonDC4D,38.953,-77.01
555,7D159850,Multiple_Gunshots,2015-01-01,00:33:32,WashingtonDC7D,38.837,-76.99
556,4D42357,Multiple_Gunshots,2015-01-01,00:33:43,WashingtonDC4D,38.943,-77.022
557,7D159852,Multiple_Gunshots,2015-01-01,00:33:51,WashingtonDC7D,38.827,-76.998
558,5D48023,Multiple_Gunshots,2015-01-01,00:33:58,WashingtonDC5D,38.899,-76.979
559,1D64967,Multiple_Gunshots,2015-01-01,00:34:04,WashingtonDC1D,38.899,-76.979
560,6D125401,Multiple_Gunshots,2015-01-01,00:34:12,WashingtonDC6D,38.894,-76.925
561,5D48024,Multiple_Gunshots,2015-01-01,00:34:14,WashingtonDC5D,38.925,-77.002
562,6D125402,Multiple_Gunshots,2015-01-01,00:34:18,WashingtonDC6D,38.891,-76.925
563,6D125403,Multiple_Gunshots,2015-01-01,00:34:20,WashingtonDC6D,38.894,-76.925
564,6D125404,Multiple_Gunshots,2015-01-01,00:34:23,WashingtonDC6D,38.894,-76.925
565,5D48025,Multiple_Gunshots,2015-01-01,00:34:29,WashingtonDC5D,38.921,-77.002
566,5D48026,Single_Gunshot,2015-01-01,00:34:30,WashingtonDC5D,38.924,-76.997
567,7D159853,Multiple_Gunshots,2015-01-01,00:34:32,WashingtonDC7D,38.852,-76.966
568,5D48027,Multiple_Gunshots,2015-01-01,00:34:32,WashingtonDC5D,38.925,-77.002
569,4D42358,Multiple_Gunshots,2015-01-01,00:34:33,WashingtonDC4D,38.945,-77.018
570,7D159854,Multiple_Gunshots,2015-01-01,00:34:37,WashingtonDC7D,38.843,-76.986
571,7D159855,Multiple_Gunshots,2015-01-01,00:34:38,WashingtonDC7D,38.843,-76.985
572,6D125405,Multiple_Gunshots,2015-01-01,00:34:42,WashingtonDC6D,38.875,-76.92
573,6D125406,Multiple_Gunshots,2015-01-01,00:34:53,WashingtonDC6D,38.86,-76.954
574,1D64968,Multiple_Gunshots,2015-01-01,00:35:05,WashingtonDC1D,38.873,-77.018
575,5D48028,Single_Gunshot,2015-01-01,00:35:10,WashingtonDC5D,38.927,-76.965
576,7D159857,Multiple_Gunshots,2015-01-01,00:35:25,WashingtonDC7D,38.843,-76.984
577,7D159858,Single_Gunshot,2015-01-01,00:35:34,WashingtonDC7D,38.843,-76.984
578,7D159859,Multiple_Gunshots,2015-01-01,00:35:45,WashingtonDC7D,38.843,-76.984
579,6D125408,Multiple_Gunshots,2015-01-01,00:35:47,WashingtonDC6D,38.887,-76.938
580,6D125410,Multiple_Gunshots,2015-01-01,00:36:35,WashingtonDC6D,38.892,-76.923
581,3D48889,Multiple_Gunshots,2015-01-01,00:38:16,WashingtonDC3D,38.909,-77.021
582,5D48031,Multiple_Gunshots,2015-01-01,00:38:17,WashingtonDC5D,38.909,-77.021
583,4D42359,Multiple_Gunshots,2015-01-01,00:38:24,WashingtonDC4D,38.955,-77.021
584,6D125414,Single_Gunshot,2015-01-01,00:39:00,WashingtonDC6D,38.859,-76.954
585,5D48032,Gunshot_or_Firecracker,2015-01-01,00:39:03,WashingtonDC5D,38.932,-76.966
586,6D125416,Single_Gunshot,2015-01-01,00:40:06,WashingtonDC6D,38.884,-76.929
587,3D48890,Multiple_Gunshots,2015-01-01,00:40:15,WashingtonDC3D,38.911,-77.023
588,5D48035,Multiple_Gunshots,2015-01-01,00:40:17,WashingtonDC5D,38.911,-77.024
589,3D48892,Single_Gunshot,2015-01-01,00:40:23,WashingtonDC3D,38.913,-77.026
590,6D125418,Single_Gunshot,2015-01-01,00:40:51,WashingtonDC6D,38.876,-76.947
591,6D125420,Multiple_Gunshots,2015-01-01,00:40:54,WashingtonDC6D,38.86,-76.954
592,5D48037,Multiple_Gunshots,2015-01-01,00:40:55,WashingtonDC5D,38.919,-77.006
593,6D125422,Multiple_Gunshots,2015-01-01,00:41:07,WashingtonDC6D,38.88,-76.943
594,6D125425,Multiple_Gunshots,2015-01-01,00:41:17,WashingtonDC6D,38.88,-76.943
595,7D159862,Multiple_Gunshots,2015-01-01,00:41:33,WashingtonDC7D,38.843,-76.987
596,7D159863,Multiple_Gunshots,2015-01-01,00:41:35,WashingtonDC7D,38.843,-76.986
597,7D159864,Single_Gunshot,2015-01-01,00:42:23,WashingtonDC7D,38.826,-76.998
598,7D159865,Multiple_Gunshots,2015-01-01,00:42:32,WashingtonDC7D,38.827,-76.998
599,6D125426,Multiple_Gunshots,2015-01-01,00:42:42,WashingtonDC6D,38.86,-76.954
600,7D159866,Multiple_Gunshots,2015-01-01,00:42:53,WashingtonDC7D,38.818,-77.008
601,6D125427,Multiple_Gunshots,2015-01-01,00:42:57,WashingtonDC6D,38.86,-76.954
602,5D48039,Multiple_Gunshots,2015-01-01,00:43:20,WashingtonDC5D,38.907,-76.988
603,6D125428,Single_Gunshot,2015-01-01,00:43:29,WashingtonDC6D,38.883,-76.914
604,5D48040,Multiple_Gunshots,2015-01-01,00:43:29,WashingtonDC5D,38.907,-76.99
605,5D48041,Multiple_Gunshots,2015-01-01,00:43:43,WashingtonDC5D,38.897,-76.973
606,1D64973,Multiple_Gunshots,2015-01-01,00:43:43,WashingtonDC1D,38.898,-76.973
607,6D125429,Single_Gunshot,2015-01-01,00:43:59,WashingtonDC6D,38.867,-76.976
608,6D125430,Single_Gunshot,2015-01-01,00:44:36,WashingtonDC6D,38.886,-76.954
609,6D125431,Single_Gunshot,2015-01-01,00:44:51,WashingtonDC6D,38.886,-76.954
610,7D159867,Single_Gunshot,2015-01-01,00:45:47,WashingtonDC7D,38.827,-77.0
611,7D159868,Single_Gunshot,2015-01-01,00:46:15,WashingtonDC7D,38.826,-76.998
612,6D125432,Gunshot_or_Firecracker,2015-01-01,00:46:29,WashingtonDC6D,38.887,-76.929
613,6D125433,Single_Gunshot,2015-01-01,00:46:49,WashingtonDC6D,38.884,-76.958
614,6D125434,Multiple_Gunshots,2015-01-01,00:47:06,WashingtonDC6D,38.86,-76.954
615,6D125435,Multiple_Gunshots,2015-01-01,00:47:22,WashingtonDC6D,38.86,-76.954
616,7D159869,Single_Gunshot,2015-01-01,00:47:49,WashingtonDC7D,38.83,-77.002
617,7D159870,Single_Gunshot,2015-01-01,00:48:04,WashingtonDC7D,38.822,-76.991
618,7D159871,Single_Gunshot,2015-01-01,00:48:15,WashingtonDC7D,38.83,-77.003
619,6D125436,Gunshot_or_Firecracker,2015-01-01,00:48:50,WashingtonDC6D,38.886,-76.954
620,7D159873,Multiple_Gunshots,2015-01-01,00:49:39,WashingtonDC7D,38.829,-77.001
621,6D125437,Multiple_Gunshots,2015-01-01,00:49:45,WashingtonDC6D,38.861,-76.954
622,6D125438,Multiple_Gunshots,2015-01-01,00:50:07,WashingtonDC6D,38.886,-76.936
623,7D159874,Multiple_Gunshots,2015-01-01,00:50:10,WashingtonDC7D,38.835,-76.981
624,6D125439,Multiple_Gunshots,2015-01-01,00:51:03,WashingtonDC6D,38.86,-76.954
625,7D159875,Multiple_Gunshots,2015-01-01,00:52:13,WashingtonDC7D,38.848,-76.975
626,7D159876,Multiple_Gunshots,2015-01-01,00:53:15,WashingtonDC7D,38.847,-76.973
627,7D159877,Multiple_Gunshots,2015-01-01,00:53:24,WashingtonDC7D,38.848,-76.974
628,7D159878,Multiple_Gunshots,2015-01-01,00:54:08,WashingtonDC7D,38.843,-76.987
629,6D125440,Multiple_Gunshots,2015-01-01,00:55:50,WashingtonDC6D,38.904,-76.929
630,6D125441,Multiple_Gunshots,2015-01-01,00:56:01,WashingtonDC6D,38.902,-76.927
631,6D125444,Multiple_Gunshots,2015-01-01,00:58:34,WashingtonDC6D,38.883,-76.914
632,6D125446,Multiple_Gunshots,2015-01-01,00:59:05,WashingtonDC6D,38.86,-76.954
633,7D159883,Single_Gunshot,2015-01-01,00:59:54,WashingtonDC7D,38.848,-76.974
634,4D42370,Multiple_Gunshots,2015-01-01,01:02:10,WashingtonDC4D,38.956,-77.029
635,7D159884,Single_Gunshot,2015-01-01,01:02:17,WashingtonDC7D,38.846,-76.984
636,4D42371,Multiple_Gunshots,2015-01-01,01:02:22,WashingtonDC4D,38.955,-77.021
637,7D159887,Multiple_Gunshots,2015-01-01,01:05:51,WashingtonDC7D,38.846,-76.972
638,7D159897,Single_Gunshot,2015-01-01,01:16:57,WashingtonDC7D,38.837,-76.988
639,7D159898,Multiple_Gunshots,2015-01-01,01:17:08,WashingtonDC7D,38.837,-76.988
640,7D159899,Single_Gunshot,2015-01-01,01:17:18,WashingtonDC7D,38.837,-76.988
641,7D159900,Multiple_Gunshots,2015-01-01,01:17:46,WashingtonDC7D,38.843,-76.986
642,7D159903,Multiple_Gunshots,2015-01-01,01:22:30,WashingtonDC7D,38.86,-76.99
643,7D159904,Single_Gunshot,2015-01-01,01:23:16,WashingtonDC7D,38.86,-76.99
644,7D159907,Multiple_Gunshots,2015-01-01,01:25:50,WashingtonDC7D,38.827,-77.004
645,7D159908,Single_Gunshot,2015-01-01,01:26:19,WashingtonDC7D,38.827,-77.003
646,7D159909,Single_Gunshot,2015-01-01,01:27:21,WashingtonDC7D,38.838,-76.992
647,6D125456,Multiple_Gunshots,2015-01-01,01:27:42,WashingtonDC6D,38.884,-76.958
648,6D125457,Single_Gunshot,2015-01-01,01:28:01,WashingtonDC6D,38.884,-76.958
649,5D48045,Gunshot_or_Firecracker,2015-01-01,01:29:07,WashingtonDC5D,38.925,-77.002
650,5D48046,Single_Gunshot,2015-01-01,01:29:29,WashingtonDC5D,38.925,-77.002
651,5D48053,Multiple_Gunshots,2015-01-01,01:34:26,WashingtonDC5D,38.904,-76.983
652,7D159914,Multiple_Gunshots,2015-01-01,01:39:47,WashingtonDC7D,38.829,-77.002
653,7D159916,Multiple_Gunshots,2015-01-01,01:40:28,WashingtonDC7D,38.841,-76.989
654,7D159917,Multiple_Gunshots,2015-01-01,01:41:16,WashingtonDC7D,38.826,-76.998
655,7D159918,Single_Gunshot,2015-01-01,01:41:38,WashingtonDC7D,38.826,-76.998
656,6D125461,Multiple_Gunshots,2015-01-01,01:42:35,WashingtonDC6D,38.881,-76.935
657,7D159919,Multiple_Gunshots,2015-01-01,01:42:47,WashingtonDC7D,38.83,-77.002
658,7D159920,Single_Gunshot,2015-01-01,01:44:17,WashingtonDC7D,38.826,-76.998
659,7D159921,Single_Gunshot,2015-01-01,01:44:27,WashingtonDC7D,38.826,-76.998
660,4D42374,Multiple_Gunshots,2015-01-01,01:46:03,WashingtonDC4D,38.941,-77.015
661,6D125464,Multiple_Gunshots,2015-01-01,01:47:34,WashingtonDC6D,38.881,-76.935
662,7D159924,Multiple_Gunshots,2015-01-01,01:48:16,WashingtonDC7D,38.826,-76.998
663,7D159925,Single_Gunshot,2015-01-01,01:50:40,WashingtonDC7D,38.857,-76.973
664,7D159926,Multiple_Gunshots,2015-01-01,01:52:45,WashingtonDC7D,38.857,-76.996
665,5D48055,Multiple_Gunshots,2015-01-01,01:53:54,WashingtonDC5D,38.903,-76.982
666,5D48056,Multiple_Gunshots,2015-01-01,01:54:02,WashingtonDC5D,38.903,-76.983
667,7D159927,Multiple_Gunshots,2015-01-01,01:54:16,WashingtonDC7D,38.828,-77.003
668,7D159928,Single_Gunshot,2015-01-01,01:54:34,WashingtonDC7D,38.828,-77.002
669,1D64974,Single_Gunshot,2015-01-01,01:54:40,WashingtonDC1D,38.873,-77.012
670,5D48057,Multiple_Gunshots,2015-01-01,01:56:22,WashingtonDC5D,38.904,-76.983
671,5D48058,Multiple_Gunshots,2015-01-01,01:56:29,WashingtonDC5D,38.904,-76.983
672,6D125466,Multiple_Gunshots,2015-01-01,01:58:09,WashingtonDC6D,38.864,-76.98
673,6D125467,Multiple_Gunshots,2015-01-01,01:59:37,WashingtonDC6D,38.865,-76.979
674,4D42377,Single_Gunshot,2015-01-01,01:59:51,WashingtonDC4D,38.934,-77.022
675,5D48059,Single_Gunshot,2015-01-01,02:02:07,WashingtonDC5D,38.904,-76.983
676,6D125474,Multiple_Gunshots,2015-01-01,02:03:58,WashingtonDC6D,38.91,-76.937
677,7D159932,Multiple_Gunshots,2015-01-01,02:03:59,WashingtonDC7D,38.843,-76.985
678,7D159933,Multiple_Gunshots,2015-01-01,02:04:04,WashingtonDC7D,38.842,-76.986
679,3D48903,Single_Gunshot,2015-01-01,02:06:09,WashingtonDC3D,38.929,-77.025
680,6D125476,Multiple_Gunshots,2015-01-01,02:06:44,WashingtonDC6D,38.884,-76.955
681,6D125477,Single_Gunshot,2015-01-01,02:07:26,WashingtonDC6D,38.877,-76.93
682,7D159934,Multiple_Gunshots,2015-01-01,02:07:40,WashingtonDC7D,38.823,-77.006
683,6D125478,Single_Gunshot,2015-01-01,02:07:42,WashingtonDC6D,38.877,-76.93
684,6D125479,Single_Gunshot,2015-01-01,02:08:14,WashingtonDC6D,38.877,-76.93
685,6D125480,Single_Gunshot,2015-01-01,02:10:13,WashingtonDC6D,38.878,-76.93
686,6D125483,Multiple_Gunshots,2015-01-01,02:15:12,WashingtonDC6D,38.876,-76.968
687,7D159935,Multiple_Gunshots,2015-01-01,02:16:47,WashingtonDC7D,38.831,-77.005
688,6D125484,Single_Gunshot,2015-01-01,02:17:13,WashingtonDC6D,38.874,-76.973
689,6D125485,Single_Gunshot,2015-01-01,02:17:43,WashingtonDC6D,38.883,-76.935
690,6D125486,Single_Gunshot,2015-01-01,02:20:26,WashingtonDC6D,38.895,-76.926
691,6D125489,Single_Gunshot,2015-01-01,02:23:15,WashingtonDC6D,38.895,-76.926
692,7D159936,Multiple_Gunshots,2015-01-01,02:23:37,WashingtonDC7D,38.844,-76.979
693,1D64975,Multiple_Gunshots,2015-01-01,02:23:48,WashingtonDC1D,38.886,-76.982
694,7D159937,Single_Gunshot,2015-01-01,02:23:51,WashingtonDC7D,38.857,-76.99
695,1D64976,Single_Gunshot,2015-01-01,02:24:12,WashingtonDC1D,38.886,-76.982
696,5D48061,Single_Gunshot,2015-01-01,02:24:15,WashingtonDC5D,38.887,-76.981
697,6D125491,Single_Gunshot,2015-01-01,02:24:18,WashingtonDC6D,38.895,-76.926
698,7D159938,Multiple_Gunshots,2015-01-01,02:24:47,WashingtonDC7D,38.844,-76.979
699,7D159939,Multiple_Gunshots,2015-01-01,02:28:25,WashingtonDC7D,38.843,-76.972
700,7D159940,Multiple_Gunshots,2015-01-01,02:29:47,WashingtonDC7D,38.823,-76.985
701,7D159942,Multiple_Gunshots,2015-01-01,02:40:15,WashingtonDC7D,38.86,-76.989
702,5D48063,Multiple_Gunshots,2015-01-01,02:40:30,WashingtonDC5D,38.91,-77.012
703,7D159945,Single_Gunshot,2015-01-01,02:53:43,WashingtonDC7D,38.852,-76.962
704,7D159946,Single_Gunshot,2015-01-01,02:53:52,WashingtonDC7D,38.852,-76.962
705,6D125492,Single_Gunshot,2015-01-01,02:55:52,WashingtonDC6D,38.887,-76.957
706,6D125493,Single_Gunshot,2015-01-01,02:57:14,WashingtonDC6D,38.901,-76.94
707,6D125494,Multiple_Gunshots,2015-01-01,03:00:51,WashingtonDC6D,38.885,-76.951
708,7D159949,Multiple_Gunshots,2015-01-01,03:03:51,WashingtonDC7D,38.847,-76.984
709,1D64978,Multiple_Gunshots,2015-01-01,03:03:57,WashingtonDC1D,38.874,-77.011
710,1D64979,Multiple_Gunshots,2015-01-01,03:04:01,WashingtonDC1D,38.874,-77.011
711,7D159951,Single_Gunshot,2015-01-01,03:09:28,WashingtonDC7D,38.85,-76.985
712,1D64982,Multiple_Gunshots,2015-01-01,03:14:15,WashingtonDC1D,38.879,-77.01
713,7D159952,Multiple_Gunshots,2015-01-01,03:27:28,WashingtonDC7D,38.857,-76.99
714,7D159953,Multiple_Gunshots,2015-01-01,03:35:17,WashingtonDC7D,38.838,-76.988
715,7D159954,Multiple_Gunshots,2015-01-01,03:35:27,WashingtonDC7D,38.837,-76.988
716,7D159955,Multiple_Gunshots,2015-01-01,03:43:59,WashingtonDC7D,38.829,-77.006
717,7D159957,Single_Gunshot,2015-01-01,03:50:51,WashingtonDC7D,38.833,-76.994
718,7D159958,Single_Gunshot,2015-01-01,03:50:58,WashingtonDC7D,38.833,-76.993
719,7D159959,Multiple_Gunshots,2015-01-01,03:51:06,WashingtonDC7D,38.837,-76.988
720,5D48068,Multiple_Gunshots,2015-01-01,03:51:12,WashingtonDC5D,38.923,-77.004
721,7D159960,Multiple_Gunshots,2015-01-01,03:57:28,WashingtonDC7D,38.828,-77.007
722,4D42387,Multiple_Gunshots,2015-01-01,04:07:00,WashingtonDC4D,38.939,-77.031
723,4D42388,Single_Gunshot,2015-01-01,04:07:16,WashingtonDC4D,38.939,-77.031
724,6D125500,Multiple_Gunshots,2015-01-01,04:08:15,WashingtonDC6D,38.904,-76.934
725,6D125501,Single_Gunshot,2015-01-01,04:08:37,WashingtonDC6D,38.904,-76.934
726,7D159962,Multiple_Gunshots,2015-01-01,04:13:27,WashingtonDC7D,38.846,-76.972
727,6D125502,Multiple_Gunshots,2015-01-01,04:14:06,WashingtonDC6D,38.909,-76.941
728,6D125503,Multiple_Gunshots,2015-01-01,04:19:24,WashingtonDC6D,38.887,-76.945
729,6D125504,Single_Gunshot,2015-01-01,04:24:26,WashingtonDC6D,38.862,-76.973
730,6D125505,Single_Gunshot,2015-01-01,04:24:35,WashingtonDC6D,38.862,-76.973
731,6D125506,Multiple_Gunshots,2015-01-01,04:36:43,WashingtonDC6D,38.865,-76.984
732,7D159965,Multiple_Gunshots,2015-01-01,04:36:44,WashingtonDC7D,38.864,-76.985
733,7D159966,Multiple_Gunshots,2015-01-01,04:37:31,WashingtonDC7D,38.864,-76.985
734,6D125507,Multiple_Gunshots,2015-01-01,04:37:31,WashingtonDC6D,38.864,-76.985
735,6D125508,Single_Gunshot,2015-01-01,04:38:23,WashingtonDC6D,38.864,-76.984
736,6D125509,Single_Gunshot,2015-01-01,04:38:46,WashingtonDC6D,38.864,-76.985
737,7D159969,Multiple_Gunshots,2015-01-01,04:45:35,WashingtonDC7D,38.857,-76.974
738,3D48912,Multiple_Gunshots,2015-01-01,04:49:36,WashingtonDC3D,38.918,-77.035
739,5D48069,Multiple_Gunshots,2015-01-01,05:06:11,WashingtonDC5D,38.898,-77.006
740,6D125517,Multiple_Gunshots,2015-01-01,06:01:43,WashingtonDC6D,38.857,-76.974
741,6D125518,Multiple_Gunshots,2015-01-01,06:18:29,WashingtonDC6D,38.893,-76.916
742,1D64984,Multiple_Gunshots,2015-01-01,09:12:28,WashingtonDC1D,38.878,-77.015
743,7D159974,Multiple_Gunshots,2015-01-01,09:40:12,WashingtonDC7D,38.847,-76.972
744,6D125523,Single_Gunshot,2015-01-01,10:51:53,WashingtonDC6D,38.868,-76.984
745,7D159975,Single_Gunshot,2015-01-01,11:09:23,WashingtonDC7D,38.857,-76.99
746,6D125524,Single_Gunshot,2015-01-01,12:39:15,WashingtonDC6D,38.867,-76.981
747,7D159977,Multiple_Gunshots,2015-01-01,14:22:04,WashingtonDC7D,38.843,-76.986
748,7D159978,Single_Gunshot,2015-01-01,15:45:36,WashingtonDC7D,38.842,-76.986
749,1D64989,Single_Gunshot,2015-01-01,17:44:33,WashingtonDC1D,38.896,-76.993
750,1D64991,Multiple_Gunshots,2015-01-01,17:46:09,WashingtonDC1D,38.896,-76.981
751,6D125533,Multiple_Gunshots,2015-01-01,18:02:18,WashingtonDC6D,38.878,-76.934
752,6D125534,Multiple_Gunshots,2015-01-01,18:08:26,WashingtonDC6D,38.875,-76.93
753,5D48077,Multiple_Gunshots,2015-01-01,18:53:48,WashingtonDC5D,38.924,-77.0
754,6D125536,Multiple_Gunshots,2015-01-01,18:57:14,WashingtonDC6D,38.86,-76.983
755,5D48078,Gunshot_or_Firecracker,2015-01-01,19:06:57,WashingtonDC5D,38.906,-77.017
756,3D48913,Gunshot_or_Firecracker,2015-01-01,19:06:57,WashingtonDC3D,38.905,-77.017
757,6D125546,Multiple_Gunshots,2015-01-01,19:35:11,WashingtonDC6D,38.896,-76.938
758,6D125551,Multiple_Gunshots,2015-01-01,20:00:36,WashingtonDC6D,38.884,-76.946
759,6D125553,Multiple_Gunshots,2015-01-01,23:40:16,WashingtonDC6D,38.904,-76.95
760,6D125554,Single_Gunshot,2015-01-02,00:00:45,WashingtonDC6D,38.867,-76.93
761,6D125555,Single_Gunshot,2015-01-02,00:40:13,WashingtonDC6D,38.894,-76.929
762,7D159996,Multiple_Gunshots,2015-01-02,01:59:52,WashingtonDC7D,38.847,-76.959
763,6D125556,Multiple_Gunshots,2015-01-02,02:08:39,WashingtonDC6D,38.919,-76.934
764,6D125557,Multiple_Gunshots,2015-01-02,02:11:17,WashingtonDC6D,38.89,-76.96
765,6D125558,Multiple_Gunshots,2015-01-02,02:11:23,WashingtonDC6D,38.889,-76.961
766,7D159997,Single_Gunshot,2015-01-02,02:20:06,WashingtonDC7D,38.87,-76.986
767,6D125559,Multiple_Gunshots,2015-01-02,02:20:06,WashingtonDC6D,38.87,-76.986
768,6D125560,Multiple_Gunshots,2015-01-02,02:40:03,WashingtonDC6D,38.868,-76.98
769,7D159998,Multiple_Gunshots,2015-01-02,02:40:06,WashingtonDC7D,38.866,-76.98
770,7D159999,Single_Gunshot,2015-01-02,02:58:22,WashingtonDC7D,38.845,-76.981
771,6D125561,Multiple_Gunshots,2015-01-02,03:16:04,WashingtonDC6D,38.891,-76.945
772,6D125562,Multiple_Gunshots,2015-01-02,03:22:50,WashingtonDC6D,38.886,-76.951
773,5D48081,Multiple_Gunshots,2015-01-02,03:38:05,WashingtonDC5D,38.902,-76.987
774,1D64993,Single_Gunshot,2015-01-02,03:38:05,WashingtonDC1D,38.901,-76.988
775,7D160000,Multiple_Gunshots,2015-01-02,03:47:00,WashingtonDC7D,38.856,-76.972
776,7D160007,Multiple_Gunshots,2015-01-02,19:53:33,WashingtonDC7D,38.832,-76.992
777,7D160010,Single_Gunshot,2015-01-02,22:15:46,WashingtonDC7D,38.829,-77.001
778,7D160011,Multiple_Gunshots,2015-01-02,22:16:21,WashingtonDC7D,38.829,-77.001
779,6D125576,Multiple_Gunshots,2015-01-02,22:51:51,WashingtonDC6D,38.877,-76.932
780,7D160013,Multiple_Gunshots,2015-01-02,23:06:23,WashingtonDC7D,38.821,-77.01
781,6D125577,Single_Gunshot,2015-01-02,23:31:57,WashingtonDC6D,38.87,-76.966
782,6D125579,Single_Gunshot,2015-01-03,00:27:56,WashingtonDC6D,38.905,-76.925
783,7D160015,Single_Gunshot,2015-01-03,01:50:42,WashingtonDC7D,38.836,-76.975
784,6D125581,Single_Gunshot,2015-01-03,02:01:10,WashingtonDC6D,38.889,-76.96
785,6D125582,Single_Gunshot,2015-01-03,02:45:59,WashingtonDC6D,38.898,-76.923
786,6D125583,Multiple_Gunshots,2015-01-03,02:53:56,WashingtonDC6D,38.889,-76.95
787,7D160016,Multiple_Gunshots,2015-01-03,03:12:32,WashingtonDC7D,38.841,-76.987
788,7D160018,Multiple_Gunshots,2015-01-03,03:51:00,WashingtonDC7D,38.856,-76.977
789,4D42424,Single_Gunshot,2015-01-03,04:05:36,WashingtonDC4D,38.932,-77.011
790,5D48088,Multiple_Gunshots,2015-01-03,04:48:56,WashingtonDC5D,38.905,-76.975
791,1D65011,Single_Gunshot,2015-01-03,04:49:20,WashingtonDC1D,38.902,-76.975
792,3D48925,Multiple_Gunshots,2015-01-03,04:52:49,WashingtonDC3D,38.93,-77.027
793,7D160020,Single_Gunshot,2015-01-03,05:11:07,WashingtonDC7D,38.847,-76.981
794,7D160021,Single_Gunshot,2015-01-03,06:22:28,WashingtonDC7D,38.843,-76.969
795,7D160022,Single_Gunshot,2015-01-03,06:23:07,WashingtonDC7D,38.843,-76.969
796,6D125597,Multiple_Gunshots,2015-01-03,19:36:26,WashingtonDC6D,38.895,-76.912
797,7D160029,Single_Gunshot,2015-01-04,04:04:15,WashingtonDC7D,38.827,-76.998
798,6D125605,Multiple_Gunshots,2015-01-04,20:03:32,WashingtonDC6D,38.884,-76.96
799,4D42441,Gunshot_or_Firecracker,2015-01-04,22:35:24,WashingtonDC4D,38.942,-77.024
800,6D125608,Gunshot_or_Firecracker,2015-01-04,22:44:21,WashingtonDC6D,38.899,-76.924
801,5D48096,Single_Gunshot,2015-01-04,23:07:27,WashingtonDC5D,38.899,-76.977
802,1D65024,Single_Gunshot,2015-01-04,23:07:27,WashingtonDC1D,38.899,-76.977
803,7D160032,Single_Gunshot,2015-01-04,23:15:07,WashingtonDC7D,38.828,-77.006
804,6D125620,Multiple_Gunshots,2015-01-06,01:31:19,WashingtonDC6D,38.893,-76.913
805,6D125621,Multiple_Gunshots,2015-01-06,02:04:35,WashingtonDC6D,38.884,-76.938
806,7D160053,Multiple_Gunshots,2015-01-06,16:07:37,WashingtonDC7D,38.836,-77.003
807,4D42444,Single_Gunshot,2015-01-07,00:37:07,WashingtonDC4D,38.945,-77.033
808,6D125629,Single_Gunshot,2015-01-07,02:10:38,WashingtonDC6D,38.893,-76.906
809,7D160055,Multiple_Gunshots,2015-01-07,23:21:25,WashingtonDC7D,38.83,-77.004
810,6D125646,Multiple_Gunshots,2015-01-08,00:58:41,WashingtonDC6D,38.906,-76.948
811,6D125647,Single_Gunshot,2015-01-08,01:39:04,WashingtonDC6D,38.887,-76.957
812,5D48106,Multiple_Gunshots,2015-01-08,23:30:57,WashingtonDC5D,38.925,-76.97
813,6D125673,Multiple_Gunshots,2015-01-09,02:09:18,WashingtonDC6D,38.892,-76.949
814,6D125681,Multiple_Gunshots,2015-01-09,19:50:10,WashingtonDC6D,38.893,-76.924
815,5D48107,Multiple_Gunshots,2015-01-09,20:33:24,WashingtonDC5D,38.925,-76.993
816,6D125682,Multiple_Gunshots,2015-01-10,00:53:15,WashingtonDC6D,38.89,-76.951
817,7D160059,Single_Gunshot,2015-01-10,01:04:20,WashingtonDC7D,38.832,-77.002
818,5D48108,Single_Gunshot,2015-01-10,03:27:23,WashingtonDC5D,38.924,-76.984
819,4D42481,Multiple_Gunshots,2015-01-10,04:16:46,WashingtonDC4D,38.947,-77.02
820,6D125683,Single_Gunshot,2015-01-10,07:29:14,WashingtonDC6D,38.893,-76.925
821,6D125687,Single_Gunshot,2015-01-10,18:55:07,WashingtonDC6D,38.886,-76.924
822,7D160063,Single_Gunshot,2015-01-10,20:19:51,WashingtonDC7D,38.848,-76.97
823,6D125691,Single_Gunshot,2015-01-10,23:55:46,WashingtonDC6D,38.884,-76.929
824,6D125692,Single_Gunshot,2015-01-10,23:56:16,WashingtonDC6D,38.884,-76.929
825,5D48109,Multiple_Gunshots,2015-01-11,00:37:59,WashingtonDC5D,38.915,-77.001
826,6D125697,Multiple_Gunshots,2015-01-11,00:51:41,WashingtonDC6D,38.91,-76.937
827,5D48110,Gunshot_or_Firecracker,2015-01-11,01:34:51,WashingtonDC5D,38.907,-76.989
828,7D160065,Single_Gunshot,2015-01-11,01:38:02,WashingtonDC7D,38.858,-76.996
829,7D160066,Multiple_Gunshots,2015-01-11,03:06:17,WashingtonDC7D,38.829,-76.993
830,6D125698,Single_Gunshot,2015-01-11,03:42:16,WashingtonDC6D,38.89,-76.96
831,6D125699,Single_Gunshot,2015-01-11,04:06:48,WashingtonDC6D,38.886,-76.951
832,6D125700,Multiple_Gunshots,2015-01-11,04:07:28,WashingtonDC6D,38.886,-76.951
833,6D125701,Multiple_Gunshots,2015-01-11,04:07:32,WashingtonDC6D,38.886,-76.943
834,7D160067,Multiple_Gunshots,2015-01-11,14:45:31,WashingtonDC7D,38.844,-76.979
835,4D42486,Multiple_Gunshots,2015-01-11,15:15:34,WashingtonDC4D,38.95,-77.029
836,1D65080,Multiple_Gunshots,2015-01-11,16:30:42,WashingtonDC1D,38.899,-76.977
837,7D160069,Single_Gunshot,2015-01-11,18:16:47,WashingtonDC7D,38.844,-76.985
838,6D125706,Single_Gunshot,2015-01-12,01:06:03,WashingtonDC6D,38.863,-76.973
839,7D160071,Multiple_Gunshots,2015-01-12,13:19:51,WashingtonDC7D,38.832,-76.993
840,6D125710,Multiple_Gunshots,2015-01-12,17:37:30,WashingtonDC6D,38.885,-76.959
841,6D125712,Single_Gunshot,2015-01-12,23:15:39,WashingtonDC6D,38.902,-76.949
842,7D160073,Multiple_Gunshots,2015-01-13,01:42:19,WashingtonDC7D,38.858,-76.999
843,7D160074,Multiple_Gunshots,2015-01-13,05:49:33,WashingtonDC7D,38.847,-77.001
844,6D125715,Single_Gunshot,2015-01-13,18:10:58,WashingtonDC6D,38.9,-76.931
845,7D160082,Multiple_Gunshots,2015-01-13,20:25:28,WashingtonDC7D,38.839,-76.988
846,6D125725,Multiple_Gunshots,2015-01-13,22:04:52,WashingtonDC6D,38.881,-76.935
847,6D125726,Multiple_Gunshots,2015-01-13,22:04:59,WashingtonDC6D,38.881,-76.935
848,6D125727,Single_Gunshot,2015-01-13,22:48:30,WashingtonDC6D,38.885,-76.91
849,6D125728,Multiple_Gunshots,2015-01-13,23:33:07,WashingtonDC6D,38.887,-76.952
850,4D42506,Multiple_Gunshots,2015-01-14,03:26:50,WashingtonDC4D,38.943,-77.019
851,3D48947,Gunshot_or_Firecracker,2015-01-14,03:26:54,WashingtonDC3D,38.941,-77.02
852,7D160086,Multiple_Gunshots,2015-01-14,20:27:59,WashingtonDC7D,38.844,-76.998
853,6D125739,Multiple_Gunshots,2015-01-14,21:58:48,WashingtonDC6D,38.895,-76.926
854,6D125740,Multiple_Gunshots,2015-01-15,00:52:32,WashingtonDC6D,38.882,-76.936
855,6D125741,Multiple_Gunshots,2015-01-15,04:41:42,WashingtonDC6D,38.88,-76.938
856,7D160099,Multiple_Gunshots,2015-01-15,17:48:10,WashingtonDC7D,38.849,-76.969
857,7D160100,Multiple_Gunshots,2015-01-15,19:00:28,WashingtonDC7D,38.86,-76.991
858,7D160104,Multiple_Gunshots,2015-01-15,21:07:37,WashingtonDC7D,38.844,-76.998
859,7D160106,Gunshot_or_Firecracker,2015-01-15,21:20:28,WashingtonDC7D,38.827,-77.006
860,5D48134,Multiple_Gunshots,2015-01-15,23:12:08,WashingtonDC5D,38.914,-77.008
861,6D125762,Single_Gunshot,2015-01-16,01:56:10,WashingtonDC6D,38.891,-76.936
862,6D125763,Single_Gunshot,2015-01-16,01:56:51,WashingtonDC6D,38.891,-76.936
863,7D160107,Single_Gunshot,2015-01-16,02:52:10,WashingtonDC7D,38.825,-77.006
864,7D160108,Multiple_Gunshots,2015-01-16,03:06:46,WashingtonDC7D,38.822,-76.997
865,6D125764,Single_Gunshot,2015-01-16,04:39:57,WashingtonDC6D,38.898,-76.926
866,7D160110,Multiple_Gunshots,2015-01-16,12:54:10,WashingtonDC7D,38.832,-76.993
867,7D160111,Multiple_Gunshots,2015-01-16,13:57:15,WashingtonDC7D,38.845,-76.999
868,6D125768,Single_Gunshot,2015-01-16,22:30:42,WashingtonDC6D,38.91,-76.935
869,7D160115,Single_Gunshot,2015-01-17,00:21:13,WashingtonDC7D,38.848,-77.001
870,1D65126,Multiple_Gunshots,2015-01-17,03:36:18,WashingtonDC1D,38.902,-76.975
871,5D48139,Multiple_Gunshots,2015-01-17,03:36:22,WashingtonDC5D,38.902,-76.975
872,1D65127,Multiple_Gunshots,2015-01-17,03:36:36,WashingtonDC1D,38.902,-76.975
873,6D125769,Single_Gunshot,2015-01-17,03:57:35,WashingtonDC6D,38.874,-76.973
874,6D125775,Multiple_Gunshots,2015-01-17,20:10:46,WashingtonDC6D,38.905,-76.93
875,4D42580,Multiple_Gunshots,2015-01-17,21:24:02,WashingtonDC4D,38.956,-77.025
876,7D160127,Single_Gunshot,2015-01-18,00:16:42,WashingtonDC7D,38.84,-76.995
877,6D125777,Multiple_Gunshots,2015-01-18,00:35:24,WashingtonDC6D,38.869,-76.959
878,7D160128,Single_Gunshot,2015-01-18,01:22:30,WashingtonDC7D,38.83,-77.002
879,7D160129,Single_Gunshot,2015-01-18,02:07:10,WashingtonDC7D,38.843,-76.988
880,4D42581,Multiple_Gunshots,2015-01-18,03:08:40,WashingtonDC4D,38.944,-77.016
881,4D42582,Single_Gunshot,2015-01-18,03:08:46,WashingtonDC4D,38.944,-77.016
882,4D42583,Single_Gunshot,2015-01-18,03:08:47,WashingtonDC4D,38.944,-77.016
883,7D160130,Multiple_Gunshots,2015-01-18,03:14:18,WashingtonDC7D,38.843,-76.989
884,6D125782,Multiple_Gunshots,2015-01-18,16:21:31,WashingtonDC6D,38.881,-76.927
885,5D48143,Single_Gunshot,2015-01-18,21:37:50,WashingtonDC5D,38.943,-76.969
886,7D160133,Single_Gunshot,2015-01-18,22:21:18,WashingtonDC7D,38.84,-76.994
887,5D48144,Single_Gunshot,2015-01-18,22:45:27,WashingtonDC5D,38.922,-76.987
888,6D125784,Multiple_Gunshots,2015-01-19,01:34:36,WashingtonDC6D,38.884,-76.924
889,7D160134,Multiple_Gunshots,2015-01-19,01:46:49,WashingtonDC7D,38.832,-76.992
890,3D48960,Multiple_Gunshots,2015-01-19,02:32:18,WashingtonDC3D,38.928,-77.026
891,3D48961,Multiple_Gunshots,2015-01-19,02:32:33,WashingtonDC3D,38.929,-77.026
892,3D48962,Multiple_Gunshots,2015-01-19,04:25:16,WashingtonDC3D,38.927,-77.031
893,6D125785,Single_Gunshot,2015-01-19,05:05:11,WashingtonDC6D,38.881,-76.935
894,1D65141,Multiple_Gunshots,2015-01-19,05:07:28,WashingtonDC1D,38.882,-77.01
895,5D48145,Multiple_Gunshots,2015-01-19,05:46:02,WashingtonDC5D,38.902,-76.976
896,1D65142,Multiple_Gunshots,2015-01-19,05:46:02,WashingtonDC1D,38.902,-76.976
897,6D125787,Multiple_Gunshots,2015-01-19,12:31:01,WashingtonDC6D,38.905,-76.929
898,7D160135,Multiple_Gunshots,2015-01-19,13:59:56,WashingtonDC7D,38.841,-76.988
899,7D160136,Multiple_Gunshots,2015-01-19,13:59:59,WashingtonDC7D,38.842,-76.987
900,6D125791,Single_Gunshot,2015-01-19,22:44:44,WashingtonDC6D,38.881,-76.929
901,7D160139,Gunshot_or_Firecracker,2015-01-19,23:03:36,WashingtonDC7D,38.849,-76.973
902,6D125792,Multiple_Gunshots,2015-01-19,23:33:37,WashingtonDC6D,38.878,-76.987
903,6D125793,Multiple_Gunshots,2015-01-19,23:51:50,WashingtonDC6D,38.875,-76.966
904,7D160140,Single_Gunshot,2015-01-20,01:40:54,WashingtonDC7D,38.843,-76.988
905,6D125794,Multiple_Gunshots,2015-01-20,02:05:09,WashingtonDC6D,38.884,-76.938
906,6D125795,Single_Gunshot,2015-01-20,02:31:56,WashingtonDC6D,38.902,-76.924
907,7D160141,Multiple_Gunshots,2015-01-20,02:35:16,WashingtonDC7D,38.863,-76.974
908,5D48157,Single_Gunshot,2015-01-20,18:36:30,WashingtonDC5D,38.923,-76.988
909,1D65163,Single_Gunshot,2015-01-20,21:35:06,WashingtonDC1D,38.874,-77.01
910,7D160151,Multiple_Gunshots,2015-01-20,22:40:32,WashingtonDC7D,38.853,-76.978
911,5D48160,Gunshot_or_Firecracker,2015-01-20,23:47:31,WashingtonDC5D,38.898,-76.969
912,1D65165,Single_Gunshot,2015-01-20,23:47:31,WashingtonDC1D,38.897,-76.968
913,6D125806,Single_Gunshot,2015-01-20,23:57:42,WashingtonDC6D,38.884,-76.955
914,6D125807,Single_Gunshot,2015-01-21,02:43:25,WashingtonDC6D,38.881,-76.935
915,3D48970,Multiple_Gunshots,2015-01-21,09:28:45,WashingtonDC3D,38.937,-77.032
916,6D125813,Gunshot_or_Firecracker,2015-01-21,14:11:31,WashingtonDC6D,38.88,-76.934
917,6D125815,Multiple_Gunshots,2015-01-21,20:46:20,WashingtonDC6D,38.878,-76.965
918,7D160160,Multiple_Gunshots,2015-01-21,22:14:05,WashingtonDC7D,38.831,-76.989
919,7D160161,Multiple_Gunshots,2015-01-21,22:16:29,WashingtonDC7D,38.831,-76.989
920,6D125817,Single_Gunshot,2015-01-21,22:49:37,WashingtonDC6D,38.882,-76.94
921,6D125819,Single_Gunshot,2015-01-22,00:45:47,WashingtonDC6D,38.898,-76.939
922,7D160162,Single_Gunshot,2015-01-22,04:34:09,WashingtonDC7D,38.841,-76.976
923,6D125821,Multiple_Gunshots,2015-01-22,05:37:12,WashingtonDC6D,38.887,-76.931
924,4D42726,Multiple_Gunshots,2015-01-22,08:50:01,WashingtonDC4D,38.943,-77.029
925,6D125823,Multiple_Gunshots,2015-01-22,10:57:54,WashingtonDC6D,38.886,-76.951
926,7D160166,Single_Gunshot,2015-01-22,22:34:24,WashingtonDC7D,38.836,-76.987
927,5D48169,Multiple_Gunshots,2015-01-23,01:22:47,WashingtonDC5D,38.915,-77.004
928,7D160167,Single_Gunshot,2015-01-23,02:22:54,WashingtonDC7D,38.852,-76.981
929,4D42757,Single_Gunshot,2015-01-23,03:35:44,WashingtonDC4D,38.956,-77.02
930,6D125840,Single_Gunshot,2015-01-23,08:31:17,WashingtonDC6D,38.896,-76.934
931,3D48981,Single_Gunshot,2015-01-23,23:14:44,WashingtonDC3D,38.933,-77.021
932,4D42826,Single_Gunshot,2015-01-23,23:47:40,WashingtonDC4D,38.942,-77.027
933,3D48982,Multiple_Gunshots,2015-01-24,00:43:01,WashingtonDC3D,38.932,-77.021
934,1D65231,Single_Gunshot,2015-01-24,01:31:50,WashingtonDC1D,38.898,-76.982
935,4D42828,Single_Gunshot,2015-01-24,02:29:34,WashingtonDC4D,38.951,-77.017
936,4D42830,Single_Gunshot,2015-01-24,03:19:28,WashingtonDC4D,38.949,-77.016
937,1D65232,Multiple_Gunshots,2015-01-24,03:29:49,WashingtonDC1D,38.893,-76.976
938,7D160180,Single_Gunshot,2015-01-24,04:41:16,WashingtonDC7D,38.839,-76.99
939,7D160181,Multiple_Gunshots,2015-01-24,04:45:13,WashingtonDC7D,38.845,-76.979
940,5D48174,Multiple_Gunshots,2015-01-24,06:26:25,WashingtonDC5D,38.929,-76.98
941,6D125852,Multiple_Gunshots,2015-01-24,17:49:48,WashingtonDC6D,38.886,-76.953
942,1D65233,Multiple_Gunshots,2015-01-24,20:18:39,WashingtonDC1D,38.9,-76.993
943,7D160190,Single_Gunshot,2015-01-24,21:20:39,WashingtonDC7D,38.827,-76.999
944,6D125854,Single_Gunshot,2015-01-24,22:52:50,WashingtonDC6D,38.867,-76.969
945,3D48984,Single_Gunshot,2015-01-24,22:58:45,WashingtonDC3D,38.91,-77.03
946,6D125860,Multiple_Gunshots,2015-01-24,23:34:25,WashingtonDC6D,38.902,-76.93
947,7D160194,Multiple_Gunshots,2015-01-25,00:48:03,WashingtonDC7D,38.831,-77.001
948,6D125861,Single_Gunshot,2015-01-25,01:06:42,WashingtonDC6D,38.883,-76.925
949,7D160195,Multiple_Gunshots,2015-01-25,02:28:25,WashingtonDC7D,38.83,-77.002
950,7D160196,Single_Gunshot,2015-01-25,03:19:01,WashingtonDC7D,38.855,-76.971
951,6D125862,Single_Gunshot,2015-01-25,04:02:56,WashingtonDC6D,38.884,-76.934
952,5D48181,Multiple_Gunshots,2015-01-25,06:22:15,WashingtonDC5D,38.917,-76.981
953,4D42833,Gunshot_or_Firecracker,2015-01-25,22:51:31,WashingtonDC4D,38.933,-77.027
954,3D48989,Multiple_Gunshots,2015-01-25,22:51:31,WashingtonDC3D,38.938,-77.024
955,6D125869,Multiple_Gunshots,2015-01-26,00:13:23,WashingtonDC6D,38.909,-76.934
956,7D160199,Single_Gunshot,2015-01-26,00:24:33,WashingtonDC7D,38.84,-76.996
957,4D42834,Multiple_Gunshots,2015-01-26,03:10:00,WashingtonDC4D,38.95,-77.014
958,1D65236,Single_Gunshot,2015-01-26,23:41:45,WashingtonDC1D,38.903,-76.975
959,6D125875,Single_Gunshot,2015-01-26,23:48:35,WashingtonDC6D,38.897,-76.941
960,7D160212,Multiple_Gunshots,2015-01-27,01:41:43,WashingtonDC7D,38.845,-76.978
961,5D48184,Single_Gunshot,2015-01-27,11:00:33,WashingtonDC5D,38.911,-77.012
962,7D160215,Single_Gunshot,2015-01-27,21:18:47,WashingtonDC7D,38.854,-76.971
963,7D160217,Multiple_Gunshots,2015-01-27,22:35:32,WashingtonDC7D,38.827,-77.002
964,6D125898,Gunshot_or_Firecracker,2015-01-28,22:49:29,WashingtonDC6D,38.906,-76.949
965,7D160223,Multiple_Gunshots,2015-01-29,01:14:15,WashingtonDC7D,38.825,-77.008
966,6D125946,Single_Gunshot,2015-01-31,03:24:38,WashingtonDC6D,38.89,-76.929
967,6D125947,Single_Gunshot,2015-01-31,03:32:35,WashingtonDC6D,38.874,-76.976
968,7D160246,Single_Gunshot,2015-01-31,20:45:38,WashingtonDC7D,38.844,-76.999
969,7D160248,Single_Gunshot,2015-02-01,01:34:30,WashingtonDC7D,38.83,-77.003
970,1D65279,Single_Gunshot,2015-02-01,02:33:25,WashingtonDC1D,38.879,-76.998
971,6D125958,Multiple_Gunshots,2015-02-01,02:45:42,WashingtonDC6D,38.893,-76.924
972,4D42855,Single_Gunshot,2015-02-01,02:53:38,WashingtonDC4D,38.947,-77.032
973,7D160249,Single_Gunshot,2015-02-01,03:51:20,WashingtonDC7D,38.853,-76.975
974,6D125965,Multiple_Gunshots,2015-02-01,15:28:56,WashingtonDC6D,38.905,-76.929
975,7D160250,Single_Gunshot,2015-02-01,17:46:11,WashingtonDC7D,38.831,-76.986
976,6D125971,Multiple_Gunshots,2015-02-01,19:50:04,WashingtonDC6D,38.905,-76.93
977,6D125972,Single_Gunshot,2015-02-01,22:54:10,WashingtonDC6D,38.863,-76.94
978,6D125974,Single_Gunshot,2015-02-02,00:04:33,WashingtonDC6D,38.892,-76.916
979,7D160257,Single_Gunshot,2015-02-02,16:16:02,WashingtonDC7D,38.843,-76.988
980,7D160258,Single_Gunshot,2015-02-02,20:14:44,WashingtonDC7D,38.847,-76.975
981,6D125986,Multiple_Gunshots,2015-02-02,20:59:48,WashingtonDC6D,38.911,-76.937
982,7D160259,Single_Gunshot,2015-02-03,01:38:07,WashingtonDC7D,38.834,-76.995
983,7D160260,Single_Gunshot,2015-02-03,07:43:12,WashingtonDC7D,38.859,-76.995
984,4D42865,Multiple_Gunshots,2015-02-03,14:35:43,WashingtonDC4D,38.941,-77.019
985,6D126004,Multiple_Gunshots,2015-02-03,16:13:07,WashingtonDC6D,38.889,-76.953
986,7D160275,Single_Gunshot,2015-02-03,23:39:22,WashingtonDC7D,38.829,-77.005
987,4D42868,Single_Gunshot,2015-02-04,00:02:53,WashingtonDC4D,38.941,-77.029
988,7D160285,Multiple_Gunshots,2015-02-04,19:09:50,WashingtonDC7D,38.826,-77.006
989,6D126030,Single_Gunshot,2015-02-04,21:41:00,WashingtonDC6D,38.89,-76.949
990,7D160287,Multiple_Gunshots,2015-02-04,23:26:28,WashingtonDC7D,38.855,-76.989
991,6D126031,Multiple_Gunshots,2015-02-04,23:54:03,WashingtonDC6D,38.878,-76.929
992,7D160288,Single_Gunshot,2015-02-05,01:27:39,WashingtonDC7D,38.844,-76.972
993,7D160289,Multiple_Gunshots,2015-02-05,01:27:48,WashingtonDC7D,38.844,-76.972
994,7D160290,Multiple_Gunshots,2015-02-05,01:28:02,WashingtonDC7D,38.844,-76.973
995,4D42875,Multiple_Gunshots,2015-02-05,01:42:21,WashingtonDC4D,38.951,-77.016
996,6D126033,Multiple_Gunshots,2015-02-05,02:46:20,WashingtonDC6D,38.89,-76.959
997,7D160291,Multiple_Gunshots,2015-02-05,03:24:24,WashingtonDC7D,38.841,-76.986
998,6D126051,Single_Gunshot,2015-02-05,23:03:15,WashingtonDC6D,38.893,-76.921
999,5D48245,Multiple_Gunshots,2015-02-05,23:41:00,WashingtonDC5D,38.904,-76.976
1000,1D65313,Multiple_Gunshots,2015-02-05,23:41:01,WashingtonDC1D,38.904,-76.975
1001,6D126052,Single_Gunshot,2015-02-05,23:49:47,WashingtonDC6D,38.886,-76.951
1002,5D48246,Multiple_Gunshots,2015-02-06,00:41:22,WashingtonDC5D,38.921,-77.01
1003,6D126054,Single_Gunshot,2015-02-06,02:33:52,WashingtonDC6D,38.887,-76.957
1004,6D126059,Single_Gunshot,2015-02-06,21:44:32,WashingtonDC6D,38.899,-76.941
1005,7D160295,Single_Gunshot,2015-02-06,21:45:54,WashingtonDC7D,38.845,-76.973
1006,6D126060,Single_Gunshot,2015-02-06,21:59:17,WashingtonDC6D,38.887,-76.953
1007,6D126062,Multiple_Gunshots,2015-02-07,00:04:28,WashingtonDC6D,38.893,-76.917
1008,6D126063,Multiple_Gunshots,2015-02-07,00:04:35,WashingtonDC6D,38.894,-76.917
1009,6D126064,Single_Gunshot,2015-02-07,00:06:19,WashingtonDC6D,38.884,-76.939
1010,6D126065,Single_Gunshot,2015-02-07,00:41:31,WashingtonDC6D,38.887,-76.926
1011,3D49021,Single_Gunshot,2015-02-07,00:57:09,WashingtonDC3D,38.928,-77.025
1012,3D49022,Single_Gunshot,2015-02-07,01:00:01,WashingtonDC3D,38.928,-77.025
1013,3D49023,Single_Gunshot,2015-02-07,01:00:26,WashingtonDC3D,38.928,-77.025
1014,6D126066,Single_Gunshot,2015-02-07,01:16:06,WashingtonDC6D,38.91,-76.936
1015,5D48249,Multiple_Gunshots,2015-02-07,03:06:09,WashingtonDC5D,38.907,-77.007
1016,6D126068,Multiple_Gunshots,2015-02-07,03:37:08,WashingtonDC6D,38.901,-76.93
1017,5D48250,Single_Gunshot,2015-02-07,03:44:32,WashingtonDC5D,38.922,-77.013
1018,6D126069,Single_Gunshot,2015-02-07,04:03:20,WashingtonDC6D,38.916,-76.941
1019,5D48252,Single_Gunshot,2015-02-07,04:06:30,WashingtonDC5D,38.923,-76.975
1020,5D48253,Single_Gunshot,2015-02-07,04:09:03,WashingtonDC5D,38.923,-76.975
1021,5D48254,Single_Gunshot,2015-02-07,04:20:39,WashingtonDC5D,38.94,-76.968
1022,5D48255,Gunshot_or_Firecracker,2015-02-07,04:21:44,WashingtonDC5D,38.938,-76.97
1023,7D160304,Multiple_Gunshots,2015-02-07,20:17:12,WashingtonDC7D,38.821,-76.995
1024,7D160306,Multiple_Gunshots,2015-02-07,22:36:57,WashingtonDC7D,38.834,-76.983
1025,7D160307,Multiple_Gunshots,2015-02-07,22:37:05,WashingtonDC7D,38.834,-76.983
1026,7D160308,Single_Gunshot,2015-02-08,01:39:06,WashingtonDC7D,38.851,-76.965
1027,7D160309,Single_Gunshot,2015-02-08,02:17:42,WashingtonDC7D,38.853,-76.985
1028,7D160310,Single_Gunshot,2015-02-08,02:17:52,WashingtonDC7D,38.854,-76.985
1029,6D126083,Multiple_Gunshots,2015-02-08,02:23:14,WashingtonDC6D,38.881,-76.927
1030,6D126084,Multiple_Gunshots,2015-02-08,02:55:15,WashingtonDC6D,38.891,-76.923
1031,6D126085,Multiple_Gunshots,2015-02-08,02:56:02,WashingtonDC6D,38.891,-76.926
1032,6D126086,Multiple_Gunshots,2015-02-08,02:56:11,WashingtonDC6D,38.892,-76.926
1033,6D126087,Multiple_Gunshots,2015-02-08,02:56:21,WashingtonDC6D,38.893,-76.925
1034,7D160311,Single_Gunshot,2015-02-08,04:08:54,WashingtonDC7D,38.841,-76.984
1035,7D160320,Multiple_Gunshots,2015-02-08,19:12:45,WashingtonDC7D,38.84,-76.992
1036,7D160322,Single_Gunshot,2015-02-08,19:38:32,WashingtonDC7D,38.826,-77.002
1037,6D126096,Multiple_Gunshots,2015-02-08,20:50:12,WashingtonDC6D,38.905,-76.929
1038,7D160323,Single_Gunshot,2015-02-08,21:54:52,WashingtonDC7D,38.844,-76.985
1039,6D126097,Multiple_Gunshots,2015-02-08,21:57:35,WashingtonDC6D,38.891,-76.948
1040,4D42892,Multiple_Gunshots,2015-02-08,22:08:43,WashingtonDC4D,38.958,-77.028
1041,6D126100,Multiple_Gunshots,2015-02-08,23:10:49,WashingtonDC6D,38.884,-76.932
1042,7D160324,Multiple_Gunshots,2015-02-08,23:22:24,WashingtonDC7D,38.83,-77.002
1043,6D126101,Single_Gunshot,2015-02-09,02:27:47,WashingtonDC6D,38.918,-76.936
1044,4D42903,Multiple_Gunshots,2015-02-09,14:05:18,WashingtonDC4D,38.939,-77.023
1045,6D126116,Multiple_Gunshots,2015-02-09,20:08:53,WashingtonDC6D,38.884,-76.93
1046,7D160328,Multiple_Gunshots,2015-02-09,20:27:02,WashingtonDC7D,38.834,-76.983
1047,6D126121,Single_Gunshot,2015-02-10,00:45:01,WashingtonDC6D,38.904,-76.942
1048,7D160332,Gunshot_or_Firecracker,2015-02-11,21:40:19,WashingtonDC7D,38.831,-76.983
1049,5D48288,Single_Gunshot,2015-02-11,21:45:13,WashingtonDC5D,38.905,-77.009
1050,7D160336,Multiple_Gunshots,2015-02-12,01:31:21,WashingtonDC7D,38.828,-76.997
1051,1D65397,Single_Gunshot,2015-02-12,19:59:35,WashingtonDC1D,38.899,-76.982
1052,5D48292,Gunshot_or_Firecracker,2015-02-13,00:45:03,WashingtonDC5D,38.903,-76.978
1053,7D160341,Single_Gunshot,2015-02-13,01:36:10,WashingtonDC7D,38.86,-76.997
1054,7D160342,Multiple_Gunshots,2015-02-13,12:42:34,WashingtonDC7D,38.856,-76.972
1055,6D126182,Single_Gunshot,2015-02-13,18:28:04,WashingtonDC6D,38.885,-76.929
1056,7D160347,Multiple_Gunshots,2015-02-13,19:39:49,WashingtonDC7D,38.858,-76.969
1057,6D126186,Multiple_Gunshots,2015-02-14,00:28:03,WashingtonDC6D,38.883,-76.929
1058,7D160350,Single_Gunshot,2015-02-14,00:49:12,WashingtonDC7D,38.829,-77.002
1059,7D160352,Single_Gunshot,2015-02-14,01:44:53,WashingtonDC7D,38.832,-77.002
1060,5D48294,Multiple_Gunshots,2015-02-14,02:40:50,WashingtonDC5D,38.921,-77.002
1061,7D160353,Multiple_Gunshots,2015-02-14,10:39:43,WashingtonDC7D,38.839,-76.992
1062,6D126187,Single_Gunshot,2015-02-14,11:32:57,WashingtonDC6D,38.877,-76.932
1063,6D126190,Multiple_Gunshots,2015-02-14,19:46:24,WashingtonDC6D,38.903,-76.938
1064,6D126191,Multiple_Gunshots,2015-02-14,21:52:08,WashingtonDC6D,38.881,-76.959
1065,6D126193,Multiple_Gunshots,2015-02-15,02:54:54,WashingtonDC6D,38.89,-76.961
1066,1D65435,Multiple_Gunshots,2015-02-16,14:06:40,WashingtonDC1D,38.881,-77.024
1067,7D160362,Single_Gunshot,2015-02-16,17:18:01,WashingtonDC7D,38.831,-77.002
1068,7D160363,Multiple_Gunshots,2015-02-16,19:17:01,WashingtonDC7D,38.827,-77.0
1069,5D48305,Multiple_Gunshots,2015-02-16,20:43:47,WashingtonDC5D,38.905,-76.985
1070,1D65439,Gunshot_or_Firecracker,2015-02-16,21:59:02,WashingtonDC1D,38.878,-77.015
1071,7D160364,Multiple_Gunshots,2015-02-16,22:01:39,WashingtonDC7D,38.849,-76.967
1072,1D65440,Multiple_Gunshots,2015-02-16,22:09:04,WashingtonDC1D,38.878,-77.013
1073,3D49041,Gunshot_or_Firecracker,2015-02-16,22:40:06,WashingtonDC3D,38.93,-77.025
1074,7D160366,Multiple_Gunshots,2015-02-16,23:45:00,WashingtonDC7D,38.834,-76.983
1075,6D126208,Single_Gunshot,2015-02-17,03:12:27,WashingtonDC6D,38.901,-76.917
1076,6D126209,Single_Gunshot,2015-02-17,03:13:41,WashingtonDC6D,38.901,-76.916
1077,5D48315,Multiple_Gunshots,2015-02-18,14:38:26,WashingtonDC5D,38.906,-76.99
1078,6D126241,Multiple_Gunshots,2015-02-18,17:26:22,WashingtonDC6D,38.886,-76.951
1079,5D48318,Gunshot_or_Firecracker,2015-02-18,18:07:43,WashingtonDC5D,38.925,-76.973
1080,7D160373,Multiple_Gunshots,2015-02-18,20:25:57,WashingtonDC7D,38.832,-77.003
1081,1D65452,Single_Gunshot,2015-02-18,22:32:34,WashingtonDC1D,38.897,-76.978
1082,6D126242,Multiple_Gunshots,2015-02-19,01:00:32,WashingtonDC6D,38.899,-76.921
1083,7D160376,Multiple_Gunshots,2015-02-19,01:09:36,WashingtonDC7D,38.857,-76.971
1084,7D160377,Multiple_Gunshots,2015-02-19,01:10:05,WashingtonDC7D,38.858,-76.973
1085,3D49049,Single_Gunshot,2015-02-19,01:49:39,WashingtonDC3D,38.93,-77.029
1086,3D49050,Single_Gunshot,2015-02-19,01:51:18,WashingtonDC3D,38.93,-77.029
1087,3D49051,Single_Gunshot,2015-02-19,01:51:49,WashingtonDC3D,38.93,-77.029
1088,3D49052,Single_Gunshot,2015-02-19,01:52:19,WashingtonDC3D,38.93,-77.029
1089,7D160379,Multiple_Gunshots,2015-02-19,09:49:26,WashingtonDC7D,38.854,-76.972
1090,7D160382,Multiple_Gunshots,2015-02-19,19:11:14,WashingtonDC7D,38.859,-76.999
1091,7D160385,Multiple_Gunshots,2015-02-20,21:35:20,WashingtonDC7D,38.825,-77.009
1092,6D126293,Multiple_Gunshots,2015-02-20,21:43:22,WashingtonDC6D,38.877,-76.96
1093,5D48329,Multiple_Gunshots,2015-02-20,22:45:09,WashingtonDC5D,38.904,-77.011
1094,7D160386,Single_Gunshot,2015-02-21,00:14:41,WashingtonDC7D,38.83,-77.002
1095,7D160387,Multiple_Gunshots,2015-02-21,00:14:56,WashingtonDC7D,38.83,-77.002
1096,6D126295,Single_Gunshot,2015-02-21,01:57:41,WashingtonDC6D,38.886,-76.945
1097,7D160388,Single_Gunshot,2015-02-21,03:02:54,WashingtonDC7D,38.846,-76.971
1098,7D160389,Multiple_Gunshots,2015-02-21,04:13:47,WashingtonDC7D,38.841,-76.972
1099,7D160390,Multiple_Gunshots,2015-02-21,05:11:45,WashingtonDC7D,38.837,-76.988
1100,7D160391,Multiple_Gunshots,2015-02-21,10:54:03,WashingtonDC7D,38.858,-76.997
1101,7D160392,Multiple_Gunshots,2015-02-21,11:48:40,WashingtonDC7D,38.84,-76.987
1102,4D42939,Gunshot_or_Firecracker,2015-02-21,21:29:37,WashingtonDC4D,38.932,-77.024
1103,6D126322,Multiple_Gunshots,2015-02-21,21:57:08,WashingtonDC6D,38.905,-76.929
1104,6D126323,Single_Gunshot,2015-02-21,22:33:17,WashingtonDC6D,38.885,-76.959
1105,6D126334,Single_Gunshot,2015-02-22,00:40:37,WashingtonDC6D,38.886,-76.95
1106,6D126338,Multiple_Gunshots,2015-02-22,01:23:17,WashingtonDC6D,38.886,-76.951
1107,7D160394,Single_Gunshot,2015-02-22,01:42:08,WashingtonDC7D,38.843,-76.987
1108,6D126356,Multiple_Gunshots,2015-02-22,19:22:35,WashingtonDC6D,38.857,-76.974
1109,7D160397,Gunshot_or_Firecracker,2015-02-22,20:56:11,WashingtonDC7D,38.845,-76.989
1110,7D160399,Single_Gunshot,2015-02-22,22:06:40,WashingtonDC7D,38.846,-76.998
1111,3D49074,Single_Gunshot,2015-02-22,23:35:39,WashingtonDC3D,38.92,-77.023
1112,5D48334,Multiple_Gunshots,2015-02-23,00:14:13,WashingtonDC5D,38.923,-76.987
1113,7D160400,Single_Gunshot,2015-02-23,03:39:32,WashingtonDC7D,38.833,-77.006
1114,7D160401,Multiple_Gunshots,2015-02-23,03:54:31,WashingtonDC7D,38.855,-76.969
1115,1D65476,Single_Gunshot,2015-02-23,21:42:50,WashingtonDC1D,38.873,-77.012
1116,7D160404,Multiple_Gunshots,2015-02-24,03:21:50,WashingtonDC7D,38.854,-76.966
1117,6D126413,Single_Gunshot,2015-02-24,23:03:16,WashingtonDC6D,38.909,-76.932
1118,6D126414,Multiple_Gunshots,2015-02-25,00:40:59,WashingtonDC6D,38.906,-76.952
1119,7D160424,Multiple_Gunshots,2015-02-25,10:49:21,WashingtonDC7D,38.827,-77.005
1120,6D126440,Single_Gunshot,2015-02-25,22:39:45,WashingtonDC6D,38.891,-76.924
1121,1D65501,Single_Gunshot,2015-02-25,22:48:59,WashingtonDC1D,38.874,-77.006
1122,1D65502,Single_Gunshot,2015-02-25,22:50:22,WashingtonDC1D,38.874,-77.006
1123,7D160445,Multiple_Gunshots,2015-02-26,19:06:08,WashingtonDC7D,38.845,-76.974
1124,7D160446,Multiple_Gunshots,2015-02-26,20:27:49,WashingtonDC7D,38.83,-77.002
1125,6D126462,Multiple_Gunshots,2015-02-26,20:46:04,WashingtonDC6D,38.89,-76.926
1126,6D126466,Multiple_Gunshots,2015-02-26,22:26:07,WashingtonDC6D,38.886,-76.933
1127,6D126468,Multiple_Gunshots,2015-02-26,22:33:57,WashingtonDC6D,38.901,-76.936
1128,4D42949,Single_Gunshot,2015-02-27,02:12:41,WashingtonDC4D,38.954,-77.026
1129,6D126471,Multiple_Gunshots,2015-02-27,09:45:54,WashingtonDC6D,38.871,-76.978
1130,7D160448,Multiple_Gunshots,2015-02-27,09:45:56,WashingtonDC7D,38.87,-76.979
1131,7D160450,Multiple_Gunshots,2015-02-27,15:56:49,WashingtonDC7D,38.859,-76.968
1132,1D65517,Multiple_Gunshots,2015-02-28,01:48:43,WashingtonDC1D,38.903,-76.975
1133,3D49089,Multiple_Gunshots,2015-02-28,03:46:25,WashingtonDC3D,38.91,-77.024
1134,6D126482,Multiple_Gunshots,2015-02-28,05:17:20,WashingtonDC6D,38.893,-76.942
1135,6D126486,Multiple_Gunshots,2015-02-28,21:51:01,WashingtonDC6D,38.881,-76.957
1136,6D126487,Multiple_Gunshots,2015-02-28,21:51:10,WashingtonDC6D,38.881,-76.957
1137,6D126489,Multiple_Gunshots,2015-02-28,23:01:51,WashingtonDC6D,38.902,-76.929
1138,6D126490,Multiple_Gunshots,2015-02-28,23:25:38,WashingtonDC6D,38.888,-76.938
1139,6D126491,Multiple_Gunshots,2015-02-28,23:37:45,WashingtonDC6D,38.882,-76.939
1140,6D126492,Multiple_Gunshots,2015-02-28,23:37:51,WashingtonDC6D,38.882,-76.94
1141,6D126493,Multiple_Gunshots,2015-02-28,23:37:54,WashingtonDC6D,38.882,-76.939
1142,7D160457,Multiple_Gunshots,2015-03-01,01:18:12,WashingtonDC7D,38.837,-76.988
1143,7D160458,Multiple_Gunshots,2015-03-01,03:58:37,WashingtonDC7D,38.834,-76.992
1144,6D126494,Single_Gunshot,2015-03-01,03:59:16,WashingtonDC6D,38.882,-76.937
1145,6D126495,Multiple_Gunshots,2015-03-01,04:33:17,WashingtonDC6D,38.886,-76.928
1146,7D160459,Single_Gunshot,2015-03-01,11:50:34,WashingtonDC7D,38.827,-77.0
1147,6D126500,Single_Gunshot,2015-03-02,00:19:01,WashingtonDC6D,38.87,-76.981
1148,6D126501,Single_Gunshot,2015-03-02,00:26:44,WashingtonDC6D,38.882,-76.934
1149,5D48355,Single_Gunshot,2015-03-02,01:41:41,WashingtonDC5D,38.898,-76.976
1150,6D126502,Single_Gunshot,2015-03-02,02:06:07,WashingtonDC6D,38.888,-76.927
1151,7D160461,Multiple_Gunshots,2015-03-02,02:46:29,WashingtonDC7D,38.833,-77.005
1152,7D160466,Multiple_Gunshots,2015-03-02,09:57:44,WashingtonDC7D,38.843,-77.003
1153,7D160469,Multiple_Gunshots,2015-03-02,15:38:21,WashingtonDC7D,38.85,-76.975
1154,7D160470,Multiple_Gunshots,2015-03-02,15:38:31,WashingtonDC7D,38.85,-76.975
1155,5D48359,Gunshot_or_Firecracker,2015-03-02,22:28:05,WashingtonDC5D,38.902,-76.986
1156,1D65539,Single_Gunshot,2015-03-02,22:28:06,WashingtonDC1D,38.901,-76.986
1157,1D65540,Single_Gunshot,2015-03-02,22:32:24,WashingtonDC1D,38.875,-77.013
1158,1D65541,Multiple_Gunshots,2015-03-02,22:33:32,WashingtonDC1D,38.875,-77.013
1159,7D160473,Single_Gunshot,2015-03-02,23:00:45,WashingtonDC7D,38.861,-76.994
1160,7D160479,Single_Gunshot,2015-03-04,00:54:53,WashingtonDC7D,38.824,-77.002
1161,7D160481,Single_Gunshot,2015-03-04,17:38:19,WashingtonDC7D,38.833,-77.003
1162,1D65576,Gunshot_or_Firecracker,2015-03-04,18:50:04,WashingtonDC1D,38.888,-76.979
1163,7D160483,Multiple_Gunshots,2015-03-04,22:03:47,WashingtonDC7D,38.831,-77.002
1164,4D42967,Single_Gunshot,2015-03-04,23:42:38,WashingtonDC4D,38.952,-77.02
1165,4D42971,Multiple_Gunshots,2015-03-05,20:23:46,WashingtonDC4D,38.954,-77.029
1166,7D160486,Single_Gunshot,2015-03-05,22:17:42,WashingtonDC7D,38.832,-77.005
1167,1D65581,Single_Gunshot,2015-03-05,23:02:54,WashingtonDC1D,38.878,-77.014
1168,5D48369,Single_Gunshot,2015-03-06,10:24:52,WashingtonDC5D,38.904,-76.983
1169,6D126540,Single_Gunshot,2015-03-06,23:08:19,WashingtonDC6D,38.862,-76.959
1170,7D160498,Single_Gunshot,2015-03-06,23:43:37,WashingtonDC7D,38.83,-76.994
1171,6D126541,Multiple_Gunshots,2015-03-06,23:45:28,WashingtonDC6D,38.885,-76.953
1172,6D126542,Multiple_Gunshots,2015-03-06,23:48:51,WashingtonDC6D,38.87,-76.98
1173,7D160499,Single_Gunshot,2015-03-07,00:31:02,WashingtonDC7D,38.859,-76.999
1174,6D126543,Single_Gunshot,2015-03-07,00:46:48,WashingtonDC6D,38.897,-76.956
1175,3D49110,Gunshot_or_Firecracker,2015-03-07,02:41:43,WashingtonDC3D,38.915,-77.031
1176,3D49111,Single_Gunshot,2015-03-07,03:30:21,WashingtonDC3D,38.909,-77.03
1177,7D160500,Multiple_Gunshots,2015-03-07,03:33:11,WashingtonDC7D,38.854,-76.974
1178,7D160501,Single_Gunshot,2015-03-07,03:49:52,WashingtonDC7D,38.837,-76.998
1179,6D126547,Multiple_Gunshots,2015-03-07,04:19:59,WashingtonDC6D,38.906,-76.928
1180,4D42990,Multiple_Gunshots,2015-03-07,21:40:27,WashingtonDC4D,38.936,-77.034
1181,6D126560,Single_Gunshot,2015-03-07,23:03:41,WashingtonDC6D,38.888,-76.955
1182,1D65615,Single_Gunshot,2015-03-07,23:23:31,WashingtonDC1D,38.895,-76.978
1183,7D160505,Multiple_Gunshots,2015-03-08,00:22:33,WashingtonDC7D,38.832,-76.993
1184,7D160506,Multiple_Gunshots,2015-03-08,00:22:39,WashingtonDC7D,38.846,-76.975
1185,6D126561,Single_Gunshot,2015-03-08,00:49:02,WashingtonDC6D,38.894,-76.93
1186,4D42991,Single_Gunshot,2015-03-08,01:03:43,WashingtonDC4D,38.954,-77.028
1187,6D126562,Single_Gunshot,2015-03-08,01:51:47,WashingtonDC6D,38.884,-76.941
1188,7D160507,Single_Gunshot,2015-03-08,01:56:23,WashingtonDC7D,38.831,-77.0
1189,7D160508,Multiple_Gunshots,2015-03-08,03:40:06,WashingtonDC7D,38.859,-76.997
1190,6D126563,Multiple_Gunshots,2015-03-08,03:51:34,WashingtonDC6D,38.864,-76.953
1191,6D126564,Multiple_Gunshots,2015-03-08,03:51:42,WashingtonDC6D,38.864,-76.953
1192,7D160509,Single_Gunshot,2015-03-08,03:54:35,WashingtonDC7D,38.822,-77.002
1193,7D160510,Single_Gunshot,2015-03-08,04:09:14,WashingtonDC7D,38.86,-76.996
1194,7D160511,Multiple_Gunshots,2015-03-08,04:45:00,WashingtonDC7D,38.823,-77.008
1195,7D160512,Multiple_Gunshots,2015-03-08,04:46:36,WashingtonDC7D,38.822,-77.008
1196,7D160513,Multiple_Gunshots,2015-03-08,04:46:46,WashingtonDC7D,38.823,-77.007
1197,7D160514,Single_Gunshot,2015-03-08,04:47:02,WashingtonDC7D,38.823,-77.007
1198,4D43001,Multiple_Gunshots,2015-03-08,11:13:28,WashingtonDC4D,38.943,-77.029
1199,5D48383,Single_Gunshot,2015-03-08,21:53:15,WashingtonDC5D,38.897,-76.978
1200,7D160518,Single_Gunshot,2015-03-09,00:03:40,WashingtonDC7D,38.825,-77.002
1201,5D48384,Single_Gunshot,2015-03-09,01:36:32,WashingtonDC5D,38.909,-76.984
1202,7D160519,Single_Gunshot,2015-03-09,02:13:17,WashingtonDC7D,38.857,-76.989
1203,7D160520,Multiple_Gunshots,2015-03-09,02:21:17,WashingtonDC7D,38.827,-77.001
1204,3D49119,Gunshot_or_Firecracker,2015-03-09,02:30:23,WashingtonDC3D,38.917,-77.023
1205,3D49120,Single_Gunshot,2015-03-09,02:46:09,WashingtonDC3D,38.915,-77.012
1206,7D160527,Multiple_Gunshots,2015-03-09,19:39:13,WashingtonDC7D,38.833,-76.983
1207,7D160531,Multiple_Gunshots,2015-03-09,21:10:48,WashingtonDC7D,38.849,-76.97
1208,5D48388,Multiple_Gunshots,2015-03-09,22:00:52,WashingtonDC5D,38.905,-77.009
1209,6D126587,Multiple_Gunshots,2015-03-10,00:25:13,WashingtonDC6D,38.896,-76.939
1210,6D126588,Multiple_Gunshots,2015-03-10,00:28:54,WashingtonDC6D,38.906,-76.951
1211,7D160533,Single_Gunshot,2015-03-10,00:35:41,WashingtonDC7D,38.855,-76.971
1212,6D126589,Single_Gunshot,2015-03-10,02:08:13,WashingtonDC6D,38.901,-76.946
1213,6D126590,Single_Gunshot,2015-03-10,03:04:16,WashingtonDC6D,38.87,-76.951
1214,6D126591,Multiple_Gunshots,2015-03-10,03:04:30,WashingtonDC6D,38.869,-76.951
1215,6D126592,Single_Gunshot,2015-03-10,03:05:02,WashingtonDC6D,38.866,-76.948
1216,6D126593,Single_Gunshot,2015-03-10,03:45:33,WashingtonDC6D,38.89,-76.953
1217,7D160542,Single_Gunshot,2015-03-10,13:28:06,WashingtonDC7D,38.833,-76.988
1218,7D160543,Multiple_Gunshots,2015-03-10,15:16:13,WashingtonDC7D,38.832,-76.993
1219,7D160549,Multiple_Gunshots,2015-03-10,21:22:30,WashingtonDC7D,38.833,-76.999
1220,7D160550,Single_Gunshot,2015-03-10,21:58:59,WashingtonDC7D,38.844,-76.978
1221,7D160551,Single_Gunshot,2015-03-10,22:12:42,WashingtonDC7D,38.835,-76.981
1222,7D160552,Multiple_Gunshots,2015-03-10,22:12:45,WashingtonDC7D,38.835,-76.981
1223,6D126607,Single_Gunshot,2015-03-11,00:57:59,WashingtonDC6D,38.876,-76.933
1224,7D160565,Multiple_Gunshots,2015-03-11,13:10:34,WashingtonDC7D,38.859,-76.993
1225,4D43022,Single_Gunshot,2015-03-12,01:31:36,WashingtonDC4D,38.955,-77.024
1226,6D126623,Multiple_Gunshots,2015-03-12,01:54:37,WashingtonDC6D,38.897,-76.923
1227,7D160579,Single_Gunshot,2015-03-12,02:33:37,WashingtonDC7D,38.834,-77.01
1228,7D160580,Single_Gunshot,2015-03-12,03:12:33,WashingtonDC7D,38.829,-77.006
1229,1D65680,Single_Gunshot,2015-03-12,04:13:38,WashingtonDC1D,38.897,-76.977
1230,6D126624,Single_Gunshot,2015-03-12,04:16:05,WashingtonDC6D,38.907,-76.938
1231,6D126625,Single_Gunshot,2015-03-12,05:09:48,WashingtonDC6D,38.886,-76.951
1232,6D126626,Single_Gunshot,2015-03-12,06:39:51,WashingtonDC6D,38.875,-76.963
1233,7D160586,Multiple_Gunshots,2015-03-12,14:10:01,WashingtonDC7D,38.849,-76.978
1234,4D43025,Multiple_Gunshots,2015-03-12,14:17:09,WashingtonDC4D,38.954,-77.019
1235,7D160587,Multiple_Gunshots,2015-03-12,20:35:08,WashingtonDC7D,38.833,-76.982
1236,6D126632,Multiple_Gunshots,2015-03-12,20:46:14,WashingtonDC6D,38.893,-76.94
1237,6D126633,Multiple_Gunshots,2015-03-12,20:46:32,WashingtonDC6D,38.894,-76.94
1238,6D126634,Multiple_Gunshots,2015-03-12,20:46:41,WashingtonDC6D,38.893,-76.94
1239,4D43031,Single_Gunshot,2015-03-13,00:46:03,WashingtonDC4D,38.95,-77.004
1240,7D160589,Single_Gunshot,2015-03-13,01:54:53,WashingtonDC7D,38.842,-76.964
1241,6D126638,Single_Gunshot,2015-03-13,02:13:15,WashingtonDC6D,38.88,-76.925
1242,6D126639,Single_Gunshot,2015-03-13,02:42:06,WashingtonDC6D,38.893,-76.927
1243,7D160590,Multiple_Gunshots,2015-03-13,02:45:48,WashingtonDC7D,38.844,-76.979
1244,7D160591,Multiple_Gunshots,2015-03-13,02:45:59,WashingtonDC7D,38.844,-76.98
1245,5D48412,Multiple_Gunshots,2015-03-13,20:38:25,WashingtonDC5D,38.916,-77.002
1246,6D126645,Multiple_Gunshots,2015-03-13,21:55:22,WashingtonDC6D,38.88,-76.932
1247,6D126646,Single_Gunshot,2015-03-13,22:44:29,WashingtonDC6D,38.878,-76.987
1248,7D160607,Multiple_Gunshots,2015-03-13,23:58:52,WashingtonDC7D,38.822,-76.992
1249,7D160608,Multiple_Gunshots,2015-03-14,00:07:58,WashingtonDC7D,38.822,-76.992
1250,6D126648,Single_Gunshot,2015-03-14,00:38:57,WashingtonDC6D,38.878,-76.986
1251,1D65734,Single_Gunshot,2015-03-14,00:38:57,WashingtonDC1D,38.878,-76.987
1252,7D160609,Single_Gunshot,2015-03-14,00:43:23,WashingtonDC7D,38.83,-76.993
1253,7D160610,Single_Gunshot,2015-03-14,00:46:00,WashingtonDC7D,38.829,-76.992
1254,7D160611,Multiple_Gunshots,2015-03-14,00:46:06,WashingtonDC7D,38.829,-76.992
1255,7D160612,Multiple_Gunshots,2015-03-14,01:26:13,WashingtonDC7D,38.826,-76.998
1256,6D126649,Multiple_Gunshots,2015-03-14,01:30:46,WashingtonDC6D,38.898,-76.919
1257,7D160613,Single_Gunshot,2015-03-14,01:32:26,WashingtonDC7D,38.826,-77.006
1258,7D160614,Single_Gunshot,2015-03-14,01:36:09,WashingtonDC7D,38.827,-77.002
1259,6D126650,Multiple_Gunshots,2015-03-14,01:36:41,WashingtonDC6D,38.886,-76.924
1260,7D160615,Multiple_Gunshots,2015-03-14,01:36:49,WashingtonDC7D,38.83,-77.008
1261,6D126651,Multiple_Gunshots,2015-03-14,01:56:45,WashingtonDC6D,38.886,-76.926
1262,7D160616,Single_Gunshot,2015-03-14,02:25:12,WashingtonDC7D,38.856,-76.991
1263,6D126652,Single_Gunshot,2015-03-14,04:04:48,WashingtonDC6D,38.866,-76.97
1264,6D126654,Multiple_Gunshots,2015-03-14,09:14:24,WashingtonDC6D,38.857,-76.973
1265,7D160619,Multiple_Gunshots,2015-03-14,19:00:28,WashingtonDC7D,38.861,-76.999
1266,6D126657,Multiple_Gunshots,2015-03-14,21:18:35,WashingtonDC6D,38.906,-76.947
1267,6D126658,Multiple_Gunshots,2015-03-14,21:19:28,WashingtonDC6D,38.905,-76.945
1268,1D65736,Single_Gunshot,2015-03-14,22:19:10,WashingtonDC1D,38.897,-76.984
1269,5D48417,Gunshot_or_Firecracker,2015-03-14,22:25:41,WashingtonDC5D,38.91,-77.012
1270,3D49134,Gunshot_or_Firecracker,2015-03-14,22:25:41,WashingtonDC3D,38.91,-77.012
1271,1D65737,Single_Gunshot,2015-03-14,22:50:04,WashingtonDC1D,38.899,-76.989
1272,7D160620,Multiple_Gunshots,2015-03-15,00:34:57,WashingtonDC7D,38.855,-76.97
1273,6D126660,Single_Gunshot,2015-03-15,01:02:21,WashingtonDC6D,38.902,-76.931
1274,6D126661,Single_Gunshot,2015-03-15,01:23:03,WashingtonDC6D,38.913,-76.937
1275,7D160621,Single_Gunshot,2015-03-15,02:31:51,WashingtonDC7D,38.847,-76.973
1276,7D160622,Single_Gunshot,2015-03-15,02:50:00,WashingtonDC7D,38.828,-77.002
1277,6D126662,Single_Gunshot,2015-03-15,02:54:24,WashingtonDC6D,38.912,-76.937
1278,6D126663,Multiple_Gunshots,2015-03-15,03:09:17,WashingtonDC6D,38.902,-76.929
1279,6D126664,Multiple_Gunshots,2015-03-15,03:09:23,WashingtonDC6D,38.902,-76.93
1280,6D126665,Multiple_Gunshots,2015-03-15,03:09:28,WashingtonDC6D,38.902,-76.929
1281,6D126666,Multiple_Gunshots,2015-03-15,03:09:37,WashingtonDC6D,38.902,-76.929
1282,7D160624,Multiple_Gunshots,2015-03-15,04:49:58,WashingtonDC7D,38.854,-76.972
1283,7D160625,Single_Gunshot,2015-03-15,04:50:03,WashingtonDC7D,38.854,-76.972
1284,7D160626,Single_Gunshot,2015-03-15,04:50:05,WashingtonDC7D,38.854,-76.973
1285,7D160627,Single_Gunshot,2015-03-15,04:50:08,WashingtonDC7D,38.854,-76.972
1286,7D160628,Multiple_Gunshots,2015-03-15,05:34:18,WashingtonDC7D,38.841,-76.998
1287,7D160629,Single_Gunshot,2015-03-15,10:23:31,WashingtonDC7D,38.849,-76.972
1288,6D126670,Multiple_Gunshots,2015-03-15,20:06:17,WashingtonDC6D,38.888,-76.959
1289,5D48424,Single_Gunshot,2015-03-15,22:32:46,WashingtonDC5D,38.911,-76.986
1290,1D65739,Single_Gunshot,2015-03-15,22:32:48,WashingtonDC1D,38.91,-76.986
1291,5D48425,Single_Gunshot,2015-03-16,01:38:45,WashingtonDC5D,38.906,-77.006
1292,6D126672,Multiple_Gunshots,2015-03-16,02:09:28,WashingtonDC6D,38.891,-76.942
1293,7D160631,Single_Gunshot,2015-03-16,02:43:41,WashingtonDC7D,38.829,-77.006
1294,6D126673,Single_Gunshot,2015-03-16,03:59:29,WashingtonDC6D,38.886,-76.921
1295,4D43074,Multiple_Gunshots,2015-03-16,20:46:12,WashingtonDC4D,38.943,-77.015
1296,4D43075,Multiple_Gunshots,2015-03-16,20:46:25,WashingtonDC4D,38.942,-77.016
1297,7D160655,Multiple_Gunshots,2015-03-16,21:39:45,WashingtonDC7D,38.861,-76.985
1298,7D160659,Single_Gunshot,2015-03-16,23:12:43,WashingtonDC7D,38.859,-76.998
1299,7D160660,Single_Gunshot,2015-03-16,23:40:30,WashingtonDC7D,38.848,-76.975
1300,7D160661,Multiple_Gunshots,2015-03-17,01:03:20,WashingtonDC7D,38.852,-76.965
1301,7D160662,Single_Gunshot,2015-03-17,01:03:33,WashingtonDC7D,38.852,-76.965
1302,6D126694,Multiple_Gunshots,2015-03-17,01:14:38,WashingtonDC6D,38.872,-76.928
1303,5D48430,Single_Gunshot,2015-03-17,01:31:17,WashingtonDC5D,38.92,-77.0
1304,4D43077,Single_Gunshot,2015-03-17,01:31:20,WashingtonDC4D,38.922,-77.002
1305,7D160663,Single_Gunshot,2015-03-17,01:50:09,WashingtonDC7D,38.855,-76.971
1306,5D48431,Multiple_Gunshots,2015-03-17,02:01:00,WashingtonDC5D,38.905,-76.983
1307,4D43079,Multiple_Gunshots,2015-03-17,04:52:22,WashingtonDC4D,38.948,-77.015
1308,4D43080,Multiple_Gunshots,2015-03-17,05:05:29,WashingtonDC4D,38.948,-77.016
1309,4D43086,Multiple_Gunshots,2015-03-17,10:27:43,WashingtonDC4D,38.944,-77.03
1310,5D48436,Single_Gunshot,2015-03-17,11:20:15,WashingtonDC5D,38.911,-76.985
1311,7D160691,Gunshot_or_Firecracker,2015-03-17,16:42:01,WashingtonDC7D,38.844,-76.994
1312,1D65780,Single_Gunshot,2015-03-17,21:31:14,WashingtonDC1D,38.896,-76.982
1313,7D160692,Single_Gunshot,2015-03-17,23:08:45,WashingtonDC7D,38.843,-76.991
1314,6D126700,Single_Gunshot,2015-03-18,02:43:38,WashingtonDC6D,38.908,-76.93
1315,6D126770,Single_Gunshot,2015-03-18,22:44:56,WashingtonDC6D,38.894,-76.947
1316,7D160696,Single_Gunshot,2015-03-19,00:19:22,WashingtonDC7D,38.848,-77.005
1317,6D126771,Multiple_Gunshots,2015-03-19,02:25:51,WashingtonDC6D,38.886,-76.926
1318,4D43107,Single_Gunshot,2015-03-19,03:34:26,WashingtonDC4D,38.956,-77.015
1319,6D126784,Multiple_Gunshots,2015-03-19,09:26:37,WashingtonDC6D,38.902,-76.929
1320,6D126791,Multiple_Gunshots,2015-03-19,14:36:31,WashingtonDC6D,38.895,-76.941
1321,4D43146,Multiple_Gunshots,2015-03-19,22:20:29,WashingtonDC4D,38.955,-77.026
1322,4D43147,Multiple_Gunshots,2015-03-19,22:20:35,WashingtonDC4D,38.95,-77.022
1323,4D43148,Multiple_Gunshots,2015-03-19,22:20:41,WashingtonDC4D,38.954,-77.03
1324,6D126812,Single_Gunshot,2015-03-19,23:08:44,WashingtonDC6D,38.884,-76.956
1325,7D160709,Single_Gunshot,2015-03-20,02:24:32,WashingtonDC7D,38.85,-76.968
1326,1D65827,Multiple_Gunshots,2015-03-20,20:57:39,WashingtonDC1D,38.871,-77.011
1327,7D160710,Multiple_Gunshots,2015-03-20,21:10:26,WashingtonDC7D,38.828,-77.007
1328,7D160711,Single_Gunshot,2015-03-21,00:11:36,WashingtonDC7D,38.831,-77.006
1329,7D160712,Single_Gunshot,2015-03-21,00:47:20,WashingtonDC7D,38.86,-76.998
1330,6D126822,Single_Gunshot,2015-03-21,00:58:36,WashingtonDC6D,38.878,-76.967
1331,7D160713,Multiple_Gunshots,2015-03-21,03:57:16,WashingtonDC7D,38.856,-76.973
1332,1D65829,Multiple_Gunshots,2015-03-21,04:19:24,WashingtonDC1D,38.897,-76.983
1333,6D126825,Multiple_Gunshots,2015-03-21,04:36:16,WashingtonDC6D,38.881,-76.935
1334,4D43151,Multiple_Gunshots,2015-03-21,08:27:29,WashingtonDC4D,38.939,-77.026
1335,7D160719,Multiple_Gunshots,2015-03-21,20:11:49,WashingtonDC7D,38.832,-76.993
1336,7D160722,Single_Gunshot,2015-03-21,21:34:20,WashingtonDC7D,38.822,-77.001
1337,6D126841,Multiple_Gunshots,2015-03-21,21:34:29,WashingtonDC6D,38.89,-76.951
1338,6D126842,Multiple_Gunshots,2015-03-21,21:34:55,WashingtonDC6D,38.89,-76.951
1339,6D126843,Multiple_Gunshots,2015-03-21,22:31:53,WashingtonDC6D,38.882,-76.939
1340,6D126844,Multiple_Gunshots,2015-03-21,22:32:01,WashingtonDC6D,38.882,-76.939
1341,7D160723,Multiple_Gunshots,2015-03-21,22:54:16,WashingtonDC7D,38.83,-76.993
1342,5D48467,Single_Gunshot,2015-03-21,23:11:11,WashingtonDC5D,38.92,-76.98
1343,5D48468,Multiple_Gunshots,2015-03-21,23:11:21,WashingtonDC5D,38.92,-76.98
1344,4D43152,Multiple_Gunshots,2015-03-21,23:15:45,WashingtonDC4D,38.945,-77.02
1345,7D160724,Single_Gunshot,2015-03-22,00:03:48,WashingtonDC7D,38.827,-77.002
1346,7D160725,Single_Gunshot,2015-03-22,00:03:54,WashingtonDC7D,38.827,-77.002
1347,7D160726,Multiple_Gunshots,2015-03-22,00:11:11,WashingtonDC7D,38.841,-76.987
1348,7D160727,Multiple_Gunshots,2015-03-22,00:27:41,WashingtonDC7D,38.834,-76.984
1349,6D126849,Multiple_Gunshots,2015-03-22,00:35:53,WashingtonDC6D,38.888,-76.921
1350,3D49157,Multiple_Gunshots,2015-03-22,00:48:37,WashingtonDC3D,38.922,-77.028
1351,6D126850,Multiple_Gunshots,2015-03-22,00:57:30,WashingtonDC6D,38.886,-76.926
1352,5D48470,Single_Gunshot,2015-03-22,01:10:34,WashingtonDC5D,38.921,-76.98
1353,7D160729,Multiple_Gunshots,2015-03-22,01:18:48,WashingtonDC7D,38.862,-76.992
1354,6D126851,Single_Gunshot,2015-03-22,01:40:41,WashingtonDC6D,38.89,-76.928
1355,7D160730,Multiple_Gunshots,2015-03-22,01:53:55,WashingtonDC7D,38.868,-76.968
1356,6D126852,Multiple_Gunshots,2015-03-22,02:06:49,WashingtonDC6D,38.892,-76.947
1357,6D126853,Multiple_Gunshots,2015-03-22,02:07:02,WashingtonDC6D,38.892,-76.947
1358,6D126854,Single_Gunshot,2015-03-22,02:10:19,WashingtonDC6D,38.884,-76.956
1359,6D126855,Single_Gunshot,2015-03-22,02:19:06,WashingtonDC6D,38.891,-76.914
1360,6D126856,Single_Gunshot,2015-03-22,04:25:31,WashingtonDC6D,38.886,-76.936
1361,6D126860,Multiple_Gunshots,2015-03-22,06:16:54,WashingtonDC6D,38.887,-76.925
1362,7D160740,Multiple_Gunshots,2015-03-22,17:42:01,WashingtonDC7D,38.862,-76.997
1363,1D65868,Multiple_Gunshots,2015-03-22,20:53:13,WashingtonDC1D,38.874,-77.012
1364,4D43154,Single_Gunshot,2015-03-22,21:39:01,WashingtonDC4D,38.945,-77.016
1365,6D126884,Multiple_Gunshots,2015-03-22,23:38:01,WashingtonDC6D,38.882,-76.926
1366,6D126885,Single_Gunshot,2015-03-22,23:42:11,WashingtonDC6D,38.885,-76.945
1367,4D43155,Single_Gunshot,2015-03-23,01:29:08,WashingtonDC4D,38.952,-77.027
1368,1D65870,Single_Gunshot,2015-03-23,03:03:27,WashingtonDC1D,38.898,-76.97
1369,7D160744,Single_Gunshot,2015-03-23,04:25:59,WashingtonDC7D,38.843,-76.989
1370,7D160748,Multiple_Gunshots,2015-03-23,07:55:47,WashingtonDC7D,38.835,-76.993
1371,4D43168,Single_Gunshot,2015-03-23,12:20:27,WashingtonDC4D,38.95,-77.023
1372,7D160767,Multiple_Gunshots,2015-03-23,22:49:47,WashingtonDC7D,38.827,-76.996
1373,7D160768,Multiple_Gunshots,2015-03-24,00:06:30,WashingtonDC7D,38.828,-76.994
1374,7D160769,Multiple_Gunshots,2015-03-24,00:06:36,WashingtonDC7D,38.827,-76.987
1375,7D160784,Multiple_Gunshots,2015-03-24,23:14:24,WashingtonDC7D,38.846,-76.971
1376,5D48516,Single_Gunshot,2015-03-25,01:10:43,WashingtonDC5D,38.906,-77.006
1377,5D48517,Single_Gunshot,2015-03-25,01:44:10,WashingtonDC5D,38.909,-77.007
1378,6D127033,Multiple_Gunshots,2015-03-25,12:26:37,WashingtonDC6D,38.893,-76.926
1379,7D160792,Multiple_Gunshots,2015-03-25,21:11:30,WashingtonDC7D,38.844,-77.002
1380,7D160793,Multiple_Gunshots,2015-03-25,23:00:23,WashingtonDC7D,38.846,-76.998
1381,6D127043,Multiple_Gunshots,2015-03-25,23:42:20,WashingtonDC6D,38.91,-76.94
1382,7D160794,Single_Gunshot,2015-03-26,00:04:58,WashingtonDC7D,38.829,-77.002
1383,7D160795,Single_Gunshot,2015-03-26,01:47:35,WashingtonDC7D,38.857,-76.991
1384,6D127045,Single_Gunshot,2015-03-26,02:15:13,WashingtonDC6D,38.884,-76.955
1385,7D160796,Single_Gunshot,2015-03-26,03:32:02,WashingtonDC7D,38.862,-76.994
1386,6D127049,Single_Gunshot,2015-03-26,04:33:29,WashingtonDC6D,38.895,-76.953
1387,7D160802,Single_Gunshot,2015-03-27,00:11:19,WashingtonDC7D,38.83,-77.007
1388,7D160803,Single_Gunshot,2015-03-27,03:51:03,WashingtonDC7D,38.831,-77.006
1389,1D65914,Multiple_Gunshots,2015-03-27,12:30:57,WashingtonDC1D,38.899,-76.979
1390,1D65915,Multiple_Gunshots,2015-03-27,12:31:03,WashingtonDC1D,38.899,-76.978
1391,6D127067,Multiple_Gunshots,2015-03-27,13:18:51,WashingtonDC6D,38.894,-76.924
1392,7D160810,Multiple_Gunshots,2015-03-27,16:39:30,WashingtonDC7D,38.832,-77.006
1393,5D48545,Multiple_Gunshots,2015-03-27,18:08:34,WashingtonDC5D,38.908,-77.01
1394,7D160813,Multiple_Gunshots,2015-03-27,21:11:54,WashingtonDC7D,38.83,-77.006
1395,4D43231,Gunshot_or_Firecracker,2015-03-27,23:40:03,WashingtonDC4D,38.948,-77.02
1396,6D127071,Multiple_Gunshots,2015-03-27,23:40:50,WashingtonDC6D,38.894,-76.924
1397,6D127074,Single_Gunshot,2015-03-28,00:25:12,WashingtonDC6D,38.884,-76.924
1398,6D127075,Multiple_Gunshots,2015-03-28,00:38:40,WashingtonDC6D,38.901,-76.938
1399,6D127076,Single_Gunshot,2015-03-28,02:21:09,WashingtonDC6D,38.882,-76.935
1400,6D127077,Multiple_Gunshots,2015-03-28,02:44:05,WashingtonDC6D,38.899,-76.942
1401,7D160814,Multiple_Gunshots,2015-03-28,03:28:09,WashingtonDC7D,38.818,-76.996
1402,7D160815,Multiple_Gunshots,2015-03-28,03:48:06,WashingtonDC7D,38.832,-77.007
1403,7D160816,Single_Gunshot,2015-03-28,04:34:14,WashingtonDC7D,38.827,-76.998
1404,7D160818,Multiple_Gunshots,2015-03-28,04:35:02,WashingtonDC7D,38.827,-76.998
1405,1D65918,Multiple_Gunshots,2015-03-28,05:47:24,WashingtonDC1D,38.899,-76.981
1406,6D127081,Single_Gunshot,2015-03-28,17:25:48,WashingtonDC6D,38.874,-76.967
1407,6D127083,Multiple_Gunshots,2015-03-28,20:06:30,WashingtonDC6D,38.889,-76.919
1408,5D48562,Multiple_Gunshots,2015-03-28,20:40:49,WashingtonDC5D,38.92,-76.981
1409,6D127088,Single_Gunshot,2015-03-28,21:39:24,WashingtonDC6D,38.888,-76.949
1410,6D127091,Multiple_Gunshots,2015-03-28,22:21:56,WashingtonDC6D,38.901,-76.928
1411,6D127092,Single_Gunshot,2015-03-29,01:43:21,WashingtonDC6D,38.891,-76.922
1412,7D160820,Single_Gunshot,2015-03-29,02:02:09,WashingtonDC7D,38.838,-76.991
1413,7D160821,Multiple_Gunshots,2015-03-29,02:02:23,WashingtonDC7D,38.838,-76.991
1414,1D65922,Multiple_Gunshots,2015-03-29,05:45:50,WashingtonDC1D,38.872,-77.013
1415,7D160822,Multiple_Gunshots,2015-03-29,19:18:34,WashingtonDC7D,38.829,-77.007
1416,7D160823,Multiple_Gunshots,2015-03-29,19:18:46,WashingtonDC7D,38.83,-77.007
1417,6D127097,Multiple_Gunshots,2015-03-29,20:08:05,WashingtonDC6D,38.891,-76.949
1418,7D160824,Multiple_Gunshots,2015-03-29,23:40:01,WashingtonDC7D,38.855,-76.991
1419,6D127098,Multiple_Gunshots,2015-03-30,03:51:14,WashingtonDC6D,38.901,-76.947
1420,6D127099,Multiple_Gunshots,2015-03-30,03:51:19,WashingtonDC6D,38.901,-76.946
1421,6D127108,Multiple_Gunshots,2015-03-30,18:15:27,WashingtonDC6D,38.888,-76.95
1422,5D48569,Multiple_Gunshots,2015-03-30,22:03:44,WashingtonDC5D,38.934,-76.97
1423,6D127109,Multiple_Gunshots,2015-03-30,22:42:49,WashingtonDC6D,38.885,-76.957
1424,6D127110,Multiple_Gunshots,2015-03-30,22:42:56,WashingtonDC6D,38.885,-76.957
1425,6D127111,Multiple_Gunshots,2015-03-30,22:59:30,WashingtonDC6D,38.89,-76.951
1426,7D160831,Single_Gunshot,2015-03-31,01:32:27,WashingtonDC7D,38.847,-76.977
1427,6D127112,Multiple_Gunshots,2015-03-31,01:52:13,WashingtonDC6D,38.875,-76.963
1428,1D65951,Multiple_Gunshots,2015-03-31,11:51:25,WashingtonDC1D,38.896,-76.981
1429,6D127122,Multiple_Gunshots,2015-03-31,15:56:34,WashingtonDC6D,38.866,-76.976
1430,7D160845,Single_Gunshot,2015-03-31,23:43:49,WashingtonDC7D,38.852,-76.979
1431,6D127127,Multiple_Gunshots,2015-04-01,00:36:06,WashingtonDC6D,38.892,-76.945
1432,7D160865,Single_Gunshot,2015-04-01,18:52:51,WashingtonDC7D,38.842,-76.969
1433,6D127147,Single_Gunshot,2015-04-01,21:35:33,WashingtonDC6D,38.888,-76.918
1434,5D48580,Multiple_Gunshots,2015-04-01,22:51:39,WashingtonDC5D,38.901,-76.974
1435,1D65969,Multiple_Gunshots,2015-04-01,22:51:39,WashingtonDC1D,38.901,-76.974
1436,6D127150,Single_Gunshot,2015-04-01,23:52:10,WashingtonDC6D,38.875,-76.921
1437,6D127151,Multiple_Gunshots,2015-04-02,01:10:30,WashingtonDC6D,38.865,-76.973
1438,6D127152,Single_Gunshot,2015-04-02,03:10:15,WashingtonDC6D,38.893,-76.922
1439,6D127153,Gunshot_or_Firecracker,2015-04-02,05:45:42,WashingtonDC6D,38.884,-76.957
1440,7D160882,Multiple_Gunshots,2015-04-02,22:42:03,WashingtonDC7D,38.844,-77.0
1441,6D127164,Single_Gunshot,2015-04-02,22:56:47,WashingtonDC6D,38.861,-76.971
1442,7D160883,Multiple_Gunshots,2015-04-02,22:58:34,WashingtonDC7D,38.826,-77.003
1443,7D160884,Multiple_Gunshots,2015-04-02,22:58:44,WashingtonDC7D,38.826,-77.003
1444,7D160885,Multiple_Gunshots,2015-04-02,22:58:49,WashingtonDC7D,38.825,-77.003
1445,7D160886,Single_Gunshot,2015-04-02,22:59:16,WashingtonDC7D,38.825,-77.003
1446,7D160887,Single_Gunshot,2015-04-02,23:00:09,WashingtonDC7D,38.823,-77.005
1447,7D160888,Single_Gunshot,2015-04-02,23:00:37,WashingtonDC7D,38.829,-77.008
1448,7D160889,Single_Gunshot,2015-04-02,23:01:09,WashingtonDC7D,38.833,-77.005
1449,7D160891,Multiple_Gunshots,2015-04-02,23:01:30,WashingtonDC7D,38.835,-77.003
1450,7D160892,Multiple_Gunshots,2015-04-02,23:04:29,WashingtonDC7D,38.844,-76.987
1451,7D160894,Single_Gunshot,2015-04-03,01:57:57,WashingtonDC7D,38.856,-76.969
1452,7D160895,Single_Gunshot,2015-04-03,03:36:37,WashingtonDC7D,38.852,-76.979
1453,7D160896,Multiple_Gunshots,2015-04-03,04:32:01,WashingtonDC7D,38.828,-77.007
1454,7D160897,Single_Gunshot,2015-04-03,04:35:07,WashingtonDC7D,38.852,-76.979
1455,7D160899,Multiple_Gunshots,2015-04-03,12:45:57,WashingtonDC7D,38.837,-77.003
1456,6D127175,Multiple_Gunshots,2015-04-03,22:29:39,WashingtonDC6D,38.882,-76.926
1457,6D127176,Single_Gunshot,2015-04-03,22:29:46,WashingtonDC6D,38.883,-76.926
1458,1D66005,Multiple_Gunshots,2015-04-03,22:55:50,WashingtonDC1D,38.888,-76.99
1459,7D160903,Single_Gunshot,2015-04-03,23:12:21,WashingtonDC7D,38.835,-77.002
1460,7D160904,Single_Gunshot,2015-04-04,02:07:43,WashingtonDC7D,38.847,-77.007
1461,7D160905,Single_Gunshot,2015-04-04,02:48:35,WashingtonDC7D,38.854,-77.005
1462,6D127180,Multiple_Gunshots,2015-04-04,02:54:30,WashingtonDC6D,38.895,-76.926
1463,7D160906,Single_Gunshot,2015-04-04,03:01:02,WashingtonDC7D,38.862,-76.99
1464,6D127181,Multiple_Gunshots,2015-04-04,03:42:46,WashingtonDC6D,38.886,-76.95
1465,7D160907,Single_Gunshot,2015-04-04,03:44:49,WashingtonDC7D,38.856,-76.969
1466,7D160908,Single_Gunshot,2015-04-04,04:10:31,WashingtonDC7D,38.838,-77.01
1467,7D160909,Multiple_Gunshots,2015-04-04,04:27:23,WashingtonDC7D,38.827,-76.999
1468,7D160910,Single_Gunshot,2015-04-04,19:09:19,WashingtonDC7D,38.843,-76.996
1469,7D160919,Single_Gunshot,2015-04-04,22:16:55,WashingtonDC7D,38.849,-76.98
1470,3D49205,Single_Gunshot,2015-04-04,23:27:37,WashingtonDC3D,38.925,-77.041
1471,3D49206,Gunshot_or_Firecracker,2015-04-04,23:51:12,WashingtonDC3D,38.925,-77.041
1472,1D66158,Multiple_Gunshots,2015-04-05,01:27:56,WashingtonDC1D,38.901,-76.977
1473,5D48588,Multiple_Gunshots,2015-04-05,01:27:58,WashingtonDC5D,38.901,-76.977
1474,7D160920,Single_Gunshot,2015-04-05,01:43:58,WashingtonDC7D,38.842,-76.993
1475,7D160921,Single_Gunshot,2015-04-05,01:53:39,WashingtonDC7D,38.849,-76.969
1476,7D160922,Multiple_Gunshots,2015-04-05,02:03:15,WashingtonDC7D,38.844,-76.976
1477,6D127190,Multiple_Gunshots,2015-04-05,03:28:43,WashingtonDC6D,38.888,-76.919
1478,6D127191,Multiple_Gunshots,2015-04-05,03:28:53,WashingtonDC6D,38.889,-76.919
1479,6D127192,Multiple_Gunshots,2015-04-05,03:28:55,WashingtonDC6D,38.889,-76.92
1480,6D127193,Single_Gunshot,2015-04-05,03:30:04,WashingtonDC6D,38.883,-76.937
1481,7D160924,Multiple_Gunshots,2015-04-05,04:40:23,WashingtonDC7D,38.824,-77.007
1482,7D160926,Multiple_Gunshots,2015-04-05,05:29:25,WashingtonDC7D,38.821,-77.012
1483,4D43275,Multiple_Gunshots,2015-04-05,12:09:04,WashingtonDC4D,38.955,-77.024
1484,7D160929,Single_Gunshot,2015-04-05,18:46:57,WashingtonDC7D,38.828,-77.006
1485,3D49207,Single_Gunshot,2015-04-05,20:14:28,WashingtonDC3D,38.925,-77.041
1486,6D127202,Multiple_Gunshots,2015-04-05,20:22:39,WashingtonDC6D,38.885,-76.934
1487,7D160930,Single_Gunshot,2015-04-05,21:27:53,WashingtonDC7D,38.848,-76.968
1488,5D48591,Multiple_Gunshots,2015-04-05,21:54:32,WashingtonDC5D,38.924,-76.972
1489,7D160931,Single_Gunshot,2015-04-05,23:38:35,WashingtonDC7D,38.83,-77.001
1490,6D127208,Single_Gunshot,2015-04-06,00:04:04,WashingtonDC6D,38.882,-76.926
1491,6D127209,Single_Gunshot,2015-04-06,00:04:07,WashingtonDC6D,38.882,-76.926
1492,6D127210,Single_Gunshot,2015-04-06,01:28:00,WashingtonDC6D,38.87,-76.949
1493,5D48594,Multiple_Gunshots,2015-04-06,03:09:05,WashingtonDC5D,38.901,-76.977
1494,6D127216,Multiple_Gunshots,2015-04-06,19:42:11,WashingtonDC6D,38.885,-76.953
1495,7D160937,Single_Gunshot,2015-04-06,19:59:23,WashingtonDC7D,38.841,-76.978
1496,7D160938,Single_Gunshot,2015-04-06,20:01:06,WashingtonDC7D,38.841,-76.978
1497,7D160939,Multiple_Gunshots,2015-04-06,20:05:11,WashingtonDC7D,38.844,-76.979
1498,5D48595,Gunshot_or_Firecracker,2015-04-06,20:21:59,WashingtonDC5D,38.923,-76.991
1499,6D127221,Multiple_Gunshots,2015-04-06,21:15:02,WashingtonDC6D,38.89,-76.955
1500,6D127222,Multiple_Gunshots,2015-04-06,21:15:06,WashingtonDC6D,38.89,-76.955
1501,6D127223,Multiple_Gunshots,2015-04-06,21:15:15,WashingtonDC6D,38.89,-76.955
1502,7D160949,Gunshot_or_Firecracker,2015-04-06,22:33:18,WashingtonDC7D,38.825,-76.998
1503,5D48599,Multiple_Gunshots,2015-04-06,22:48:41,WashingtonDC5D,38.911,-76.987
1504,4D43300,Multiple_Gunshots,2015-04-06,22:52:37,WashingtonDC4D,38.947,-77.021
1505,1D66180,Single_Gunshot,2015-04-07,00:07:30,WashingtonDC1D,38.897,-76.983
1506,1D66181,Single_Gunshot,2015-04-07,00:58:49,WashingtonDC1D,38.897,-76.983
1507,4D43301,Single_Gunshot,2015-04-07,01:53:05,WashingtonDC4D,38.94,-77.027
1508,7D160950,Multiple_Gunshots,2015-04-07,03:39:59,WashingtonDC7D,38.855,-76.992
1509,6D127234,Multiple_Gunshots,2015-04-07,12:08:25,WashingtonDC6D,38.876,-76.961
1510,7D160951,Multiple_Gunshots,2015-04-07,19:08:57,WashingtonDC7D,38.845,-76.999
1511,1D66187,Multiple_Gunshots,2015-04-07,21:53:58,WashingtonDC1D,38.879,-77.013
1512,1D66188,Multiple_Gunshots,2015-04-07,23:27:33,WashingtonDC1D,38.879,-77.013
1513,1D66189,Multiple_Gunshots,2015-04-07,23:27:38,WashingtonDC1D,38.879,-77.013
1514,6D127246,Single_Gunshot,2015-04-08,01:15:45,WashingtonDC6D,38.894,-76.917
1515,6D127247,Single_Gunshot,2015-04-08,01:16:07,WashingtonDC6D,38.894,-76.918
1516,7D160952,Single_Gunshot,2015-04-08,01:31:28,WashingtonDC7D,38.869,-76.987
1517,1D66190,Multiple_Gunshots,2015-04-08,02:03:43,WashingtonDC1D,38.877,-77.014
1518,7D160953,Single_Gunshot,2015-04-08,02:36:02,WashingtonDC7D,38.833,-76.992
1519,1D66191,Multiple_Gunshots,2015-04-08,02:57:09,WashingtonDC1D,38.877,-77.014
1520,6D127258,Multiple_Gunshots,2015-04-08,11:53:27,WashingtonDC6D,38.895,-76.921
1521,6D127263,Multiple_Gunshots,2015-04-08,22:48:35,WashingtonDC6D,38.88,-76.936
1522,6D127265,Multiple_Gunshots,2015-04-09,01:23:48,WashingtonDC6D,38.894,-76.925
1523,7D160960,Multiple_Gunshots,2015-04-09,02:02:03,WashingtonDC7D,38.847,-76.959
1524,6D127266,Single_Gunshot,2015-04-09,02:32:29,WashingtonDC6D,38.888,-76.958
1525,7D160961,Single_Gunshot,2015-04-09,08:33:09,WashingtonDC7D,38.846,-76.998
1526,7D160966,Multiple_Gunshots,2015-04-09,21:19:28,WashingtonDC7D,38.844,-76.993
1527,6D127287,Multiple_Gunshots,2015-04-09,21:56:19,WashingtonDC6D,38.892,-76.916
1528,6D127288,Multiple_Gunshots,2015-04-09,21:56:21,WashingtonDC6D,38.893,-76.916
1529,5D48619,Multiple_Gunshots,2015-04-09,21:59:47,WashingtonDC5D,38.909,-76.986
1530,1D66217,Multiple_Gunshots,2015-04-09,22:29:24,WashingtonDC1D,38.891,-76.979
1531,6D127289,Single_Gunshot,2015-04-09,22:45:27,WashingtonDC6D,38.864,-76.945
1532,6D127290,Multiple_Gunshots,2015-04-09,22:53:06,WashingtonDC6D,38.875,-76.93
1533,7D160968,Single_Gunshot,2015-04-10,01:33:15,WashingtonDC7D,38.822,-77.009
1534,5D48620,Multiple_Gunshots,2015-04-10,01:35:36,WashingtonDC5D,38.907,-76.998
1535,5D48621,Single_Gunshot,2015-04-10,01:35:42,WashingtonDC5D,38.91,-77.001
1536,4D43309,Multiple_Gunshots,2015-04-10,14:05:09,WashingtonDC4D,38.947,-77.02
1537,6D127305,Single_Gunshot,2015-04-10,20:43:31,WashingtonDC6D,38.897,-76.914
1538,7D160992,Multiple_Gunshots,2015-04-10,21:16:40,WashingtonDC7D,38.819,-76.996
1539,1D66233,Multiple_Gunshots,2015-04-10,22:14:49,WashingtonDC1D,38.902,-76.975
1540,1D66234,Single_Gunshot,2015-04-10,22:36:23,WashingtonDC1D,38.9,-76.988
1541,7D160993,Multiple_Gunshots,2015-04-10,23:39:27,WashingtonDC7D,38.856,-76.99
1542,7D160994,Multiple_Gunshots,2015-04-10,23:40:43,WashingtonDC7D,38.856,-76.99
1543,6D127319,Multiple_Gunshots,2015-04-11,00:35:53,WashingtonDC6D,38.871,-76.945
1544,6D127320,Single_Gunshot,2015-04-11,01:45:26,WashingtonDC6D,38.888,-76.938
1545,4D43310,Single_Gunshot,2015-04-11,02:00:19,WashingtonDC4D,38.963,-77.029
1546,6D127321,Single_Gunshot,2015-04-11,02:33:36,WashingtonDC6D,38.897,-76.942
1547,5D48630,Multiple_Gunshots,2015-04-11,03:42:55,WashingtonDC5D,38.899,-76.982
1548,1D66235,Multiple_Gunshots,2015-04-11,03:42:55,WashingtonDC1D,38.9,-76.982
1549,1D66236,Gunshot_or_Firecracker,2015-04-11,03:44:26,WashingtonDC1D,38.899,-76.982
1550,5D48632,Single_Gunshot,2015-04-11,04:30:46,WashingtonDC5D,38.909,-77.005
1551,6D127327,Single_Gunshot,2015-04-11,05:03:45,WashingtonDC6D,38.877,-76.968
1552,6D127330,Multiple_Gunshots,2015-04-11,05:52:58,WashingtonDC6D,38.893,-76.914
1553,6D127331,Multiple_Gunshots,2015-04-11,06:04:22,WashingtonDC6D,38.894,-76.925
1554,1D66241,Multiple_Gunshots,2015-04-11,21:29:04,WashingtonDC1D,38.899,-76.976
1555,5D48636,Multiple_Gunshots,2015-04-11,21:29:05,WashingtonDC5D,38.899,-76.976
1556,5D48637,Multiple_Gunshots,2015-04-11,22:16:18,WashingtonDC5D,38.923,-77.001
1557,7D160997,Single_Gunshot,2015-04-11,22:20:33,WashingtonDC7D,38.847,-77.001
1558,6D127367,Single_Gunshot,2015-04-11,23:03:50,WashingtonDC6D,38.884,-76.96
1559,6D127368,Gunshot_or_Firecracker,2015-04-11,23:05:38,WashingtonDC6D,38.884,-76.96
1560,5D48638,Single_Gunshot,2015-04-12,00:04:09,WashingtonDC5D,38.911,-77.007
1561,7D160998,Single_Gunshot,2015-04-12,00:55:56,WashingtonDC7D,38.851,-76.976
1562,7D160999,Multiple_Gunshots,2015-04-12,02:03:08,WashingtonDC7D,38.841,-76.987
1563,7D161000,Multiple_Gunshots,2015-04-12,02:03:26,WashingtonDC7D,38.842,-76.989
1564,7D161001,Multiple_Gunshots,2015-04-12,02:13:35,WashingtonDC7D,38.844,-76.979
1565,6D127371,Multiple_Gunshots,2015-04-12,03:00:23,WashingtonDC6D,38.882,-76.932
1566,7D161002,Single_Gunshot,2015-04-12,03:17:26,WashingtonDC7D,38.861,-76.968
1567,7D161003,Multiple_Gunshots,2015-04-12,03:32:13,WashingtonDC7D,38.846,-76.973
1568,7D161004,Multiple_Gunshots,2015-04-12,06:33:40,WashingtonDC7D,38.848,-76.967
1569,7D161008,Single_Gunshot,2015-04-12,09:34:15,WashingtonDC7D,38.832,-77.007
1570,7D161009,Single_Gunshot,2015-04-12,09:34:36,WashingtonDC7D,38.832,-77.007
1571,7D161010,Multiple_Gunshots,2015-04-12,11:32:57,WashingtonDC7D,38.83,-76.997
1572,7D161011,Multiple_Gunshots,2015-04-12,11:33:13,WashingtonDC7D,38.83,-76.997
1573,5D48645,Single_Gunshot,2015-04-12,18:25:23,WashingtonDC5D,38.913,-76.985
1574,6D127392,Single_Gunshot,2015-04-12,19:02:47,WashingtonDC6D,38.901,-76.922
1575,7D161024,Multiple_Gunshots,2015-04-12,21:14:55,WashingtonDC7D,38.837,-77.004
1576,4D43316,Single_Gunshot,2015-04-12,21:33:30,WashingtonDC4D,38.949,-77.027
1577,5D48650,Single_Gunshot,2015-04-12,22:06:09,WashingtonDC5D,38.915,-76.985
1578,6D127394,Single_Gunshot,2015-04-12,22:31:02,WashingtonDC6D,38.887,-76.926
1579,6D127395,Gunshot_or_Firecracker,2015-04-12,22:45:04,WashingtonDC6D,38.883,-76.917
1580,6D127396,Multiple_Gunshots,2015-04-12,22:46:10,WashingtonDC6D,38.883,-76.917
1581,6D127397,Single_Gunshot,2015-04-12,22:55:08,WashingtonDC6D,38.901,-76.93
1582,6D127398,Multiple_Gunshots,2015-04-12,23:11:56,WashingtonDC6D,38.865,-76.951
1583,6D127399,Single_Gunshot,2015-04-12,23:16:46,WashingtonDC6D,38.868,-76.949
1584,6D127400,Single_Gunshot,2015-04-12,23:18:05,WashingtonDC6D,38.887,-76.926
1585,6D127401,Single_Gunshot,2015-04-12,23:24:10,WashingtonDC6D,38.887,-76.926
1586,6D127402,Single_Gunshot,2015-04-12,23:36:59,WashingtonDC6D,38.884,-76.955
1587,6D127403,Single_Gunshot,2015-04-12,23:38:50,WashingtonDC6D,38.884,-76.955
1588,7D161025,Multiple_Gunshots,2015-04-13,00:01:39,WashingtonDC7D,38.837,-76.988
1589,6D127404,Single_Gunshot,2015-04-13,00:30:01,WashingtonDC6D,38.89,-76.966
1590,1D66245,Single_Gunshot,2015-04-13,00:30:01,WashingtonDC1D,38.89,-76.966
1591,7D161026,Single_Gunshot,2015-04-13,00:50:30,WashingtonDC7D,38.849,-76.981
1592,6D127405,Single_Gunshot,2015-04-13,00:52:13,WashingtonDC6D,38.882,-76.933
1593,6D127407,Multiple_Gunshots,2015-04-13,01:50:11,WashingtonDC6D,38.867,-76.969
1594,5D48653,Multiple_Gunshots,2015-04-13,02:22:10,WashingtonDC5D,38.92,-77.006
1595,7D161027,Single_Gunshot,2015-04-13,02:51:35,WashingtonDC7D,38.831,-77.002
1596,6D127408,Single_Gunshot,2015-04-13,04:25:18,WashingtonDC6D,38.896,-76.929
1597,6D127423,Multiple_Gunshots,2015-04-13,14:07:49,WashingtonDC6D,38.887,-76.953
1598,4D43329,Multiple_Gunshots,2015-04-13,21:09:47,WashingtonDC4D,38.949,-77.019
1599,6D127453,Single_Gunshot,2015-04-13,23:36:40,WashingtonDC6D,38.867,-76.953
1600,7D161036,Single_Gunshot,2015-04-13,23:43:28,WashingtonDC7D,38.828,-77.0
1601,7D161037,Multiple_Gunshots,2015-04-14,00:01:11,WashingtonDC7D,38.826,-76.998
1602,6D127457,Single_Gunshot,2015-04-14,00:42:54,WashingtonDC6D,38.897,-76.921
1603,7D161039,Multiple_Gunshots,2015-04-14,00:55:42,WashingtonDC7D,38.829,-77.001
1604,7D161040,Single_Gunshot,2015-04-14,00:55:47,WashingtonDC7D,38.828,-77.001
1605,7D161041,Multiple_Gunshots,2015-04-14,00:55:49,WashingtonDC7D,38.828,-77.001
1606,7D161042,Multiple_Gunshots,2015-04-14,00:55:54,WashingtonDC7D,38.842,-76.98
1607,5D48662,Single_Gunshot,2015-04-14,01:09:54,WashingtonDC5D,38.912,-76.997
1608,7D161044,Gunshot_or_Firecracker,2015-04-14,05:43:11,WashingtonDC7D,38.832,-77.003
1609,7D161047,Single_Gunshot,2015-04-14,23:25:36,WashingtonDC7D,38.838,-76.992
1610,7D161048,Single_Gunshot,2015-04-15,00:12:13,WashingtonDC7D,38.854,-76.973
1611,7D161049,Gunshot_or_Firecracker,2015-04-15,00:12:31,WashingtonDC7D,38.854,-76.973
1612,7D161050,Single_Gunshot,2015-04-15,00:12:39,WashingtonDC7D,38.854,-76.973
1613,6D127476,Multiple_Gunshots,2015-04-15,00:19:24,WashingtonDC6D,38.892,-76.912
1614,6D127478,Single_Gunshot,2015-04-15,02:17:37,WashingtonDC6D,38.897,-76.921
1615,4D43342,Multiple_Gunshots,2015-04-15,11:55:18,WashingtonDC4D,38.943,-77.025
1616,4D43343,Single_Gunshot,2015-04-15,11:55:30,WashingtonDC4D,38.943,-77.024
1617,4D43344,Single_Gunshot,2015-04-15,11:56:31,WashingtonDC4D,38.946,-77.021
1618,5D48669,Single_Gunshot,2015-04-15,12:56:22,WashingtonDC5D,38.905,-76.985
1619,1D66279,Single_Gunshot,2015-04-15,12:56:23,WashingtonDC1D,38.904,-76.987
1620,4D43350,Multiple_Gunshots,2015-04-15,15:41:22,WashingtonDC4D,38.947,-77.022
1621,7D161069,Multiple_Gunshots,2015-04-15,16:00:29,WashingtonDC7D,38.85,-76.985
1622,7D161105,Multiple_Gunshots,2015-04-15,19:45:02,WashingtonDC7D,38.858,-76.998
1623,1D66288,Single_Gunshot,2015-04-15,20:09:35,WashingtonDC1D,38.901,-76.986
1624,1D66289,Multiple_Gunshots,2015-04-15,20:55:37,WashingtonDC1D,38.897,-76.983
1625,6D127510,Multiple_Gunshots,2015-04-15,22:01:43,WashingtonDC6D,38.884,-76.922
1626,7D161116,Single_Gunshot,2015-04-15,22:51:48,WashingtonDC7D,38.832,-77.001
1627,7D161117,Single_Gunshot,2015-04-15,23:04:23,WashingtonDC7D,38.834,-76.994
1628,7D161118,Multiple_Gunshots,2015-04-15,23:05:41,WashingtonDC7D,38.841,-76.976
1629,7D161119,Multiple_Gunshots,2015-04-15,23:22:37,WashingtonDC7D,38.843,-76.986
1630,5D48678,Single_Gunshot,2015-04-15,23:46:10,WashingtonDC5D,38.91,-76.984
1631,5D48681,Single_Gunshot,2015-04-16,00:09:03,WashingtonDC5D,38.91,-76.987
1632,7D161121,Multiple_Gunshots,2015-04-16,00:34:53,WashingtonDC7D,38.833,-76.998
1633,7D161122,Single_Gunshot,2015-04-16,01:47:00,WashingtonDC7D,38.822,-76.994
1634,6D127520,Single_Gunshot,2015-04-16,01:50:46,WashingtonDC6D,38.88,-76.932
1635,1D66290,Single_Gunshot,2015-04-16,02:20:43,WashingtonDC1D,38.903,-76.975
1636,5D48682,Single_Gunshot,2015-04-16,02:23:37,WashingtonDC5D,38.902,-76.975
1637,1D66291,Single_Gunshot,2015-04-16,02:23:37,WashingtonDC1D,38.902,-76.976
1638,1D66292,Multiple_Gunshots,2015-04-16,02:24:00,WashingtonDC1D,38.902,-76.975
1639,5D48683,Multiple_Gunshots,2015-04-16,02:24:01,WashingtonDC5D,38.902,-76.975
1640,6D127522,Single_Gunshot,2015-04-16,05:33:32,WashingtonDC6D,38.89,-76.913
1641,6D127531,Multiple_Gunshots,2015-04-16,11:06:53,WashingtonDC6D,38.871,-76.928
1642,6D127533,Multiple_Gunshots,2015-04-16,11:07:09,WashingtonDC6D,38.871,-76.928
1643,6D127541,Multiple_Gunshots,2015-04-16,14:47:16,WashingtonDC6D,38.889,-76.949
1644,6D127580,Multiple_Gunshots,2015-04-16,20:09:25,WashingtonDC6D,38.88,-76.936
1645,5D48721,Single_Gunshot,2015-04-16,21:47:21,WashingtonDC5D,38.903,-76.989
1646,6D127584,Single_Gunshot,2015-04-16,23:53:10,WashingtonDC6D,38.883,-76.931
1647,6D127585,Single_Gunshot,2015-04-17,00:03:51,WashingtonDC6D,38.883,-76.963
1648,6D127589,Single_Gunshot,2015-04-17,02:36:11,WashingtonDC6D,38.891,-76.944
1649,6D127590,Single_Gunshot,2015-04-17,02:41:53,WashingtonDC6D,38.891,-76.945
1650,6D127592,Multiple_Gunshots,2015-04-17,04:22:32,WashingtonDC6D,38.891,-76.917
1651,7D161173,Multiple_Gunshots,2015-04-17,18:00:09,WashingtonDC7D,38.838,-77.005
1652,5D48730,Multiple_Gunshots,2015-04-17,21:01:21,WashingtonDC5D,38.925,-76.995
1653,4D43366,Single_Gunshot,2015-04-17,23:41:04,WashingtonDC4D,38.955,-77.019
1654,6D127612,Single_Gunshot,2015-04-18,00:03:55,WashingtonDC6D,38.887,-76.936
1655,3D49245,Single_Gunshot,2015-04-18,00:06:01,WashingtonDC3D,38.915,-77.021
1656,5D48734,Single_Gunshot,2015-04-18,00:06:02,WashingtonDC5D,38.915,-77.021
1657,7D161179,Single_Gunshot,2015-04-18,00:27:07,WashingtonDC7D,38.841,-76.994
1658,7D161180,Single_Gunshot,2015-04-18,01:22:17,WashingtonDC7D,38.849,-76.982
1659,7D161181,Multiple_Gunshots,2015-04-18,01:52:01,WashingtonDC7D,38.847,-77.003
1660,3D49247,Gunshot_or_Firecracker,2015-04-18,01:53:43,WashingtonDC3D,38.933,-77.021
1661,7D161182,Single_Gunshot,2015-04-18,02:38:09,WashingtonDC7D,38.86,-76.99
1662,6D127616,Single_Gunshot,2015-04-18,02:39:09,WashingtonDC6D,38.916,-76.932
1663,6D127617,Single_Gunshot,2015-04-18,02:39:32,WashingtonDC6D,38.909,-76.938
1664,5D48736,Multiple_Gunshots,2015-04-18,02:45:55,WashingtonDC5D,38.923,-76.987
1665,5D48737,Multiple_Gunshots,2015-04-18,02:46:01,WashingtonDC5D,38.92,-76.988
1666,3D49248,Single_Gunshot,2015-04-18,02:48:23,WashingtonDC3D,38.914,-77.028
1667,6D127618,Single_Gunshot,2015-04-18,02:52:32,WashingtonDC6D,38.882,-76.963
1668,7D161183,Multiple_Gunshots,2015-04-18,03:14:39,WashingtonDC7D,38.859,-76.997
1669,7D161184,Single_Gunshot,2015-04-18,03:14:49,WashingtonDC7D,38.858,-76.997
1670,7D161185,Multiple_Gunshots,2015-04-18,03:14:57,WashingtonDC7D,38.858,-76.997
1671,1D66347,Gunshot_or_Firecracker,2015-04-18,03:51:53,WashingtonDC1D,38.902,-76.975
1672,5D48738,Single_Gunshot,2015-04-18,04:32:01,WashingtonDC5D,38.915,-76.981
1673,4D43367,Multiple_Gunshots,2015-04-18,04:40:14,WashingtonDC4D,38.949,-77.016
1674,6D127619,Single_Gunshot,2015-04-18,04:52:16,WashingtonDC6D,38.898,-76.949
1675,6D127620,Multiple_Gunshots,2015-04-18,04:59:20,WashingtonDC6D,38.902,-76.929
1676,7D161187,Single_Gunshot,2015-04-18,05:09:09,WashingtonDC7D,38.857,-76.973
1677,7D161188,Multiple_Gunshots,2015-04-18,05:32:21,WashingtonDC7D,38.853,-76.972
1678,7D161189,Multiple_Gunshots,2015-04-18,05:32:22,WashingtonDC7D,38.854,-76.973
1679,1D66357,Multiple_Gunshots,2015-04-18,08:00:26,WashingtonDC1D,38.877,-77.02
1680,7D161205,Multiple_Gunshots,2015-04-18,11:15:50,WashingtonDC7D,38.827,-77.0
1681,6D127624,Multiple_Gunshots,2015-04-18,11:47:00,WashingtonDC6D,38.894,-76.933
1682,7D161207,Multiple_Gunshots,2015-04-18,13:07:48,WashingtonDC7D,38.831,-77.0
1683,7D161208,Multiple_Gunshots,2015-04-18,13:07:59,WashingtonDC7D,38.831,-77.0
1684,5D48749,Gunshot_or_Firecracker,2015-04-18,21:24:02,WashingtonDC5D,38.913,-76.986
1685,3D49256,Single_Gunshot,2015-04-18,22:14:16,WashingtonDC3D,38.925,-77.041
1686,4D43381,Single_Gunshot,2015-04-18,22:16:52,WashingtonDC4D,38.956,-77.027
1687,4D43383,Multiple_Gunshots,2015-04-18,22:17:04,WashingtonDC4D,38.955,-77.027
1688,4D43385,Single_Gunshot,2015-04-18,22:58:46,WashingtonDC4D,38.954,-77.016
1689,4D43386,Single_Gunshot,2015-04-18,23:00:28,WashingtonDC4D,38.954,-77.016
1690,6D127645,Single_Gunshot,2015-04-18,23:08:11,WashingtonDC6D,38.894,-76.93
1691,5D48750,Single_Gunshot,2015-04-18,23:24:18,WashingtonDC5D,38.928,-76.964
1692,7D161225,Multiple_Gunshots,2015-04-18,23:52:56,WashingtonDC7D,38.853,-76.975
1693,4D43388,Single_Gunshot,2015-04-19,00:41:31,WashingtonDC4D,38.941,-77.018
1694,6D127646,Single_Gunshot,2015-04-19,00:54:45,WashingtonDC6D,38.89,-76.951
1695,6D127647,Single_Gunshot,2015-04-19,01:23:23,WashingtonDC6D,38.863,-76.943
1696,7D161226,Single_Gunshot,2015-04-19,01:26:12,WashingtonDC7D,38.839,-76.989
1697,7D161227,Single_Gunshot,2015-04-19,01:29:29,WashingtonDC7D,38.839,-76.991
1698,7D161228,Single_Gunshot,2015-04-19,02:02:20,WashingtonDC7D,38.857,-76.986
1699,7D161229,Multiple_Gunshots,2015-04-19,02:20:30,WashingtonDC7D,38.825,-77.009
1700,7D161230,Single_Gunshot,2015-04-19,02:24:04,WashingtonDC7D,38.845,-76.973
1701,7D161231,Multiple_Gunshots,2015-04-19,02:26:08,WashingtonDC7D,38.847,-76.971
1702,7D161232,Single_Gunshot,2015-04-19,02:40:04,WashingtonDC7D,38.827,-76.999
1703,7D161233,Single_Gunshot,2015-04-19,02:40:19,WashingtonDC7D,38.827,-76.999
1704,7D161234,Multiple_Gunshots,2015-04-19,02:40:48,WashingtonDC7D,38.827,-76.999
1705,3D49258,Single_Gunshot,2015-04-19,03:08:19,WashingtonDC3D,38.925,-77.041
1706,6D127651,Multiple_Gunshots,2015-04-19,04:44:25,WashingtonDC6D,38.918,-76.931
1707,6D127652,Multiple_Gunshots,2015-04-19,04:51:05,WashingtonDC6D,38.885,-76.938
1708,6D127653,Multiple_Gunshots,2015-04-19,05:10:10,WashingtonDC6D,38.896,-76.939
1709,7D161235,Multiple_Gunshots,2015-04-19,05:58:23,WashingtonDC7D,38.86,-76.997
1710,7D161236,Single_Gunshot,2015-04-19,12:54:17,WashingtonDC7D,38.845,-76.972
1711,7D161237,Multiple_Gunshots,2015-04-19,12:54:25,WashingtonDC7D,38.846,-76.973
1712,6D127660,Gunshot_or_Firecracker,2015-04-19,16:26:20,WashingtonDC6D,38.899,-76.919
1713,6D127662,Multiple_Gunshots,2015-04-19,16:55:25,WashingtonDC6D,38.896,-76.92
1714,7D161239,Multiple_Gunshots,2015-04-19,21:41:12,WashingtonDC7D,38.837,-77.003
1715,7D161240,Multiple_Gunshots,2015-04-19,21:41:18,WashingtonDC7D,38.839,-77.003
1716,7D161241,Multiple_Gunshots,2015-04-20,09:40:59,WashingtonDC7D,38.831,-77.004
1717,7D161244,Multiple_Gunshots,2015-04-20,11:07:22,WashingtonDC7D,38.872,-76.995
1718,7D161246,Multiple_Gunshots,2015-04-20,11:07:47,WashingtonDC7D,38.872,-76.995
1719,7D161247,Multiple_Gunshots,2015-04-20,11:08:07,WashingtonDC7D,38.872,-76.995
1720,7D161248,Multiple_Gunshots,2015-04-20,11:08:22,WashingtonDC7D,38.872,-76.995
1721,7D161250,Multiple_Gunshots,2015-04-20,12:43:56,WashingtonDC7D,38.845,-76.971
1722,7D161255,Single_Gunshot,2015-04-20,19:00:29,WashingtonDC7D,38.859,-76.994
1723,7D161256,Single_Gunshot,2015-04-20,19:01:20,WashingtonDC7D,38.859,-76.994
1724,4D43399,Multiple_Gunshots,2015-04-20,20:42:48,WashingtonDC4D,38.956,-77.025
1725,7D161258,Multiple_Gunshots,2015-04-20,22:09:14,WashingtonDC7D,38.821,-76.992
1726,7D161259,Single_Gunshot,2015-04-20,22:55:39,WashingtonDC7D,38.849,-76.972
1727,7D161260,Single_Gunshot,2015-04-20,22:55:58,WashingtonDC7D,38.849,-76.972
1728,6D127690,Single_Gunshot,2015-04-20,23:28:38,WashingtonDC6D,38.895,-76.933
1729,5D48762,Single_Gunshot,2015-04-21,01:49:58,WashingtonDC5D,38.921,-76.983
1730,7D161276,Multiple_Gunshots,2015-04-21,15:00:35,WashingtonDC7D,38.831,-77.001
1731,5D48782,Gunshot_or_Firecracker,2015-04-21,20:44:11,WashingtonDC5D,38.913,-76.986
1732,6D127704,Multiple_Gunshots,2015-04-21,21:40:15,WashingtonDC6D,38.881,-76.937
1733,1D66458,Multiple_Gunshots,2015-04-21,21:59:49,WashingtonDC1D,38.896,-76.98
1734,7D161284,Multiple_Gunshots,2015-04-21,22:19:03,WashingtonDC7D,38.853,-76.966
1735,7D161285,Single_Gunshot,2015-04-21,22:51:56,WashingtonDC7D,38.834,-76.982
1736,6D127706,Multiple_Gunshots,2015-04-21,23:06:36,WashingtonDC6D,38.89,-76.955
1737,6D127707,Single_Gunshot,2015-04-21,23:34:39,WashingtonDC6D,38.884,-76.959
1738,6D127708,Single_Gunshot,2015-04-21,23:44:31,WashingtonDC6D,38.876,-76.931
1739,7D161297,Single_Gunshot,2015-04-22,23:51:56,WashingtonDC7D,38.844,-76.98
1740,7D161298,Multiple_Gunshots,2015-04-23,00:03:19,WashingtonDC7D,38.837,-77.008
1741,6D127718,Single_Gunshot,2015-04-23,00:11:04,WashingtonDC6D,38.89,-76.964
1742,6D127719,Multiple_Gunshots,2015-04-23,00:39:59,WashingtonDC6D,38.875,-76.934
1743,6D127721,Multiple_Gunshots,2015-04-23,02:08:12,WashingtonDC6D,38.883,-76.948
1744,7D161317,Multiple_Gunshots,2015-04-23,10:46:12,WashingtonDC7D,38.852,-76.977
1745,7D161318,Multiple_Gunshots,2015-04-23,15:52:06,WashingtonDC7D,38.855,-76.97
1746,6D127744,Multiple_Gunshots,2015-04-23,19:54:42,WashingtonDC6D,38.911,-76.935
1747,1D66520,Multiple_Gunshots,2015-04-24,15:07:21,WashingtonDC1D,38.879,-77.016
1748,1D66521,Multiple_Gunshots,2015-04-24,15:07:42,WashingtonDC1D,38.879,-77.015
1749,6D127798,Multiple_Gunshots,2015-04-24,21:49:44,WashingtonDC6D,38.887,-76.952
1750,5D48822,Multiple_Gunshots,2015-04-24,22:05:34,WashingtonDC5D,38.911,-76.985
1751,3D49277,Gunshot_or_Firecracker,2015-04-24,22:47:20,WashingtonDC3D,38.908,-77.019
1752,6D127802,Single_Gunshot,2015-04-24,22:55:47,WashingtonDC6D,38.889,-76.957
1753,1D66525,Gunshot_or_Firecracker,2015-04-24,23:13:04,WashingtonDC1D,38.896,-76.992
1754,7D161331,Single_Gunshot,2015-04-24,23:25:29,WashingtonDC7D,38.826,-77.002
1755,6D127803,Multiple_Gunshots,2015-04-24,23:54:34,WashingtonDC6D,38.907,-76.946
1756,5D48823,Multiple_Gunshots,2015-04-25,00:19:53,WashingtonDC5D,38.898,-76.979
1757,1D66527,Multiple_Gunshots,2015-04-25,00:19:53,WashingtonDC1D,38.899,-76.979
1758,7D161332,Single_Gunshot,2015-04-25,01:06:46,WashingtonDC7D,38.826,-77.002
1759,7D161333,Single_Gunshot,2015-04-25,02:25:54,WashingtonDC7D,38.834,-76.992
1760,6D127804,Single_Gunshot,2015-04-25,02:40:38,WashingtonDC6D,38.893,-76.927
1761,1D66529,Single_Gunshot,2015-04-25,02:58:53,WashingtonDC1D,38.899,-76.982
1762,1D66530,Multiple_Gunshots,2015-04-25,03:03:51,WashingtonDC1D,38.883,-77.013
1763,1D66531,Multiple_Gunshots,2015-04-25,03:04:05,WashingtonDC1D,38.881,-77.011
1764,7D161335,Single_Gunshot,2015-04-25,03:05:53,WashingtonDC7D,38.864,-76.997
1765,6D127805,Single_Gunshot,2015-04-25,03:11:03,WashingtonDC6D,38.886,-76.934
1766,5D48824,Single_Gunshot,2015-04-25,03:16:12,WashingtonDC5D,38.926,-77.004
1767,7D161336,Single_Gunshot,2015-04-25,03:16:14,WashingtonDC7D,38.865,-76.989
1768,3D49279,Multiple_Gunshots,2015-04-25,03:25:23,WashingtonDC3D,38.917,-77.026
1769,3D49280,Single_Gunshot,2015-04-25,03:37:57,WashingtonDC3D,38.915,-77.019
1770,6D127806,Single_Gunshot,2015-04-25,03:58:04,WashingtonDC6D,38.899,-76.925
1771,4D43452,Multiple_Gunshots,2015-04-25,04:09:56,WashingtonDC4D,38.948,-77.024
1772,6D127807,Multiple_Gunshots,2015-04-25,04:44:44,WashingtonDC6D,38.907,-76.95
1773,6D127808,Single_Gunshot,2015-04-25,04:44:53,WashingtonDC6D,38.907,-76.95
1774,7D161339,Multiple_Gunshots,2015-04-25,18:30:50,WashingtonDC7D,38.859,-76.983
1775,4D43460,Single_Gunshot,2015-04-25,19:02:40,WashingtonDC4D,38.95,-77.025
1776,4D43461,Single_Gunshot,2015-04-25,19:02:44,WashingtonDC4D,38.95,-77.025
1777,5D48827,Multiple_Gunshots,2015-04-25,19:26:57,WashingtonDC5D,38.913,-76.986
1778,6D127828,Multiple_Gunshots,2015-04-26,02:37:08,WashingtonDC6D,38.895,-76.924
1779,6D127830,Multiple_Gunshots,2015-04-26,02:37:15,WashingtonDC6D,38.895,-76.924
1780,6D127831,Single_Gunshot,2015-04-26,02:38:57,WashingtonDC6D,38.904,-76.923
1781,6D127832,Multiple_Gunshots,2015-04-26,02:39:09,WashingtonDC6D,38.9,-76.92
1782,1D66578,Multiple_Gunshots,2015-04-26,02:58:08,WashingtonDC1D,38.876,-77.015
1783,5D48830,Single_Gunshot,2015-04-26,08:12:52,WashingtonDC5D,38.912,-76.998
1784,7D161343,Single_Gunshot,2015-04-26,12:10:10,WashingtonDC7D,38.844,-76.984
1785,7D161344,Single_Gunshot,2015-04-26,13:04:36,WashingtonDC7D,38.857,-76.974
1786,4D43467,Multiple_Gunshots,2015-04-26,16:55:09,WashingtonDC4D,38.955,-77.028
1787,7D161350,Single_Gunshot,2015-04-26,19:23:42,WashingtonDC7D,38.864,-76.992
1788,7D161351,Single_Gunshot,2015-04-26,19:37:33,WashingtonDC7D,38.827,-77.004
1789,6D127847,Single_Gunshot,2015-04-26,22:01:04,WashingtonDC6D,38.884,-76.961
1790,7D161353,Single_Gunshot,2015-04-26,22:09:59,WashingtonDC7D,38.851,-76.976
1791,6D127849,Multiple_Gunshots,2015-04-26,23:01:21,WashingtonDC6D,38.881,-76.934
1792,4D43469,Multiple_Gunshots,2015-04-26,23:11:08,WashingtonDC4D,38.949,-77.023
1793,4D43470,Single_Gunshot,2015-04-26,23:11:12,WashingtonDC4D,38.95,-77.024
1794,3D49284,Multiple_Gunshots,2015-04-26,23:30:58,WashingtonDC3D,38.91,-77.021
1795,7D161354,Single_Gunshot,2015-04-27,00:00:47,WashingtonDC7D,38.825,-77.002
1796,7D161356,Single_Gunshot,2015-04-27,00:40:59,WashingtonDC7D,38.86,-76.999
1797,4D43471,Gunshot_or_Firecracker,2015-04-27,00:43:22,WashingtonDC4D,38.95,-77.016
1798,6D127852,Multiple_Gunshots,2015-04-27,03:10:37,WashingtonDC6D,38.887,-76.93
1799,7D161360,Single_Gunshot,2015-04-27,11:38:21,WashingtonDC7D,38.832,-77.007
1800,7D161365,Single_Gunshot,2015-04-27,18:31:23,WashingtonDC7D,38.84,-76.994
1801,6D127858,Single_Gunshot,2015-04-27,20:13:18,WashingtonDC6D,38.888,-76.948
1802,7D161371,Multiple_Gunshots,2015-04-27,22:51:41,WashingtonDC7D,38.828,-77.014
1803,7D161372,Single_Gunshot,2015-04-28,00:16:05,WashingtonDC7D,38.847,-76.979
1804,5D48855,Multiple_Gunshots,2015-04-28,05:42:20,WashingtonDC5D,38.935,-76.973
1805,7D161373,Multiple_Gunshots,2015-04-28,18:43:29,WashingtonDC7D,38.86,-76.99
1806,7D161378,Multiple_Gunshots,2015-04-28,20:16:44,WashingtonDC7D,38.844,-76.98
1807,5D48859,Multiple_Gunshots,2015-04-28,20:48:45,WashingtonDC5D,38.905,-76.985
1808,5D48862,Gunshot_or_Firecracker,2015-04-28,21:20:28,WashingtonDC5D,38.923,-76.988
1809,7D161380,Gunshot_or_Firecracker,2015-04-28,22:22:46,WashingtonDC7D,38.828,-77.0
1810,7D161381,Multiple_Gunshots,2015-04-28,22:27:39,WashingtonDC7D,38.847,-76.972
1811,6D127885,Multiple_Gunshots,2015-04-28,23:32:38,WashingtonDC6D,38.868,-76.978
1812,7D161382,Multiple_Gunshots,2015-04-28,23:32:42,WashingtonDC7D,38.869,-76.98
1813,7D161385,Single_Gunshot,2015-04-29,00:25:08,WashingtonDC7D,38.825,-77.006
1814,7D161386,Single_Gunshot,2015-04-29,00:40:14,WashingtonDC7D,38.84,-76.986
1815,6D127902,Single_Gunshot,2015-04-29,05:50:53,WashingtonDC6D,38.884,-76.957
1816,6D127965,Multiple_Gunshots,2015-04-29,21:08:19,WashingtonDC6D,38.884,-76.955
1817,7D161407,Multiple_Gunshots,2015-04-29,21:42:57,WashingtonDC7D,38.86,-76.998
1818,6D127966,Multiple_Gunshots,2015-04-29,22:05:18,WashingtonDC6D,38.894,-76.924
1819,7D161413,Single_Gunshot,2015-04-29,22:54:25,WashingtonDC7D,38.825,-77.005
1820,7D161414,Multiple_Gunshots,2015-04-29,22:55:12,WashingtonDC7D,38.826,-77.005
1821,6D127974,Single_Gunshot,2015-04-29,23:10:31,WashingtonDC6D,38.885,-76.957
1822,7D161418,Multiple_Gunshots,2015-04-29,23:28:37,WashingtonDC7D,38.846,-76.972
1823,6D127975,Multiple_Gunshots,2015-04-29,23:28:44,WashingtonDC6D,38.868,-76.986
1824,7D161421,Multiple_Gunshots,2015-04-30,00:48:39,WashingtonDC7D,38.843,-76.988
1825,7D161422,Multiple_Gunshots,2015-04-30,00:48:47,WashingtonDC7D,38.843,-76.988
1826,7D161423,Single_Gunshot,2015-04-30,02:13:18,WashingtonDC7D,38.856,-76.97
1827,6D127976,Single_Gunshot,2015-04-30,03:02:54,WashingtonDC6D,38.905,-76.949
1828,6D127977,Single_Gunshot,2015-04-30,04:30:43,WashingtonDC6D,38.901,-76.952
1829,7D161426,Multiple_Gunshots,2015-04-30,10:25:13,WashingtonDC7D,38.828,-77.006
1830,7D161430,Multiple_Gunshots,2015-04-30,17:16:52,WashingtonDC7D,38.856,-76.97
1831,7D161434,Multiple_Gunshots,2015-04-30,19:05:27,WashingtonDC7D,38.827,-76.998
1832,7D161435,Single_Gunshot,2015-04-30,19:08:31,WashingtonDC7D,38.827,-76.998
1833,7D161437,Multiple_Gunshots,2015-04-30,21:09:28,WashingtonDC7D,38.843,-76.994
1834,6D127998,Single_Gunshot,2015-04-30,22:35:48,WashingtonDC6D,38.895,-76.921
1835,7D161460,Multiple_Gunshots,2015-04-30,23:14:47,WashingtonDC7D,38.842,-76.993
1836,7D161461,Single_Gunshot,2015-04-30,23:16:32,WashingtonDC7D,38.852,-76.979
1837,6D128003,Single_Gunshot,2015-04-30,23:29:56,WashingtonDC6D,38.886,-76.958
1838,3D49304,Single_Gunshot,2015-04-30,23:56:45,WashingtonDC3D,38.915,-77.021
1839,5D48879,Gunshot_or_Firecracker,2015-05-01,00:28:46,WashingtonDC5D,38.922,-76.985
1840,3D49306,Multiple_Gunshots,2015-05-01,00:52:25,WashingtonDC3D,38.927,-77.031
1841,6D128005,Multiple_Gunshots,2015-05-01,00:53:23,WashingtonDC6D,38.881,-76.939
1842,7D161467,Single_Gunshot,2015-05-01,02:24:00,WashingtonDC7D,38.873,-76.991
1843,7D161468,Single_Gunshot,2015-05-01,04:24:53,WashingtonDC7D,38.834,-76.996
1844,4D43505,Multiple_Gunshots,2015-05-01,19:10:18,WashingtonDC4D,38.959,-77.027
1845,7D161471,Multiple_Gunshots,2015-05-01,21:16:50,WashingtonDC7D,38.827,-77.0
1846,4D43514,Multiple_Gunshots,2015-05-01,21:32:23,WashingtonDC4D,38.934,-77.003
1847,4D43520,Multiple_Gunshots,2015-05-01,21:34:04,WashingtonDC4D,38.934,-77.003
1848,5D48948,Multiple_Gunshots,2015-05-01,21:38:08,WashingtonDC5D,38.934,-77.003
1849,4D43537,Multiple_Gunshots,2015-05-01,21:38:21,WashingtonDC4D,38.934,-77.003
1850,4D43540,Multiple_Gunshots,2015-05-01,21:38:48,WashingtonDC4D,38.934,-77.003
1851,5D48950,Gunshot_or_Firecracker,2015-05-01,21:38:49,WashingtonDC5D,38.934,-77.003
1852,4D43541,Gunshot_or_Firecracker,2015-05-01,21:38:54,WashingtonDC4D,38.934,-77.003
1853,4D43542,Multiple_Gunshots,2015-05-01,21:39:11,WashingtonDC4D,38.934,-77.003
1854,5D48953,Multiple_Gunshots,2015-05-01,21:39:17,WashingtonDC5D,38.934,-77.003
1855,4D43544,Multiple_Gunshots,2015-05-01,21:39:28,WashingtonDC4D,38.934,-77.003
1856,4D43545,Multiple_Gunshots,2015-05-01,21:39:47,WashingtonDC4D,38.934,-77.003
1857,4D43546,Multiple_Gunshots,2015-05-01,21:40:08,WashingtonDC4D,38.934,-77.003
1858,7D161502,Gunshot_or_Firecracker,2015-05-01,22:57:45,WashingtonDC7D,38.843,-76.987
1859,1D66726,Single_Gunshot,2015-05-01,23:14:47,WashingtonDC1D,38.877,-77.01
1860,7D161503,Single_Gunshot,2015-05-02,00:27:22,WashingtonDC7D,38.826,-77.002
1861,7D161504,Multiple_Gunshots,2015-05-02,00:33:27,WashingtonDC7D,38.854,-76.99
1862,5D48960,Single_Gunshot,2015-05-02,01:04:09,WashingtonDC5D,38.901,-76.973
1863,1D66727,Single_Gunshot,2015-05-02,01:04:10,WashingtonDC1D,38.901,-76.972
1864,7D161505,Single_Gunshot,2015-05-02,01:19:12,WashingtonDC7D,38.854,-76.973
1865,7D161506,Single_Gunshot,2015-05-02,01:19:40,WashingtonDC7D,38.854,-76.973
1866,6D128015,Single_Gunshot,2015-05-02,02:21:35,WashingtonDC6D,38.896,-76.926
1867,6D128016,Single_Gunshot,2015-05-02,02:21:48,WashingtonDC6D,38.896,-76.926
1868,6D128017,Single_Gunshot,2015-05-02,02:22:24,WashingtonDC6D,38.896,-76.926
1869,4D43548,Single_Gunshot,2015-05-02,02:25:40,WashingtonDC4D,38.945,-77.024
1870,6D128019,Single_Gunshot,2015-05-02,02:34:06,WashingtonDC6D,38.896,-76.926
1871,6D128020,Single_Gunshot,2015-05-02,02:37:57,WashingtonDC6D,38.896,-76.926
1872,6D128021,Single_Gunshot,2015-05-02,02:38:17,WashingtonDC6D,38.896,-76.926
1873,3D49310,Multiple_Gunshots,2015-05-02,03:07:35,WashingtonDC3D,38.921,-77.028
1874,4D43549,Multiple_Gunshots,2015-05-02,03:07:41,WashingtonDC4D,38.926,-77.027
1875,3D49311,Gunshot_or_Firecracker,2015-05-02,03:11:19,WashingtonDC3D,38.925,-77.041
1876,6D128022,Single_Gunshot,2015-05-02,03:22:26,WashingtonDC6D,38.882,-76.964
1877,6D128023,Single_Gunshot,2015-05-02,03:45:53,WashingtonDC6D,38.885,-76.96
1878,1D66729,Single_Gunshot,2015-05-02,04:00:50,WashingtonDC1D,38.878,-76.985
1879,6D128028,Single_Gunshot,2015-05-02,08:46:28,WashingtonDC6D,38.895,-76.928
1880,7D161509,Single_Gunshot,2015-05-02,12:02:11,WashingtonDC7D,38.832,-76.992
1881,1D66745,Single_Gunshot,2015-05-02,19:09:32,WashingtonDC1D,38.9,-76.986
1882,7D161523,Single_Gunshot,2015-05-02,20:23:23,WashingtonDC7D,38.834,-77.002
1883,7D161530,Multiple_Gunshots,2015-05-02,23:12:22,WashingtonDC7D,38.858,-76.972
1884,1D66748,Gunshot_or_Firecracker,2015-05-02,23:18:05,WashingtonDC1D,38.892,-76.971
1885,6D128059,Single_Gunshot,2015-05-03,01:03:53,WashingtonDC6D,38.886,-76.952
1886,5D49002,Gunshot_or_Firecracker,2015-05-03,01:10:42,WashingtonDC5D,38.901,-76.986
1887,6D128060,Single_Gunshot,2015-05-03,01:12:07,WashingtonDC6D,38.887,-76.924
1888,6D128061,Single_Gunshot,2015-05-03,01:12:53,WashingtonDC6D,38.885,-76.924
1889,3D49316,Single_Gunshot,2015-05-03,01:34:00,WashingtonDC3D,38.933,-77.048
1890,7D161531,Multiple_Gunshots,2015-05-03,01:41:15,WashingtonDC7D,38.848,-76.978
1891,3D49319,Single_Gunshot,2015-05-03,01:42:13,WashingtonDC3D,38.932,-77.044
1892,4D43550,Single_Gunshot,2015-05-03,01:42:14,WashingtonDC4D,38.938,-77.039
1893,4D43551,Single_Gunshot,2015-05-03,01:42:48,WashingtonDC4D,38.936,-77.042
1894,3D49321,Multiple_Gunshots,2015-05-03,01:49:49,WashingtonDC3D,38.92,-77.018
1895,6D128063,Single_Gunshot,2015-05-03,02:22:25,WashingtonDC6D,38.893,-76.929
1896,6D128064,Single_Gunshot,2015-05-03,02:22:32,WashingtonDC6D,38.893,-76.929
1897,7D161532,Multiple_Gunshots,2015-05-03,03:07:55,WashingtonDC7D,38.824,-77.008
1898,6D128065,Multiple_Gunshots,2015-05-03,04:16:18,WashingtonDC6D,38.905,-76.945
1899,7D161536,Multiple_Gunshots,2015-05-03,13:21:43,WashingtonDC7D,38.832,-77.008
1900,1D66749,Multiple_Gunshots,2015-05-03,13:47:51,WashingtonDC1D,38.876,-77.01
1901,7D161554,Multiple_Gunshots,2015-05-03,21:22:50,WashingtonDC7D,38.828,-77.006
1902,7D161555,Multiple_Gunshots,2015-05-03,21:46:36,WashingtonDC7D,38.826,-76.999
1903,6D128082,Gunshot_or_Firecracker,2015-05-03,21:49:11,WashingtonDC6D,38.885,-76.927
1904,5D49014,Single_Gunshot,2015-05-03,23:36:19,WashingtonDC5D,38.922,-77.001
1905,6D128083,Single_Gunshot,2015-05-04,00:22:58,WashingtonDC6D,38.886,-76.95
1906,7D161562,Multiple_Gunshots,2015-05-04,00:33:47,WashingtonDC7D,38.832,-76.992
1907,6D128084,Multiple_Gunshots,2015-05-04,01:10:23,WashingtonDC6D,38.912,-76.936
1908,6D128086,Single_Gunshot,2015-05-04,02:27:18,WashingtonDC6D,38.898,-76.938
1909,1D66751,Single_Gunshot,2015-05-04,02:50:32,WashingtonDC1D,38.878,-76.996
1910,5D49017,Multiple_Gunshots,2015-05-04,02:50:38,WashingtonDC5D,38.905,-76.987
1911,7D161564,Single_Gunshot,2015-05-04,04:55:47,WashingtonDC7D,38.845,-76.982
1912,6D128095,Multiple_Gunshots,2015-05-04,12:00:50,WashingtonDC6D,38.894,-76.923
1913,6D128099,Multiple_Gunshots,2015-05-04,15:19:28,WashingtonDC6D,38.885,-76.924
1914,6D128100,Multiple_Gunshots,2015-05-04,15:39:28,WashingtonDC6D,38.89,-76.955
1915,7D161571,Multiple_Gunshots,2015-05-04,20:15:30,WashingtonDC7D,38.851,-76.964
1916,7D161575,Single_Gunshot,2015-05-04,21:06:39,WashingtonDC7D,38.829,-76.995
1917,6D128103,Single_Gunshot,2015-05-04,21:57:31,WashingtonDC6D,38.898,-76.94
1918,6D128104,Single_Gunshot,2015-05-04,22:12:37,WashingtonDC6D,38.898,-76.939
1919,7D161576,Multiple_Gunshots,2015-05-04,22:13:27,WashingtonDC7D,38.83,-76.993
1920,7D161577,Multiple_Gunshots,2015-05-04,22:15:21,WashingtonDC7D,38.848,-76.971
1921,1D66776,Gunshot_or_Firecracker,2015-05-04,22:43:22,WashingtonDC1D,38.881,-76.985
1922,1D66777,Single_Gunshot,2015-05-04,23:12:44,WashingtonDC1D,38.878,-77.015
1923,7D161578,Multiple_Gunshots,2015-05-04,23:17:33,WashingtonDC7D,38.845,-76.98
1924,1D66778,Single_Gunshot,2015-05-04,23:23:40,WashingtonDC1D,38.878,-76.985
1925,6D128107,Single_Gunshot,2015-05-04,23:25:15,WashingtonDC6D,38.906,-76.937
1926,6D128108,Multiple_Gunshots,2015-05-04,23:32:30,WashingtonDC6D,38.907,-76.951
1927,5D49046,Single_Gunshot,2015-05-04,23:37:31,WashingtonDC5D,38.921,-76.984
1928,7D161582,Single_Gunshot,2015-05-05,01:57:53,WashingtonDC7D,38.824,-77.006
1929,1D66793,Single_Gunshot,2015-05-05,18:16:52,WashingtonDC1D,38.899,-76.983
1930,6D128118,Multiple_Gunshots,2015-05-05,20:25:31,WashingtonDC6D,38.882,-76.963
1931,4D43572,Multiple_Gunshots,2015-05-05,20:54:52,WashingtonDC4D,38.937,-77.022
1932,1D66797,Gunshot_or_Firecracker,2015-05-05,21:00:46,WashingtonDC1D,38.896,-76.975
1933,7D161583,Gunshot_or_Firecracker,2015-05-05,21:45:05,WashingtonDC7D,38.847,-76.998
1934,6D128119,Single_Gunshot,2015-05-05,21:46:48,WashingtonDC6D,38.894,-76.94
1935,7D161584,Multiple_Gunshots,2015-05-05,22:09:32,WashingtonDC7D,38.827,-77.006
1936,4D43573,Multiple_Gunshots,2015-05-05,22:09:46,WashingtonDC4D,38.956,-77.024
1937,7D161585,Multiple_Gunshots,2015-05-05,22:09:54,WashingtonDC7D,38.834,-77.003
1938,7D161586,Multiple_Gunshots,2015-05-05,23:50:50,WashingtonDC7D,38.848,-76.973
1939,6D128125,Multiple_Gunshots,2015-05-05,23:51:57,WashingtonDC6D,38.889,-76.921
1940,5D49061,Multiple_Gunshots,2015-05-06,00:28:54,WashingtonDC5D,38.899,-76.991
1941,5D49062,Gunshot_or_Firecracker,2015-05-06,00:29:06,WashingtonDC5D,38.899,-76.991
1942,1D66799,Multiple_Gunshots,2015-05-06,00:29:11,WashingtonDC1D,38.899,-76.991
1943,6D128126,Multiple_Gunshots,2015-05-06,00:36:49,WashingtonDC6D,38.882,-76.925
1944,7D161587,Multiple_Gunshots,2015-05-06,01:24:11,WashingtonDC7D,38.823,-76.993
1945,7D161590,Single_Gunshot,2015-05-06,06:01:58,WashingtonDC7D,38.83,-77.007
1946,6D128134,Multiple_Gunshots,2015-05-06,06:03:53,WashingtonDC6D,38.888,-76.921
1947,6D128135,Multiple_Gunshots,2015-05-06,06:04:02,WashingtonDC6D,38.888,-76.921
1948,7D161599,Multiple_Gunshots,2015-05-06,22:46:40,WashingtonDC7D,38.832,-76.993
1949,7D161600,Multiple_Gunshots,2015-05-06,22:46:41,WashingtonDC7D,38.832,-76.992
1950,7D161603,Multiple_Gunshots,2015-05-06,23:13:04,WashingtonDC7D,38.844,-76.972
1951,7D161604,Single_Gunshot,2015-05-07,00:41:20,WashingtonDC7D,38.854,-76.97
1952,5D49106,Single_Gunshot,2015-05-07,00:53:01,WashingtonDC5D,38.901,-76.985
1953,1D66815,Single_Gunshot,2015-05-07,00:53:02,WashingtonDC1D,38.901,-76.986
1954,6D128154,Multiple_Gunshots,2015-05-07,01:34:58,WashingtonDC6D,38.896,-76.929
1955,5D49107,Single_Gunshot,2015-05-07,02:09:07,WashingtonDC5D,38.903,-77.007
1956,5D49108,Single_Gunshot,2015-05-07,02:09:21,WashingtonDC5D,38.911,-76.985
1957,6D128155,Single_Gunshot,2015-05-07,02:30:57,WashingtonDC6D,38.877,-76.932
1958,4D43582,Single_Gunshot,2015-05-07,06:34:49,WashingtonDC4D,38.962,-77.015
1959,7D161605,Single_Gunshot,2015-05-07,11:27:10,WashingtonDC7D,38.847,-76.98
1960,6D128165,Single_Gunshot,2015-05-07,12:00:54,WashingtonDC6D,38.894,-76.924
1961,1D66826,Multiple_Gunshots,2015-05-07,15:21:29,WashingtonDC1D,38.875,-77.012
1962,7D161607,Single_Gunshot,2015-05-07,17:13:19,WashingtonDC7D,38.847,-76.975
1963,7D161632,Multiple_Gunshots,2015-05-07,20:19:35,WashingtonDC7D,38.849,-76.971
1964,1D66827,Multiple_Gunshots,2015-05-07,21:05:25,WashingtonDC1D,38.877,-77.015
1965,6D128178,Multiple_Gunshots,2015-05-07,22:46:04,WashingtonDC6D,38.879,-76.959
1966,6D128179,Multiple_Gunshots,2015-05-07,22:46:17,WashingtonDC6D,38.877,-76.954
1967,7D161647,Single_Gunshot,2015-05-07,23:07:04,WashingtonDC7D,38.861,-76.99
1968,5D49134,Gunshot_or_Firecracker,2015-05-07,23:14:07,WashingtonDC5D,38.904,-77.01
1969,3D49336,Single_Gunshot,2015-05-07,23:14:08,WashingtonDC3D,38.904,-77.01
1970,1D66828,Multiple_Gunshots,2015-05-07,23:18:27,WashingtonDC1D,38.887,-76.979
1971,6D128182,Multiple_Gunshots,2015-05-07,23:44:46,WashingtonDC6D,38.871,-76.935
1972,7D161648,Single_Gunshot,2015-05-07,23:48:58,WashingtonDC7D,38.861,-76.99
1973,6D128184,Single_Gunshot,2015-05-07,23:54:10,WashingtonDC6D,38.877,-76.918
1974,7D161651,Single_Gunshot,2015-05-08,00:06:28,WashingtonDC7D,38.861,-76.99
1975,5D49136,Single_Gunshot,2015-05-08,00:12:46,WashingtonDC5D,38.921,-76.983
1976,5D49138,Multiple_Gunshots,2015-05-08,00:15:13,WashingtonDC5D,38.921,-76.983
1977,5D49140,Gunshot_or_Firecracker,2015-05-08,00:28:17,WashingtonDC5D,38.912,-77.006
1978,1D66831,Single_Gunshot,2015-05-08,01:13:55,WashingtonDC1D,38.896,-76.979
1979,7D161652,Single_Gunshot,2015-05-08,01:57:21,WashingtonDC7D,38.828,-76.992
1980,5D49141,Multiple_Gunshots,2015-05-08,02:32:06,WashingtonDC5D,38.906,-77.009
1981,7D161653,Single_Gunshot,2015-05-08,02:35:26,WashingtonDC7D,38.821,-76.993
1982,7D161654,Single_Gunshot,2015-05-08,07:00:29,WashingtonDC7D,38.842,-76.983
1983,4D43587,Multiple_Gunshots,2015-05-08,11:44:48,WashingtonDC4D,38.953,-77.021
1984,4D43588,Multiple_Gunshots,2015-05-08,13:53:54,WashingtonDC4D,38.949,-77.025
1985,4D43589,Multiple_Gunshots,2015-05-08,13:53:59,WashingtonDC4D,38.949,-77.025
1986,7D161755,Single_Gunshot,2015-05-08,22:43:19,WashingtonDC7D,38.839,-76.99
1987,5D49154,Gunshot_or_Firecracker,2015-05-08,22:49:07,WashingtonDC5D,38.922,-76.989
1988,7D161756,Multiple_Gunshots,2015-05-08,23:00:07,WashingtonDC7D,38.838,-76.998
1989,7D161757,Multiple_Gunshots,2015-05-09,00:52:05,WashingtonDC7D,38.862,-76.994
1990,5D49156,Multiple_Gunshots,2015-05-09,02:40:04,WashingtonDC5D,38.89,-76.969
1991,1D66852,Multiple_Gunshots,2015-05-09,02:40:04,WashingtonDC1D,38.889,-76.967
1992,6D128204,Multiple_Gunshots,2015-05-09,02:40:05,WashingtonDC6D,38.89,-76.968
1993,6D128205,Multiple_Gunshots,2015-05-09,02:40:10,WashingtonDC6D,38.89,-76.967
1994,4D43593,Single_Gunshot,2015-05-09,02:55:32,WashingtonDC4D,38.932,-77.024
1995,4D43594,Single_Gunshot,2015-05-09,03:09:17,WashingtonDC4D,38.941,-77.021
1996,4D43595,Single_Gunshot,2015-05-09,03:09:28,WashingtonDC4D,38.941,-77.021
1997,4D43596,Single_Gunshot,2015-05-09,03:10:21,WashingtonDC4D,38.941,-77.019
1998,4D43597,Single_Gunshot,2015-05-09,03:10:36,WashingtonDC4D,38.941,-77.019
1999,4D43598,Multiple_Gunshots,2015-05-09,03:10:47,WashingtonDC4D,38.941,-77.018
2000,1D66853,Multiple_Gunshots,2015-05-09,03:26:51,WashingtonDC1D,38.896,-76.983
2001,1D66855,Single_Gunshot,2015-05-09,03:28:39,WashingtonDC1D,38.896,-76.983
2002,5D49159,Multiple_Gunshots,2015-05-09,03:29:06,WashingtonDC5D,38.897,-76.98
2003,7D161758,Single_Gunshot,2015-05-09,04:01:43,WashingtonDC7D,38.828,-77.006
2004,1D66862,Multiple_Gunshots,2015-05-09,12:44:37,WashingtonDC1D,38.879,-77.015
2005,1D66863,Multiple_Gunshots,2015-05-09,12:44:40,WashingtonDC1D,38.879,-77.015
2006,7D161775,Multiple_Gunshots,2015-05-09,18:14:42,WashingtonDC7D,38.843,-76.979
2007,7D161778,Gunshot_or_Firecracker,2015-05-09,19:33:37,WashingtonDC7D,38.858,-76.987
2008,7D161817,Multiple_Gunshots,2015-05-09,21:10:37,WashingtonDC7D,38.83,-77.004
2009,5D49198,Gunshot_or_Firecracker,2015-05-09,23:08:02,WashingtonDC5D,38.902,-76.986
2010,5D49199,Multiple_Gunshots,2015-05-09,23:18:52,WashingtonDC5D,38.908,-77.01
2011,5D49210,Gunshot_or_Firecracker,2015-05-10,00:39:05,WashingtonDC5D,38.901,-76.977
2012,7D161864,Single_Gunshot,2015-05-10,00:56:25,WashingtonDC7D,38.842,-76.989
2013,5D49212,Multiple_Gunshots,2015-05-10,01:42:21,WashingtonDC5D,38.915,-77.009
2014,7D161866,Single_Gunshot,2015-05-10,01:58:56,WashingtonDC7D,38.834,-76.983
2015,4D43604,Single_Gunshot,2015-05-10,02:12:00,WashingtonDC4D,38.955,-77.028
2016,6D128229,Multiple_Gunshots,2015-05-10,02:32:05,WashingtonDC6D,38.886,-76.956
2017,5D49213,Single_Gunshot,2015-05-10,02:40:07,WashingtonDC5D,38.902,-76.985
2018,1D66877,Single_Gunshot,2015-05-10,02:40:08,WashingtonDC1D,38.902,-76.985
2019,4D43605,Multiple_Gunshots,2015-05-10,04:29:18,WashingtonDC4D,38.949,-77.016
2020,6D128234,Multiple_Gunshots,2015-05-10,17:08:16,WashingtonDC6D,38.88,-76.934
2021,1D66880,Single_Gunshot,2015-05-10,19:09:23,WashingtonDC1D,38.901,-76.985
2022,7D161928,Single_Gunshot,2015-05-10,19:49:42,WashingtonDC7D,38.831,-77.004
2023,7D161929,Multiple_Gunshots,2015-05-10,19:53:00,WashingtonDC7D,38.826,-77.005
2024,7D161975,Multiple_Gunshots,2015-05-10,21:19:08,WashingtonDC7D,38.827,-76.998
2025,7D162012,Single_Gunshot,2015-05-10,22:08:04,WashingtonDC7D,38.822,-76.998
2026,5D49257,Gunshot_or_Firecracker,2015-05-10,22:09:33,WashingtonDC5D,38.902,-76.986
2027,5D49259,Single_Gunshot,2015-05-10,22:31:12,WashingtonDC5D,38.921,-76.983
2028,6D128237,Single_Gunshot,2015-05-10,22:44:19,WashingtonDC6D,38.887,-76.948
2029,6D128238,Single_Gunshot,2015-05-10,22:53:56,WashingtonDC6D,38.877,-76.921
2030,5D49260,Multiple_Gunshots,2015-05-10,23:08:07,WashingtonDC5D,38.909,-77.01
2031,6D128239,Multiple_Gunshots,2015-05-11,00:24:23,WashingtonDC6D,38.892,-76.95
2032,1D66882,Multiple_Gunshots,2015-05-11,00:37:19,WashingtonDC1D,38.897,-76.979
2033,5D49261,Multiple_Gunshots,2015-05-11,00:37:22,WashingtonDC5D,38.905,-76.988
2034,7D162018,Single_Gunshot,2015-05-11,01:09:30,WashingtonDC7D,38.817,-77.001
2035,6D128240,Single_Gunshot,2015-05-11,01:25:17,WashingtonDC6D,38.89,-76.955
2036,6D128241,Multiple_Gunshots,2015-05-11,03:02:54,WashingtonDC6D,38.88,-76.936
2037,5D49299,Gunshot_or_Firecracker,2015-05-11,21:40:37,WashingtonDC5D,38.913,-76.987
2038,5D49302,Multiple_Gunshots,2015-05-11,21:45:54,WashingtonDC5D,38.907,-77.009
2039,7D162036,Single_Gunshot,2015-05-11,22:46:35,WashingtonDC7D,38.843,-76.987
2040,7D162037,Multiple_Gunshots,2015-05-11,22:48:17,WashingtonDC7D,38.841,-76.966
2041,5D49314,Multiple_Gunshots,2015-05-11,23:02:10,WashingtonDC5D,38.917,-76.979
2042,3D49346,Multiple_Gunshots,2015-05-11,23:15:12,WashingtonDC3D,38.926,-77.026
2043,5D49315,Single_Gunshot,2015-05-11,23:34:32,WashingtonDC5D,38.904,-76.979
2044,7D162038,Single_Gunshot,2015-05-11,23:41:15,WashingtonDC7D,38.856,-76.968
2045,7D162039,Single_Gunshot,2015-05-12,00:05:28,WashingtonDC7D,38.828,-76.997
2046,7D162040,Multiple_Gunshots,2015-05-12,00:05:38,WashingtonDC7D,38.828,-76.997
2047,6D128253,Single_Gunshot,2015-05-12,00:42:34,WashingtonDC6D,38.886,-76.95
2048,4D43614,Multiple_Gunshots,2015-05-12,07:28:15,WashingtonDC4D,38.94,-77.025
2049,5D49321,Multiple_Gunshots,2015-05-12,16:31:54,WashingtonDC5D,38.903,-76.988
2050,7D162049,Multiple_Gunshots,2015-05-12,21:46:16,WashingtonDC7D,38.842,-76.997
2051,6D128267,Multiple_Gunshots,2015-05-12,22:02:26,WashingtonDC6D,38.895,-76.928
2052,7D162052,Multiple_Gunshots,2015-05-13,00:43:26,WashingtonDC7D,38.854,-76.986
2053,7D162053,Multiple_Gunshots,2015-05-13,00:55:23,WashingtonDC7D,38.837,-77.008
2054,4D43615,Multiple_Gunshots,2015-05-13,01:07:23,WashingtonDC4D,38.958,-77.028
2055,6D128268,Multiple_Gunshots,2015-05-13,02:29:33,WashingtonDC6D,38.908,-76.926
2056,7D162056,Multiple_Gunshots,2015-05-13,13:10:05,WashingtonDC7D,38.86,-76.995
2057,7D162057,Multiple_Gunshots,2015-05-13,13:10:11,WashingtonDC7D,38.859,-76.999
2058,6D128276,Multiple_Gunshots,2015-05-13,15:20:04,WashingtonDC6D,38.896,-76.921
2059,4D43620,Multiple_Gunshots,2015-05-13,20:18:04,WashingtonDC4D,38.939,-77.032
2060,7D162069,Multiple_Gunshots,2015-05-13,21:19:42,WashingtonDC7D,38.844,-76.987
2061,4D43621,Single_Gunshot,2015-05-13,21:34:29,WashingtonDC4D,38.943,-77.024
2062,3D49354,Single_Gunshot,2015-05-13,21:34:31,WashingtonDC3D,38.943,-77.024
2063,6D128278,Multiple_Gunshots,2015-05-13,22:27:36,WashingtonDC6D,38.886,-76.951
2064,7D162070,Multiple_Gunshots,2015-05-13,23:26:42,WashingtonDC7D,38.849,-76.981
2065,7D162071,Multiple_Gunshots,2015-05-14,03:41:49,WashingtonDC7D,38.859,-76.997
2066,7D162074,Multiple_Gunshots,2015-05-14,09:38:04,WashingtonDC7D,38.832,-77.007
2067,7D162075,Multiple_Gunshots,2015-05-14,09:38:07,WashingtonDC7D,38.832,-77.007
2068,6D128348,Multiple_Gunshots,2015-05-14,21:25:47,WashingtonDC6D,38.91,-76.937
2069,6D128349,Multiple_Gunshots,2015-05-14,21:46:39,WashingtonDC6D,38.884,-76.925
2070,7D162107,Multiple_Gunshots,2015-05-14,22:16:29,WashingtonDC7D,38.832,-76.991
2071,7D162108,Single_Gunshot,2015-05-15,00:15:23,WashingtonDC7D,38.827,-76.998
2072,1D66931,Single_Gunshot,2015-05-15,02:23:28,WashingtonDC1D,38.888,-76.992
2073,6D128350,Single_Gunshot,2015-05-15,02:47:54,WashingtonDC6D,38.896,-76.915
2074,4D43627,Multiple_Gunshots,2015-05-15,21:36:20,WashingtonDC4D,38.956,-77.025
2075,4D43628,Multiple_Gunshots,2015-05-15,22:08:45,WashingtonDC4D,38.942,-77.017
2076,7D162196,Multiple_Gunshots,2015-05-15,23:04:43,WashingtonDC7D,38.833,-77.007
2077,6D128382,Single_Gunshot,2015-05-15,23:36:46,WashingtonDC6D,38.885,-76.936
2078,4D43629,Single_Gunshot,2015-05-15,23:48:41,WashingtonDC4D,38.939,-77.025
2079,7D162204,Multiple_Gunshots,2015-05-15,23:53:54,WashingtonDC7D,38.822,-76.996
2080,7D162205,Multiple_Gunshots,2015-05-15,23:54:34,WashingtonDC7D,38.822,-76.992
2081,6D128387,Multiple_Gunshots,2015-05-16,00:05:46,WashingtonDC6D,38.901,-76.938
2082,6D128388,Single_Gunshot,2015-05-16,00:06:10,WashingtonDC6D,38.882,-76.958
2083,7D162206,Multiple_Gunshots,2015-05-16,00:14:35,WashingtonDC7D,38.857,-76.966
2084,6D128390,Single_Gunshot,2015-05-16,00:14:53,WashingtonDC6D,38.858,-76.965
2085,7D162210,Gunshot_or_Firecracker,2015-05-16,00:31:25,WashingtonDC7D,38.858,-76.967
2086,5D49384,Gunshot_or_Firecracker,2015-05-16,00:41:15,WashingtonDC5D,38.921,-76.982
2087,7D162211,Multiple_Gunshots,2015-05-16,01:19:55,WashingtonDC7D,38.821,-77.002
2088,6D128394,Multiple_Gunshots,2015-05-16,02:21:08,WashingtonDC6D,38.883,-76.922
2089,7D162213,Multiple_Gunshots,2015-05-16,02:38:07,WashingtonDC7D,38.84,-76.99
2090,7D162214,Single_Gunshot,2015-05-16,02:41:51,WashingtonDC7D,38.854,-76.966
2091,6D128395,Multiple_Gunshots,2015-05-16,03:06:25,WashingtonDC6D,38.884,-76.935
2092,6D128397,Single_Gunshot,2015-05-16,03:44:04,WashingtonDC6D,38.887,-76.927
2093,6D128398,Single_Gunshot,2015-05-16,04:06:31,WashingtonDC6D,38.878,-76.949
2094,4D43630,Single_Gunshot,2015-05-16,04:50:39,WashingtonDC4D,38.937,-77.019
2095,6D128399,Single_Gunshot,2015-05-16,04:54:18,WashingtonDC6D,38.89,-76.966
2096,6D128401,Single_Gunshot,2015-05-16,05:46:29,WashingtonDC6D,38.894,-76.924
2097,6D128407,Single_Gunshot,2015-05-16,07:56:32,WashingtonDC6D,38.877,-76.965
2098,7D162228,Multiple_Gunshots,2015-05-16,15:00:42,WashingtonDC7D,38.823,-77.006
2099,6D128431,Multiple_Gunshots,2015-05-16,21:25:49,WashingtonDC6D,38.874,-76.93
2100,7D162282,Single_Gunshot,2015-05-16,21:47:31,WashingtonDC7D,38.822,-77.011
2101,7D162289,Single_Gunshot,2015-05-16,22:37:38,WashingtonDC7D,38.832,-76.997
2102,1D66970,Gunshot_or_Firecracker,2015-05-16,22:48:49,WashingtonDC1D,38.878,-76.985
2103,7D162290,Multiple_Gunshots,2015-05-16,23:45:48,WashingtonDC7D,38.841,-76.966
2104,6D128433,Multiple_Gunshots,2015-05-16,23:57:36,WashingtonDC6D,38.886,-76.952
2105,7D162291,Single_Gunshot,2015-05-17,00:01:57,WashingtonDC7D,38.837,-76.992
2106,7D162292,Multiple_Gunshots,2015-05-17,00:03:38,WashingtonDC7D,38.823,-77.007
2107,7D162294,Single_Gunshot,2015-05-17,00:08:23,WashingtonDC7D,38.824,-77.008
2108,7D162295,Multiple_Gunshots,2015-05-17,00:20:43,WashingtonDC7D,38.834,-76.989
2109,6D128434,Single_Gunshot,2015-05-17,02:08:37,WashingtonDC6D,38.872,-76.934
2110,6D128435,Single_Gunshot,2015-05-17,02:10:59,WashingtonDC6D,38.872,-76.934
2111,6D128436,Single_Gunshot,2015-05-17,02:11:16,WashingtonDC6D,38.872,-76.934
2112,6D128437,Single_Gunshot,2015-05-17,02:42:26,WashingtonDC6D,38.893,-76.929
2113,7D162296,Multiple_Gunshots,2015-05-17,02:54:55,WashingtonDC7D,38.828,-77.004
2114,4D43640,Single_Gunshot,2015-05-17,02:56:07,WashingtonDC4D,38.943,-77.024
2115,3D49366,Gunshot_or_Firecracker,2015-05-17,02:56:09,WashingtonDC3D,38.944,-77.024
2116,4D43641,Multiple_Gunshots,2015-05-17,03:01:15,WashingtonDC4D,38.943,-77.024
2117,4D43642,Single_Gunshot,2015-05-17,03:01:26,WashingtonDC4D,38.943,-77.024
2118,4D43650,Single_Gunshot,2015-05-17,03:17:02,WashingtonDC4D,38.937,-77.023
2119,6D128438,Single_Gunshot,2015-05-17,03:32:49,WashingtonDC6D,38.872,-76.934
2120,6D128448,Single_Gunshot,2015-05-17,12:48:20,WashingtonDC6D,38.892,-76.94
2121,7D162359,Single_Gunshot,2015-05-17,22:11:55,WashingtonDC7D,38.828,-76.993
2122,7D162371,Multiple_Gunshots,2015-05-18,04:12:17,WashingtonDC7D,38.844,-77.001
2123,7D162381,Single_Gunshot,2015-05-18,19:40:24,WashingtonDC7D,38.842,-76.985
2124,7D162387,Single_Gunshot,2015-05-18,20:39:20,WashingtonDC7D,38.845,-76.988
2125,1D67007,Single_Gunshot,2015-05-18,22:49:38,WashingtonDC1D,38.871,-77.011
2126,6D128489,Multiple_Gunshots,2015-05-18,23:08:08,WashingtonDC6D,38.892,-76.923
2127,6D128490,Multiple_Gunshots,2015-05-18,23:08:11,WashingtonDC6D,38.892,-76.923
2128,6D128496,Single_Gunshot,2015-05-19,05:11:50,WashingtonDC6D,38.873,-76.965
2129,6D128502,Multiple_Gunshots,2015-05-19,10:36:13,WashingtonDC6D,38.88,-76.944
2130,6D128507,Single_Gunshot,2015-05-19,17:40:37,WashingtonDC6D,38.902,-76.94
2131,7D162398,Multiple_Gunshots,2015-05-19,17:49:30,WashingtonDC7D,38.857,-76.974
2132,1D67030,Multiple_Gunshots,2015-05-19,18:48:50,WashingtonDC1D,38.896,-76.982
2133,6D128530,Gunshot_or_Firecracker,2015-05-19,19:40:18,WashingtonDC6D,38.897,-76.942
2134,6D128531,Multiple_Gunshots,2015-05-19,19:43:02,WashingtonDC6D,38.897,-76.941
2135,1D67047,Single_Gunshot,2015-05-19,20:59:54,WashingtonDC1D,38.901,-76.985
2136,6D128533,Single_Gunshot,2015-05-19,21:35:30,WashingtonDC6D,38.897,-76.941
2137,5D49432,Gunshot_or_Firecracker,2015-05-19,21:37:07,WashingtonDC5D,38.923,-76.988
2138,7D162435,Multiple_Gunshots,2015-05-19,21:42:27,WashingtonDC7D,38.857,-76.971
2139,4D43688,Gunshot_or_Firecracker,2015-05-19,22:52:02,WashingtonDC4D,38.961,-77.028
2140,6D128535,Multiple_Gunshots,2015-05-19,23:33:46,WashingtonDC6D,38.902,-76.925
2141,4D43690,Gunshot_or_Firecracker,2015-05-19,23:42:59,WashingtonDC4D,38.945,-77.023
2142,4D43691,Single_Gunshot,2015-05-19,23:43:00,WashingtonDC4D,38.945,-77.023
2143,4D43692,Multiple_Gunshots,2015-05-19,23:43:04,WashingtonDC4D,38.945,-77.023
2144,3D49383,Multiple_Gunshots,2015-05-19,23:43:10,WashingtonDC3D,38.943,-77.024
2145,4D43693,Single_Gunshot,2015-05-19,23:43:20,WashingtonDC4D,38.945,-77.023
2146,4D43694,Multiple_Gunshots,2015-05-19,23:43:21,WashingtonDC4D,38.945,-77.023
2147,7D162446,Single_Gunshot,2015-05-20,00:13:36,WashingtonDC7D,38.827,-76.998
2148,7D162447,Single_Gunshot,2015-05-20,00:14:32,WashingtonDC7D,38.828,-76.998
2149,7D162448,Single_Gunshot,2015-05-20,00:15:05,WashingtonDC7D,38.828,-76.999
2150,7D162449,Multiple_Gunshots,2015-05-20,00:16:55,WashingtonDC7D,38.827,-76.998
2151,1D67051,Single_Gunshot,2015-05-20,00:40:57,WashingtonDC1D,38.901,-76.974
2152,7D162450,Single_Gunshot,2015-05-20,00:46:49,WashingtonDC7D,38.837,-76.992
2153,5D49434,Single_Gunshot,2015-05-20,00:56:27,WashingtonDC5D,38.92,-76.972
2154,5D49435,Single_Gunshot,2015-05-20,00:57:00,WashingtonDC5D,38.92,-76.972
2155,4D43696,Gunshot_or_Firecracker,2015-05-20,00:59:57,WashingtonDC4D,38.954,-77.023
2156,4D43695,Gunshot_or_Firecracker,2015-05-20,00:59:57,WashingtonDC4D,38.953,-77.024
2157,7D162451,Multiple_Gunshots,2015-05-20,01:06:15,WashingtonDC7D,38.847,-76.973
2158,7D162454,Single_Gunshot,2015-05-20,01:12:02,WashingtonDC7D,38.831,-76.997
2159,6D128536,Single_Gunshot,2015-05-20,01:12:07,WashingtonDC6D,38.904,-76.933
2160,7D162456,Single_Gunshot,2015-05-20,01:51:45,WashingtonDC7D,38.828,-76.998
2161,7D162457,Single_Gunshot,2015-05-20,02:30:36,WashingtonDC7D,38.83,-76.997
2162,7D162458,Single_Gunshot,2015-05-20,02:31:06,WashingtonDC7D,38.83,-76.997
2163,5D49436,Multiple_Gunshots,2015-05-20,06:47:24,WashingtonDC5D,38.905,-76.983
2164,1D67052,Single_Gunshot,2015-05-20,06:47:25,WashingtonDC1D,38.905,-76.983
2165,5D49437,Multiple_Gunshots,2015-05-20,06:47:33,WashingtonDC5D,38.905,-76.983
2166,1D67054,Multiple_Gunshots,2015-05-20,06:47:41,WashingtonDC1D,38.904,-76.983
2167,5D49438,Multiple_Gunshots,2015-05-20,12:13:07,WashingtonDC5D,38.907,-77.011
2168,1D67060,Multiple_Gunshots,2015-05-20,16:47:43,WashingtonDC1D,38.896,-76.984
2169,7D162485,Single_Gunshot,2015-05-20,18:54:55,WashingtonDC7D,38.848,-76.972
2170,6D128551,Gunshot_or_Firecracker,2015-05-20,20:35:12,WashingtonDC6D,38.888,-76.956
2171,1D67063,Multiple_Gunshots,2015-05-20,21:48:04,WashingtonDC1D,38.904,-76.99
2172,4D43702,Single_Gunshot,2015-05-20,21:50:41,WashingtonDC4D,38.962,-77.023
2173,7D162504,Multiple_Gunshots,2015-05-20,22:03:05,WashingtonDC7D,38.833,-76.995
2174,5D49443,Single_Gunshot,2015-05-20,23:57:12,WashingtonDC5D,38.924,-76.986
2175,7D162507,Multiple_Gunshots,2015-05-21,00:26:48,WashingtonDC7D,38.844,-76.979
2176,7D162508,Multiple_Gunshots,2015-05-21,00:59:10,WashingtonDC7D,38.828,-76.998
2177,7D162509,Multiple_Gunshots,2015-05-21,00:59:18,WashingtonDC7D,38.827,-76.998
2178,7D162510,Multiple_Gunshots,2015-05-21,00:59:23,WashingtonDC7D,38.83,-76.996
2179,7D162511,Single_Gunshot,2015-05-21,01:09:03,WashingtonDC7D,38.838,-76.989
2180,1D67065,Multiple_Gunshots,2015-05-21,01:30:34,WashingtonDC1D,38.867,-77.01
2181,6D128588,Multiple_Gunshots,2015-05-21,09:31:04,WashingtonDC6D,38.893,-76.926
2182,7D162524,Multiple_Gunshots,2015-05-21,17:05:32,WashingtonDC7D,38.833,-76.996
2183,7D162529,Single_Gunshot,2015-05-21,18:13:44,WashingtonDC7D,38.844,-76.989
2184,5D49453,Multiple_Gunshots,2015-05-21,20:55:46,WashingtonDC5D,38.905,-76.986
2185,5D49454,Single_Gunshot,2015-05-21,23:28:54,WashingtonDC5D,38.92,-76.983
2186,5D49455,Gunshot_or_Firecracker,2015-05-21,23:29:08,WashingtonDC5D,38.92,-76.984
2187,5D49456,Multiple_Gunshots,2015-05-21,23:29:11,WashingtonDC5D,38.92,-76.984
2188,5D49459,Single_Gunshot,2015-05-21,23:29:46,WashingtonDC5D,38.92,-76.984
2189,1D67105,Single_Gunshot,2015-05-22,00:35:22,WashingtonDC1D,38.9,-76.993
2190,6D128595,Single_Gunshot,2015-05-22,01:02:46,WashingtonDC6D,38.884,-76.93
2191,6D128596,Single_Gunshot,2015-05-22,01:03:17,WashingtonDC6D,38.883,-76.93
2192,1D67106,Single_Gunshot,2015-05-22,03:50:47,WashingtonDC1D,38.898,-76.983
2193,6D128597,Multiple_Gunshots,2015-05-22,05:30:29,WashingtonDC6D,38.883,-76.94
2194,5D49460,Multiple_Gunshots,2015-05-22,17:07:23,WashingtonDC5D,38.912,-76.987
2195,5D49465,Gunshot_or_Firecracker,2015-05-22,18:24:52,WashingtonDC5D,38.908,-76.986
2196,7D162615,Single_Gunshot,2015-05-22,21:40:39,WashingtonDC7D,38.843,-76.987
2197,1D67143,Single_Gunshot,2015-05-22,21:43:41,WashingtonDC1D,38.876,-77.011
2198,5D49501,Gunshot_or_Firecracker,2015-05-22,22:11:38,WashingtonDC5D,38.923,-76.986
2199,5D49504,Gunshot_or_Firecracker,2015-05-22,22:32:05,WashingtonDC5D,38.922,-76.984
2200,6D128605,Multiple_Gunshots,2015-05-22,22:45:42,WashingtonDC6D,38.886,-76.958
2201,7D162680,Multiple_Gunshots,2015-05-22,22:48:40,WashingtonDC7D,38.849,-76.984
2202,6D128606,Multiple_Gunshots,2015-05-22,22:50:58,WashingtonDC6D,38.876,-76.939
2203,5D49507,Multiple_Gunshots,2015-05-23,00:03:16,WashingtonDC5D,38.926,-76.977
2204,7D162685,Single_Gunshot,2015-05-23,00:22:55,WashingtonDC7D,38.849,-76.98
2205,1D67145,Multiple_Gunshots,2015-05-23,00:54:13,WashingtonDC1D,38.877,-77.014
2206,6D128607,Single_Gunshot,2015-05-23,01:05:55,WashingtonDC6D,38.893,-76.934
2207,7D162686,Multiple_Gunshots,2015-05-23,01:08:32,WashingtonDC7D,38.852,-76.972
2208,1D67146,Single_Gunshot,2015-05-23,01:15:40,WashingtonDC1D,38.899,-76.976
2209,5D49509,Single_Gunshot,2015-05-23,01:20:25,WashingtonDC5D,38.922,-76.986
2210,5D49510,Single_Gunshot,2015-05-23,01:36:07,WashingtonDC5D,38.921,-76.983
2211,5D49511,Single_Gunshot,2015-05-23,01:37:31,WashingtonDC5D,38.923,-76.988
2212,4D43719,Multiple_Gunshots,2015-05-23,01:47:36,WashingtonDC4D,38.955,-77.022
2213,4D43720,Multiple_Gunshots,2015-05-23,01:47:41,WashingtonDC4D,38.952,-77.022
2214,4D43721,Multiple_Gunshots,2015-05-23,01:47:42,WashingtonDC4D,38.951,-77.019
2215,4D43722,Single_Gunshot,2015-05-23,01:50:01,WashingtonDC4D,38.955,-77.013
2216,7D162687,Gunshot_or_Firecracker,2015-05-23,01:54:19,WashingtonDC7D,38.834,-76.992
2217,1D67147,Multiple_Gunshots,2015-05-23,01:55:08,WashingtonDC1D,38.877,-77.014
2218,1D67148,Multiple_Gunshots,2015-05-23,01:55:19,WashingtonDC1D,38.877,-77.015
2219,7D162688,Multiple_Gunshots,2015-05-23,02:36:07,WashingtonDC7D,38.854,-76.986
2220,4D43723,Single_Gunshot,2015-05-23,03:06:19,WashingtonDC4D,38.955,-77.014
2221,4D43724,Multiple_Gunshots,2015-05-23,03:14:30,WashingtonDC4D,38.943,-77.025
2222,1D67150,Single_Gunshot,2015-05-23,03:22:28,WashingtonDC1D,38.882,-77.018
2223,1D67151,Single_Gunshot,2015-05-23,03:22:53,WashingtonDC1D,38.883,-77.027
2224,1D67152,Multiple_Gunshots,2015-05-23,04:29:43,WashingtonDC1D,38.884,-77.013
2225,6D128609,Single_Gunshot,2015-05-23,04:55:09,WashingtonDC6D,38.896,-76.952
2226,4D43727,Multiple_Gunshots,2015-05-23,08:55:35,WashingtonDC4D,38.956,-77.025
2227,7D162701,Multiple_Gunshots,2015-05-23,16:23:44,WashingtonDC7D,38.839,-76.989
2228,7D162738,Gunshot_or_Firecracker,2015-05-23,20:41:10,WashingtonDC7D,38.862,-76.982
2229,7D162784,Single_Gunshot,2015-05-23,21:12:35,WashingtonDC7D,38.834,-77.002
2230,7D162821,Single_Gunshot,2015-05-23,21:28:23,WashingtonDC7D,38.821,-77.008
2231,5D49608,Single_Gunshot,2015-05-23,21:38:12,WashingtonDC5D,38.919,-76.983
2232,3D49414,Gunshot_or_Firecracker,2015-05-23,21:47:36,WashingtonDC3D,38.91,-77.028
2233,5D49617,Multiple_Gunshots,2015-05-23,22:07:18,WashingtonDC5D,38.91,-77.027
2234,1D67173,Multiple_Gunshots,2015-05-23,22:16:34,WashingtonDC1D,38.89,-76.977
2235,6D128685,Single_Gunshot,2015-05-23,22:36:17,WashingtonDC6D,38.884,-76.939
2236,7D162894,Multiple_Gunshots,2015-05-23,23:18:01,WashingtonDC7D,38.842,-76.988
2237,5D49627,Single_Gunshot,2015-05-24,00:03:10,WashingtonDC5D,38.904,-76.987
2238,6D128703,Single_Gunshot,2015-05-24,00:08:25,WashingtonDC6D,38.899,-76.944
2239,4D43733,Multiple_Gunshots,2015-05-24,01:53:24,WashingtonDC4D,38.933,-77.023
2240,1D67174,Single_Gunshot,2015-05-24,03:34:49,WashingtonDC1D,38.884,-76.999
2241,6D128709,Multiple_Gunshots,2015-05-24,03:43:00,WashingtonDC6D,38.872,-76.929
2242,7D162896,Single_Gunshot,2015-05-24,03:47:32,WashingtonDC7D,38.846,-76.983
2243,7D162897,Single_Gunshot,2015-05-24,04:37:17,WashingtonDC7D,38.86,-76.997
2244,6D128710,Multiple_Gunshots,2015-05-24,05:25:43,WashingtonDC6D,38.882,-76.927
2245,5D49630,Single_Gunshot,2015-05-24,09:45:03,WashingtonDC5D,38.913,-77.002
2246,1D67176,Single_Gunshot,2015-05-24,11:31:15,WashingtonDC1D,38.876,-77.011
2247,7D162900,Single_Gunshot,2015-05-24,12:59:17,WashingtonDC7D,38.844,-76.986
2248,7D162901,Single_Gunshot,2015-05-24,12:59:26,WashingtonDC7D,38.843,-76.986
2249,5D49631,Multiple_Gunshots,2015-05-24,14:06:49,WashingtonDC5D,38.92,-76.992
2250,7D162906,Multiple_Gunshots,2015-05-24,16:07:52,WashingtonDC7D,38.834,-76.993
2251,1D67181,Single_Gunshot,2015-05-24,17:50:55,WashingtonDC1D,38.881,-76.988
2252,7D162922,Single_Gunshot,2015-05-24,19:34:38,WashingtonDC7D,38.824,-77.011
2253,6D128784,Multiple_Gunshots,2015-05-24,19:49:11,WashingtonDC6D,38.888,-76.933
2254,7D162931,Single_Gunshot,2015-05-24,19:52:12,WashingtonDC7D,38.855,-76.992
2255,7D162949,Multiple_Gunshots,2015-05-24,20:19:43,WashingtonDC7D,38.843,-76.968
2256,6D128808,Multiple_Gunshots,2015-05-24,21:00:27,WashingtonDC6D,38.897,-76.919
2257,6D128809,Multiple_Gunshots,2015-05-24,21:00:34,WashingtonDC6D,38.896,-76.917
2258,5D49643,Gunshot_or_Firecracker,2015-05-24,21:40:08,WashingtonDC5D,38.908,-76.987
2259,7D163026,Gunshot_or_Firecracker,2015-05-24,21:40:52,WashingtonDC7D,38.861,-76.984
2260,5D49644,Multiple_Gunshots,2015-05-24,21:41:08,WashingtonDC5D,38.904,-76.983
2261,7D163044,Single_Gunshot,2015-05-24,21:55:08,WashingtonDC7D,38.844,-76.986
2262,6D128839,Single_Gunshot,2015-05-24,22:38:16,WashingtonDC6D,38.885,-76.927
2263,7D163082,Multiple_Gunshots,2015-05-24,23:03:21,WashingtonDC7D,38.859,-76.999
2264,7D163083,Multiple_Gunshots,2015-05-24,23:18:50,WashingtonDC7D,38.842,-76.989
2265,5D49658,Gunshot_or_Firecracker,2015-05-24,23:35:09,WashingtonDC5D,38.909,-76.986
2266,6D128847,Single_Gunshot,2015-05-24,23:39:38,WashingtonDC6D,38.883,-76.936
2267,5D49659,Gunshot_or_Firecracker,2015-05-24,23:39:45,WashingtonDC5D,38.909,-76.986
2268,1D67187,Single_Gunshot,2015-05-24,23:43:02,WashingtonDC1D,38.88,-76.989
2269,1D67188,Single_Gunshot,2015-05-24,23:45:50,WashingtonDC1D,38.88,-76.989
2270,1D67190,Single_Gunshot,2015-05-24,23:48:07,WashingtonDC1D,38.884,-76.988
2271,4D43750,Multiple_Gunshots,2015-05-25,00:01:09,WashingtonDC4D,38.937,-77.021
2272,1D67191,Single_Gunshot,2015-05-25,00:04:59,WashingtonDC1D,38.89,-76.968
2273,4D43751,Single_Gunshot,2015-05-25,00:12:54,WashingtonDC4D,38.931,-77.023
2274,3D49462,Multiple_Gunshots,2015-05-25,00:13:18,WashingtonDC3D,38.93,-77.024
2275,4D43752,Gunshot_or_Firecracker,2015-05-25,00:13:21,WashingtonDC4D,38.93,-77.024
2276,5D49661,Multiple_Gunshots,2015-05-25,00:13:22,WashingtonDC5D,38.928,-77.017
2277,6D128850,Single_Gunshot,2015-05-25,00:15:51,WashingtonDC6D,38.884,-76.926
2278,6D128854,Single_Gunshot,2015-05-25,01:33:41,WashingtonDC6D,38.891,-76.919
2279,7D163087,Single_Gunshot,2015-05-25,01:59:15,WashingtonDC7D,38.863,-76.987
2280,7D163088,Single_Gunshot,2015-05-25,02:00:06,WashingtonDC7D,38.863,-76.987
2281,1D67192,Single_Gunshot,2015-05-25,02:09:24,WashingtonDC1D,38.879,-76.989
2282,1D67193,Single_Gunshot,2015-05-25,02:19:14,WashingtonDC1D,38.881,-76.991
2283,7D163089,Multiple_Gunshots,2015-05-25,02:57:07,WashingtonDC7D,38.827,-76.997
2284,6D128856,Single_Gunshot,2015-05-25,03:08:24,WashingtonDC6D,38.864,-76.97
2285,6D128857,Multiple_Gunshots,2015-05-25,03:08:51,WashingtonDC6D,38.864,-76.97
2286,4D43754,Single_Gunshot,2015-05-25,03:17:18,WashingtonDC4D,38.952,-77.026
2287,4D43755,Single_Gunshot,2015-05-25,03:17:25,WashingtonDC4D,38.952,-77.026
2288,4D43756,Single_Gunshot,2015-05-25,03:17:33,WashingtonDC4D,38.952,-77.026
2289,7D163093,Multiple_Gunshots,2015-05-25,11:25:09,WashingtonDC7D,38.84,-76.995
2290,6D128860,Multiple_Gunshots,2015-05-25,13:20:06,WashingtonDC6D,38.898,-76.928
2291,6D128888,Multiple_Gunshots,2015-05-25,17:28:47,WashingtonDC6D,38.887,-76.951
2292,6D128894,Multiple_Gunshots,2015-05-25,17:48:45,WashingtonDC6D,38.881,-76.939
2293,6D128899,Single_Gunshot,2015-05-25,18:13:42,WashingtonDC6D,38.886,-76.926
2294,3D49466,Single_Gunshot,2015-05-25,20:48:34,WashingtonDC3D,38.909,-77.021
2295,5D49680,Gunshot_or_Firecracker,2015-05-25,20:49:21,WashingtonDC5D,38.921,-76.987
2296,7D163211,Multiple_Gunshots,2015-05-25,20:54:56,WashingtonDC7D,38.844,-76.986
2297,1D67206,Single_Gunshot,2015-05-25,21:06:10,WashingtonDC1D,38.902,-76.985
2298,7D163223,Multiple_Gunshots,2015-05-25,21:12:53,WashingtonDC7D,38.842,-76.993
2299,5D49715,Gunshot_or_Firecracker,2015-05-25,21:50:32,WashingtonDC5D,38.906,-76.986
2300,1D67208,Multiple_Gunshots,2015-05-25,21:50:41,WashingtonDC1D,38.906,-76.986
2301,7D163249,Single_Gunshot,2015-05-25,22:02:15,WashingtonDC7D,38.837,-77.003
2302,7D163259,Single_Gunshot,2015-05-25,22:51:57,WashingtonDC7D,38.827,-76.999
2303,6D129048,Single_Gunshot,2015-05-25,23:34:11,WashingtonDC6D,38.883,-76.936
2304,5D49734,Gunshot_or_Firecracker,2015-05-25,23:56:36,WashingtonDC5D,38.909,-76.986
2305,6D129051,Multiple_Gunshots,2015-05-26,00:16:00,WashingtonDC6D,38.886,-76.927
2306,5D49735,Single_Gunshot,2015-05-26,00:22:00,WashingtonDC5D,38.902,-76.987
2307,7D163261,Multiple_Gunshots,2015-05-26,00:26:49,WashingtonDC7D,38.864,-76.987
2308,6D129053,Single_Gunshot,2015-05-26,01:06:50,WashingtonDC6D,38.887,-76.951
2309,6D129054,Single_Gunshot,2015-05-26,01:07:35,WashingtonDC6D,38.887,-76.951
2310,4D43778,Gunshot_or_Firecracker,2015-05-26,01:46:34,WashingtonDC4D,38.95,-77.022
2311,7D163263,Single_Gunshot,2015-05-26,02:04:31,WashingtonDC7D,38.841,-76.993
2312,4D43779,Single_Gunshot,2015-05-26,02:06:20,WashingtonDC4D,38.949,-77.022
2313,6D129057,Multiple_Gunshots,2015-05-26,02:22:46,WashingtonDC6D,38.864,-76.979
2314,7D163264,Single_Gunshot,2015-05-26,02:24:56,WashingtonDC7D,38.836,-76.99
2315,4D43780,Single_Gunshot,2015-05-26,05:04:56,WashingtonDC4D,38.951,-77.019
2316,4D43781,Multiple_Gunshots,2015-05-26,05:08:35,WashingtonDC4D,38.952,-77.023
2317,7D163265,Single_Gunshot,2015-05-26,05:34:10,WashingtonDC7D,38.823,-77.005
2318,6D129059,Single_Gunshot,2015-05-26,10:27:29,WashingtonDC6D,38.887,-76.951
2319,6D129093,Single_Gunshot,2015-05-26,17:26:56,WashingtonDC6D,38.886,-76.926
2320,7D163322,Single_Gunshot,2015-05-26,21:42:47,WashingtonDC7D,38.826,-77.008
2321,7D163323,Multiple_Gunshots,2015-05-26,21:52:34,WashingtonDC7D,38.823,-76.998
2322,6D129112,Multiple_Gunshots,2015-05-26,23:14:35,WashingtonDC6D,38.879,-76.928
2323,6D129113,Single_Gunshot,2015-05-26,23:42:05,WashingtonDC6D,38.892,-76.952
2324,5D49751,Multiple_Gunshots,2015-05-26,23:47:58,WashingtonDC5D,38.907,-77.01
2325,6D129114,Single_Gunshot,2015-05-26,23:48:36,WashingtonDC6D,38.887,-76.954
2326,7D163324,Single_Gunshot,2015-05-27,00:54:32,WashingtonDC7D,38.832,-77.006
2327,6D129119,Multiple_Gunshots,2015-05-27,02:09:47,WashingtonDC6D,38.86,-76.974
2328,5D49752,Multiple_Gunshots,2015-05-27,04:41:05,WashingtonDC5D,38.92,-76.98
2329,6D129144,Single_Gunshot,2015-05-27,18:37:29,WashingtonDC6D,38.885,-76.925
2330,6D129146,Multiple_Gunshots,2015-05-27,21:09:57,WashingtonDC6D,38.887,-76.958
2331,7D163364,Multiple_Gunshots,2015-05-27,21:40:32,WashingtonDC7D,38.863,-76.96
2332,5D49771,Multiple_Gunshots,2015-05-27,21:52:49,WashingtonDC5D,38.906,-76.989
2333,5D49772,Single_Gunshot,2015-05-27,23:13:34,WashingtonDC5D,38.921,-76.983
2334,6D129154,Single_Gunshot,2015-05-27,23:14:28,WashingtonDC6D,38.876,-76.951
2335,6D129155,Single_Gunshot,2015-05-27,23:18:40,WashingtonDC6D,38.873,-76.938
2336,6D129156,Multiple_Gunshots,2015-05-27,23:38:38,WashingtonDC6D,38.892,-76.907
2337,6D129159,Single_Gunshot,2015-05-28,00:33:04,WashingtonDC6D,38.892,-76.952
2338,7D163366,Multiple_Gunshots,2015-05-28,00:37:22,WashingtonDC7D,38.829,-76.993
2339,7D163367,Single_Gunshot,2015-05-28,00:37:29,WashingtonDC7D,38.829,-76.993
2340,7D163368,Multiple_Gunshots,2015-05-28,00:37:41,WashingtonDC7D,38.829,-76.994
2341,1D67225,Single_Gunshot,2015-05-28,00:49:55,WashingtonDC1D,38.877,-77.014
2342,7D163370,Single_Gunshot,2015-05-28,02:33:22,WashingtonDC7D,38.86,-77.001
2343,7D163397,Multiple_Gunshots,2015-05-28,19:11:11,WashingtonDC7D,38.849,-76.976
2344,6D129189,Multiple_Gunshots,2015-05-28,20:10:39,WashingtonDC6D,38.868,-76.983
2345,7D163408,Multiple_Gunshots,2015-05-28,21:17:15,WashingtonDC7D,38.845,-76.987
2346,7D163412,Single_Gunshot,2015-05-28,22:53:09,WashingtonDC7D,38.826,-77.009
2347,7D163413,Multiple_Gunshots,2015-05-28,23:13:33,WashingtonDC7D,38.854,-76.965
2348,7D163414,Single_Gunshot,2015-05-28,23:13:49,WashingtonDC7D,38.854,-76.966
2349,7D163416,Multiple_Gunshots,2015-05-28,23:24:20,WashingtonDC7D,38.851,-76.968
2350,7D163420,Single_Gunshot,2015-05-28,23:31:41,WashingtonDC7D,38.86,-76.998
2351,7D163423,Multiple_Gunshots,2015-05-29,01:21:40,WashingtonDC7D,38.831,-76.999
2352,7D163424,Single_Gunshot,2015-05-29,01:21:46,WashingtonDC7D,38.831,-76.998
2353,7D163425,Single_Gunshot,2015-05-29,01:21:47,WashingtonDC7D,38.831,-76.999
2354,7D163426,Multiple_Gunshots,2015-05-29,01:21:53,WashingtonDC7D,38.831,-76.998
2355,7D163427,Multiple_Gunshots,2015-05-29,01:22:46,WashingtonDC7D,38.831,-76.998
2356,6D129195,Gunshot_or_Firecracker,2015-05-29,07:52:34,WashingtonDC6D,38.873,-76.964
2357,6D129200,Multiple_Gunshots,2015-05-29,12:27:31,WashingtonDC6D,38.885,-76.918
2358,1D67245,Single_Gunshot,2015-05-29,21:33:41,WashingtonDC1D,38.875,-77.012
2359,6D129230,Multiple_Gunshots,2015-05-29,21:34:51,WashingtonDC6D,38.883,-76.961
2360,1D67247,Multiple_Gunshots,2015-05-29,21:48:50,WashingtonDC1D,38.887,-76.992
2361,7D163462,Multiple_Gunshots,2015-05-29,21:56:19,WashingtonDC7D,38.845,-76.994
2362,4D43811,Gunshot_or_Firecracker,2015-05-29,22:18:35,WashingtonDC4D,38.955,-77.014
2363,6D129236,Single_Gunshot,2015-05-29,22:25:33,WashingtonDC6D,38.885,-76.936
2364,7D163468,Multiple_Gunshots,2015-05-29,22:29:10,WashingtonDC7D,38.822,-76.996
2365,7D163469,Multiple_Gunshots,2015-05-29,22:30:55,WashingtonDC7D,38.827,-76.998
2366,7D163475,Multiple_Gunshots,2015-05-29,23:00:26,WashingtonDC7D,38.867,-76.983
2367,5D49815,Single_Gunshot,2015-05-29,23:12:51,WashingtonDC5D,38.923,-76.988
2368,6D129243,Single_Gunshot,2015-05-29,23:18:45,WashingtonDC6D,38.886,-76.93
2369,6D129244,Single_Gunshot,2015-05-29,23:24:35,WashingtonDC6D,38.886,-76.93
2370,7D163477,Multiple_Gunshots,2015-05-29,23:32:02,WashingtonDC7D,38.834,-76.984
2371,1D67248,Single_Gunshot,2015-05-30,00:06:35,WashingtonDC1D,38.873,-77.011
2372,5D49820,Multiple_Gunshots,2015-05-30,00:27:48,WashingtonDC5D,38.922,-77.009
2373,6D129254,Multiple_Gunshots,2015-05-30,00:28:03,WashingtonDC6D,38.877,-76.927
2374,6D129256,Single_Gunshot,2015-05-30,00:37:20,WashingtonDC6D,38.886,-76.926
2375,6D129257,Single_Gunshot,2015-05-30,00:51:49,WashingtonDC6D,38.896,-76.914
2376,1D67249,Single_Gunshot,2015-05-30,00:53:59,WashingtonDC1D,38.89,-76.978
2377,4D43812,Single_Gunshot,2015-05-30,00:54:54,WashingtonDC4D,38.948,-77.028
2378,4D43813,Single_Gunshot,2015-05-30,00:54:58,WashingtonDC4D,38.946,-77.026
2379,6D129258,Multiple_Gunshots,2015-05-30,01:01:33,WashingtonDC6D,38.884,-76.923
2380,6D129259,Multiple_Gunshots,2015-05-30,01:01:40,WashingtonDC6D,38.884,-76.923
2381,6D129260,Single_Gunshot,2015-05-30,01:01:51,WashingtonDC6D,38.884,-76.923
2382,7D163480,Single_Gunshot,2015-05-30,01:02:02,WashingtonDC7D,38.845,-76.973
2383,7D163481,Single_Gunshot,2015-05-30,01:02:28,WashingtonDC7D,38.845,-76.974
2384,6D129261,Gunshot_or_Firecracker,2015-05-30,01:02:34,WashingtonDC6D,38.884,-76.923
2385,7D163482,Multiple_Gunshots,2015-05-30,01:02:45,WashingtonDC7D,38.845,-76.974
2386,6D129262,Multiple_Gunshots,2015-05-30,01:06:55,WashingtonDC6D,38.887,-76.926
2387,1D67250,Multiple_Gunshots,2015-05-30,01:23:45,WashingtonDC1D,38.897,-76.983
2388,7D163485,Multiple_Gunshots,2015-05-30,01:31:14,WashingtonDC7D,38.853,-76.966
2389,7D163487,Multiple_Gunshots,2015-05-30,01:31:25,WashingtonDC7D,38.853,-76.966
2390,7D163488,Multiple_Gunshots,2015-05-30,01:31:59,WashingtonDC7D,38.831,-76.998
2391,7D163491,Multiple_Gunshots,2015-05-30,01:39:58,WashingtonDC7D,38.828,-76.98
2392,5D49821,Single_Gunshot,2015-05-30,01:44:07,WashingtonDC5D,38.921,-76.983
2393,7D163492,Multiple_Gunshots,2015-05-30,01:46:32,WashingtonDC7D,38.822,-77.0
2394,7D163493,Multiple_Gunshots,2015-05-30,01:46:40,WashingtonDC7D,38.823,-77.0
2395,7D163494,Single_Gunshot,2015-05-30,02:29:04,WashingtonDC7D,38.842,-76.987
2396,7D163495,Single_Gunshot,2015-05-30,02:41:21,WashingtonDC7D,38.83,-77.003
2397,7D163496,Multiple_Gunshots,2015-05-30,02:41:39,WashingtonDC7D,38.83,-77.003
2398,7D163498,Single_Gunshot,2015-05-30,02:42:04,WashingtonDC7D,38.83,-77.003
2399,7D163499,Multiple_Gunshots,2015-05-30,02:42:40,WashingtonDC7D,38.83,-77.003
2400,7D163500,Single_Gunshot,2015-05-30,02:42:47,WashingtonDC7D,38.83,-77.003
2401,7D163501,Multiple_Gunshots,2015-05-30,02:56:52,WashingtonDC7D,38.854,-76.965
2402,7D163502,Single_Gunshot,2015-05-30,02:57:03,WashingtonDC7D,38.854,-76.965
2403,7D163503,Multiple_Gunshots,2015-05-30,03:07:43,WashingtonDC7D,38.828,-77.002
2404,7D163504,Single_Gunshot,2015-05-30,03:19:47,WashingtonDC7D,38.835,-77.001
2405,6D129269,Single_Gunshot,2015-05-30,04:46:25,WashingtonDC6D,38.886,-76.926
2406,4D43817,Multiple_Gunshots,2015-05-30,04:52:38,WashingtonDC4D,38.947,-77.024
2407,7D163508,Gunshot_or_Firecracker,2015-05-30,11:22:32,WashingtonDC7D,38.826,-76.999
2408,5D49850,Gunshot_or_Firecracker,2015-05-30,21:36:51,WashingtonDC5D,38.907,-76.984
2409,5D49851,Multiple_Gunshots,2015-05-30,21:42:48,WashingtonDC5D,38.906,-76.986
2410,1D67270,Multiple_Gunshots,2015-05-30,21:42:49,WashingtonDC1D,38.906,-76.986
2411,5D49854,Gunshot_or_Firecracker,2015-05-30,21:57:01,WashingtonDC5D,38.902,-76.975
2412,6D129359,Multiple_Gunshots,2015-05-30,22:19:09,WashingtonDC6D,38.886,-76.926
2413,5D49861,Gunshot_or_Firecracker,2015-05-30,22:49:18,WashingtonDC5D,38.903,-76.983
2414,6D129388,Single_Gunshot,2015-05-30,22:58:27,WashingtonDC6D,38.899,-76.908
2415,5D49868,Gunshot_or_Firecracker,2015-05-30,23:34:30,WashingtonDC5D,38.9,-76.982
2416,1D67277,Single_Gunshot,2015-05-30,23:34:30,WashingtonDC1D,38.9,-76.982
2417,3D49489,Single_Gunshot,2015-05-30,23:41:23,WashingtonDC3D,38.905,-77.016
2418,5D49871,Multiple_Gunshots,2015-05-30,23:44:58,WashingtonDC5D,38.902,-76.981
2419,7D163596,Single_Gunshot,2015-05-31,00:43:51,WashingtonDC7D,38.836,-76.99
2420,6D129407,Multiple_Gunshots,2015-05-31,01:01:22,WashingtonDC6D,38.89,-76.954
2421,6D129408,Multiple_Gunshots,2015-05-31,01:01:32,WashingtonDC6D,38.89,-76.954
2422,6D129410,Single_Gunshot,2015-05-31,01:29:38,WashingtonDC6D,38.897,-76.918
2423,5D49872,Multiple_Gunshots,2015-05-31,01:51:19,WashingtonDC5D,38.906,-77.016
2424,5D49873,Single_Gunshot,2015-05-31,01:51:26,WashingtonDC5D,38.905,-77.016
2425,7D163604,Single_Gunshot,2015-05-31,03:24:26,WashingtonDC7D,38.833,-76.993
2426,6D129412,Multiple_Gunshots,2015-05-31,05:06:57,WashingtonDC6D,38.886,-76.95
2427,6D129414,Multiple_Gunshots,2015-05-31,05:07:25,WashingtonDC6D,38.887,-76.95
2428,6D129415,Multiple_Gunshots,2015-05-31,05:07:28,WashingtonDC6D,38.886,-76.95
2429,6D129417,Single_Gunshot,2015-05-31,05:09:32,WashingtonDC6D,38.886,-76.95
2430,5D49874,Single_Gunshot,2015-05-31,09:16:30,WashingtonDC5D,38.92,-77.0
2431,6D129424,Single_Gunshot,2015-05-31,09:29:45,WashingtonDC6D,38.881,-76.936
2432,7D163616,Multiple_Gunshots,2015-05-31,16:47:32,WashingtonDC7D,38.834,-76.991
2433,7D163631,Gunshot_or_Firecracker,2015-05-31,19:26:57,WashingtonDC7D,38.844,-76.986
2434,6D129482,Multiple_Gunshots,2015-05-31,22:13:30,WashingtonDC6D,38.877,-76.942
2435,3D49491,Single_Gunshot,2015-05-31,23:40:32,WashingtonDC3D,38.922,-77.03
2436,6D129485,Single_Gunshot,2015-06-01,00:05:48,WashingtonDC6D,38.886,-76.925
2437,7D163662,Single_Gunshot,2015-06-01,00:30:53,WashingtonDC7D,38.86,-76.989
2438,6D129492,Multiple_Gunshots,2015-06-01,01:09:59,WashingtonDC6D,38.878,-76.932
2439,7D163663,Single_Gunshot,2015-06-01,01:13:13,WashingtonDC7D,38.834,-76.993
2440,7D163664,Single_Gunshot,2015-06-01,01:14:28,WashingtonDC7D,38.828,-76.996
2441,7D163665,Single_Gunshot,2015-06-01,03:36:14,WashingtonDC7D,38.827,-77.0
2442,7D163666,Single_Gunshot,2015-06-01,03:36:25,WashingtonDC7D,38.827,-77.0
2443,7D163691,Multiple_Gunshots,2015-06-01,20:39:46,WashingtonDC7D,38.841,-76.991
2444,7D163700,Multiple_Gunshots,2015-06-01,21:09:04,WashingtonDC7D,38.832,-77.007
2445,7D163702,Multiple_Gunshots,2015-06-01,21:52:20,WashingtonDC7D,38.844,-76.985
2446,7D163704,Single_Gunshot,2015-06-02,00:22:14,WashingtonDC7D,38.849,-76.976
2447,3D49504,Multiple_Gunshots,2015-06-02,00:28:51,WashingtonDC3D,38.925,-77.033
2448,6D129531,Single_Gunshot,2015-06-02,00:50:28,WashingtonDC6D,38.886,-76.935
2449,6D129537,Single_Gunshot,2015-06-02,09:20:42,WashingtonDC6D,38.887,-76.923
2450,1D67298,Multiple_Gunshots,2015-06-02,14:03:09,WashingtonDC1D,38.879,-77.016
2451,1D67299,Multiple_Gunshots,2015-06-02,14:03:28,WashingtonDC1D,38.878,-77.015
2452,6D129546,Multiple_Gunshots,2015-06-02,17:01:52,WashingtonDC6D,38.912,-76.937
2453,1D67300,Single_Gunshot,2015-06-02,18:50:04,WashingtonDC1D,38.876,-77.013
2454,3D49506,Multiple_Gunshots,2015-06-02,20:13:14,WashingtonDC3D,38.927,-77.033
2455,5D49889,Multiple_Gunshots,2015-06-03,02:07:53,WashingtonDC5D,38.923,-76.975
2456,5D49890,Single_Gunshot,2015-06-03,02:11:08,WashingtonDC5D,38.926,-76.991
2457,5D49891,Single_Gunshot,2015-06-03,02:11:24,WashingtonDC5D,38.926,-76.995
2458,6D129615,Single_Gunshot,2015-06-03,08:07:46,WashingtonDC6D,38.88,-76.934
2459,7D163740,Single_Gunshot,2015-06-03,21:45:00,WashingtonDC7D,38.832,-77.008
2460,7D163742,Multiple_Gunshots,2015-06-03,21:46:54,WashingtonDC7D,38.835,-76.987
2461,7D163743,Single_Gunshot,2015-06-03,22:53:26,WashingtonDC7D,38.821,-76.994
2462,4D43867,Gunshot_or_Firecracker,2015-06-03,23:33:58,WashingtonDC4D,38.943,-77.024
2463,4D43868,Single_Gunshot,2015-06-03,23:34:05,WashingtonDC4D,38.943,-77.024
2464,4D43869,Multiple_Gunshots,2015-06-03,23:34:06,WashingtonDC4D,38.943,-77.024
2465,3D49508,Single_Gunshot,2015-06-03,23:34:14,WashingtonDC3D,38.943,-77.024
2466,3D49509,Single_Gunshot,2015-06-03,23:34:16,WashingtonDC3D,38.943,-77.024
2467,4D43870,Single_Gunshot,2015-06-03,23:34:18,WashingtonDC4D,38.943,-77.024
2468,4D43871,Gunshot_or_Firecracker,2015-06-03,23:34:19,WashingtonDC4D,38.943,-77.024
2469,6D129655,Multiple_Gunshots,2015-06-04,00:26:54,WashingtonDC6D,38.896,-76.929
2470,6D129656,Single_Gunshot,2015-06-04,00:43:50,WashingtonDC6D,38.899,-76.918
2471,7D163744,Single_Gunshot,2015-06-04,01:09:32,WashingtonDC7D,38.83,-76.993
2472,7D163745,Multiple_Gunshots,2015-06-04,13:39:10,WashingtonDC7D,38.826,-76.999
2473,7D163746,Multiple_Gunshots,2015-06-04,13:39:24,WashingtonDC7D,38.827,-77.0
2474,7D163747,Multiple_Gunshots,2015-06-04,13:39:28,WashingtonDC7D,38.855,-76.972
2475,7D163748,Multiple_Gunshots,2015-06-04,18:10:16,WashingtonDC7D,38.831,-77.001
2476,7D163760,Gunshot_or_Firecracker,2015-06-04,21:00:54,WashingtonDC7D,38.853,-76.981
2477,7D163761,Gunshot_or_Firecracker,2015-06-04,21:01:03,WashingtonDC7D,38.853,-76.981
2478,7D163763,Gunshot_or_Firecracker,2015-06-04,21:01:13,WashingtonDC7D,38.853,-76.981
2479,7D163764,Gunshot_or_Firecracker,2015-06-04,21:01:25,WashingtonDC7D,38.853,-76.981
2480,6D129663,Gunshot_or_Firecracker,2015-06-04,21:02:32,WashingtonDC6D,38.886,-76.935
2481,7D163767,Gunshot_or_Firecracker,2015-06-04,21:49:05,WashingtonDC7D,38.853,-76.969
2482,6D129698,Single_Gunshot,2015-06-05,17:50:50,WashingtonDC6D,38.888,-76.955
2483,6D129779,Multiple_Gunshots,2015-06-05,21:44:50,WashingtonDC6D,38.886,-76.951
2484,4D43904,Multiple_Gunshots,2015-06-05,22:22:28,WashingtonDC4D,38.955,-77.024
2485,6D129806,Multiple_Gunshots,2015-06-05,22:22:36,WashingtonDC6D,38.869,-76.979
2486,6D129809,Multiple_Gunshots,2015-06-05,22:34:48,WashingtonDC6D,38.882,-76.939
2487,7D163850,Multiple_Gunshots,2015-06-05,23:12:28,WashingtonDC7D,38.843,-76.988
2488,7D163851,Multiple_Gunshots,2015-06-05,23:12:32,WashingtonDC7D,38.843,-76.988
2489,7D163852,Multiple_Gunshots,2015-06-05,23:12:37,WashingtonDC7D,38.843,-76.988
2490,4D43905,Gunshot_or_Firecracker,2015-06-05,23:16:50,WashingtonDC4D,38.946,-77.017
2491,7D163856,Multiple_Gunshots,2015-06-05,23:18:42,WashingtonDC7D,38.827,-76.998
2492,7D163857,Multiple_Gunshots,2015-06-05,23:18:56,WashingtonDC7D,38.827,-76.998
2493,6D129820,Single_Gunshot,2015-06-05,23:20:22,WashingtonDC6D,38.892,-76.953
2494,5D49932,Multiple_Gunshots,2015-06-05,23:20:44,WashingtonDC5D,38.909,-76.996
2495,6D129822,Single_Gunshot,2015-06-05,23:38:52,WashingtonDC6D,38.868,-76.98
2496,7D163867,Multiple_Gunshots,2015-06-05,23:44:47,WashingtonDC7D,38.834,-76.995
2497,1D67330,Single_Gunshot,2015-06-05,23:48:31,WashingtonDC1D,38.875,-77.012
2498,7D163872,Gunshot_or_Firecracker,2015-06-06,00:00:22,WashingtonDC7D,38.831,-77.004
2499,6D129826,Multiple_Gunshots,2015-06-06,00:01:07,WashingtonDC6D,38.861,-76.984
2500,7D163873,Multiple_Gunshots,2015-06-06,00:01:12,WashingtonDC7D,38.86,-76.984
2501,7D163876,Single_Gunshot,2015-06-06,00:11:29,WashingtonDC7D,38.86,-76.989
2502,7D163878,Multiple_Gunshots,2015-06-06,00:30:27,WashingtonDC7D,38.86,-76.997
2503,6D129830,Single_Gunshot,2015-06-06,00:44:09,WashingtonDC6D,38.892,-76.953
2504,7D163880,Multiple_Gunshots,2015-06-06,00:47:21,WashingtonDC7D,38.826,-76.999
2505,7D163881,Multiple_Gunshots,2015-06-06,00:52:13,WashingtonDC7D,38.832,-76.988
2506,7D163882,Multiple_Gunshots,2015-06-06,00:54:18,WashingtonDC7D,38.831,-77.002
2507,6D129832,Single_Gunshot,2015-06-06,01:21:43,WashingtonDC6D,38.891,-76.941
2508,4D43906,Multiple_Gunshots,2015-06-06,01:21:46,WashingtonDC4D,38.942,-77.017
2509,5D49937,Single_Gunshot,2015-06-06,01:36:09,WashingtonDC5D,38.923,-76.988
2510,7D163883,Multiple_Gunshots,2015-06-06,01:45:14,WashingtonDC7D,38.829,-76.994
2511,6D129833,Single_Gunshot,2015-06-06,01:52:07,WashingtonDC6D,38.887,-76.932
2512,6D129834,Single_Gunshot,2015-06-06,01:58:10,WashingtonDC6D,38.878,-76.947
2513,5D49938,Gunshot_or_Firecracker,2015-06-06,01:58:58,WashingtonDC5D,38.905,-77.0
2514,7D163884,Multiple_Gunshots,2015-06-06,02:17:58,WashingtonDC7D,38.82,-77.007
2515,7D163886,Multiple_Gunshots,2015-06-06,02:18:05,WashingtonDC7D,38.83,-77.003
2516,7D163885,Single_Gunshot,2015-06-06,02:18:05,WashingtonDC7D,38.832,-77.003
2517,1D67331,Single_Gunshot,2015-06-06,02:29:15,WashingtonDC1D,38.894,-76.969
2518,6D129835,Single_Gunshot,2015-06-06,02:29:16,WashingtonDC6D,38.894,-76.969
2519,6D129836,Multiple_Gunshots,2015-06-06,02:40:08,WashingtonDC6D,38.886,-76.951
2520,4D43907,Single_Gunshot,2015-06-06,02:52:37,WashingtonDC4D,38.94,-77.025
2521,7D163887,Multiple_Gunshots,2015-06-06,03:18:52,WashingtonDC7D,38.845,-76.977
2522,7D163888,Multiple_Gunshots,2015-06-06,03:44:05,WashingtonDC7D,38.842,-76.987
2523,4D43908,Multiple_Gunshots,2015-06-06,03:59:19,WashingtonDC4D,38.955,-77.029
2524,4D43940,Gunshot_or_Firecracker,2015-06-06,09:50:01,WashingtonDC4D,38.956,-77.025
2525,6D129850,Gunshot_or_Firecracker,2015-06-06,18:15:18,WashingtonDC6D,38.887,-76.95
2526,7D164038,Multiple_Gunshots,2015-06-06,22:00:07,WashingtonDC7D,38.823,-77.002
2527,1D67349,Single_Gunshot,2015-06-06,22:53:21,WashingtonDC1D,38.875,-77.012
2528,6D129996,Single_Gunshot,2015-06-06,23:28:13,WashingtonDC6D,38.885,-76.95
2529,7D164057,Multiple_Gunshots,2015-06-06,23:31:32,WashingtonDC7D,38.832,-76.991
2530,6D130000,Single_Gunshot,2015-06-07,00:02:02,WashingtonDC6D,38.893,-76.925
2531,4D43975,Single_Gunshot,2015-06-07,00:11:35,WashingtonDC4D,38.942,-77.023
2532,7D164071,Single_Gunshot,2015-06-07,00:27:36,WashingtonDC7D,38.831,-76.997
2533,6D130001,Single_Gunshot,2015-06-07,00:42:10,WashingtonDC6D,38.892,-76.953
2534,7D164072,Multiple_Gunshots,2015-06-07,01:20:47,WashingtonDC7D,38.826,-76.999
2535,3D49523,Multiple_Gunshots,2015-06-07,01:29:53,WashingtonDC3D,38.915,-77.028
2536,6D130003,Single_Gunshot,2015-06-07,01:58:28,WashingtonDC6D,38.881,-76.937
2537,6D130005,Single_Gunshot,2015-06-07,02:21:56,WashingtonDC6D,38.876,-76.94
2538,7D164073,Single_Gunshot,2015-06-07,02:50:58,WashingtonDC7D,38.842,-76.992
2539,7D164074,Single_Gunshot,2015-06-07,02:56:14,WashingtonDC7D,38.843,-76.963
2540,7D164075,Multiple_Gunshots,2015-06-07,02:59:25,WashingtonDC7D,38.844,-76.996
2541,7D164076,Single_Gunshot,2015-06-07,03:06:07,WashingtonDC7D,38.822,-77.005
2542,7D164077,Multiple_Gunshots,2015-06-07,03:12:12,WashingtonDC7D,38.821,-77.006
2543,1D67350,Multiple_Gunshots,2015-06-07,03:57:41,WashingtonDC1D,38.877,-77.014
2544,1D67351,Single_Gunshot,2015-06-07,03:57:48,WashingtonDC1D,38.877,-77.015
2545,4D43976,Multiple_Gunshots,2015-06-07,04:22:28,WashingtonDC4D,38.951,-77.022
2546,5D49961,Single_Gunshot,2015-06-07,04:47:08,WashingtonDC5D,38.935,-76.962
2547,5D49962,Multiple_Gunshots,2015-06-07,04:47:59,WashingtonDC5D,38.932,-76.961
2548,7D164078,Single_Gunshot,2015-06-07,06:33:56,WashingtonDC7D,38.838,-76.992
2549,6D130011,Single_Gunshot,2015-06-07,10:56:54,WashingtonDC6D,38.901,-76.926
2550,7D164087,Single_Gunshot,2015-06-07,13:03:07,WashingtonDC7D,38.844,-76.986
2551,7D164088,Single_Gunshot,2015-06-07,13:03:54,WashingtonDC7D,38.842,-76.986
2552,7D164134,Multiple_Gunshots,2015-06-07,15:45:55,WashingtonDC7D,38.827,-76.998
2553,7D164184,Multiple_Gunshots,2015-06-07,16:55:59,WashingtonDC7D,38.836,-76.99
2554,1D67353,Single_Gunshot,2015-06-07,18:34:18,WashingtonDC1D,38.876,-77.013
2555,7D164220,Multiple_Gunshots,2015-06-07,19:58:53,WashingtonDC7D,38.844,-76.988
2556,7D164252,Multiple_Gunshots,2015-06-07,21:01:54,WashingtonDC7D,38.848,-76.983
2557,7D164254,Multiple_Gunshots,2015-06-07,21:04:27,WashingtonDC7D,38.848,-76.983
2558,6D130061,Multiple_Gunshots,2015-06-07,21:18:24,WashingtonDC6D,38.878,-76.928
2559,6D130063,Multiple_Gunshots,2015-06-07,21:42:50,WashingtonDC6D,38.897,-76.927
2560,5D49972,Gunshot_or_Firecracker,2015-06-07,21:53:32,WashingtonDC5D,38.912,-77.024
2561,7D164275,Multiple_Gunshots,2015-06-07,22:21:37,WashingtonDC7D,38.848,-76.978
2562,6D130066,Single_Gunshot,2015-06-07,23:06:51,WashingtonDC6D,38.889,-76.955
2563,7D164283,Multiple_Gunshots,2015-06-08,02:09:21,WashingtonDC7D,38.859,-76.993
2564,7D164284,Multiple_Gunshots,2015-06-08,02:09:28,WashingtonDC7D,38.859,-76.993
2565,6D130071,Multiple_Gunshots,2015-06-08,16:01:43,WashingtonDC6D,38.88,-76.928
2566,7D164290,Single_Gunshot,2015-06-08,18:18:05,WashingtonDC7D,38.843,-76.986
2567,7D164291,Single_Gunshot,2015-06-08,19:16:04,WashingtonDC7D,38.839,-76.989
2568,4D44004,Gunshot_or_Firecracker,2015-06-08,20:15:10,WashingtonDC4D,38.952,-77.032
2569,1D67363,Multiple_Gunshots,2015-06-08,21:22:57,WashingtonDC1D,38.896,-76.975
2570,6D130081,Single_Gunshot,2015-06-08,22:28:11,WashingtonDC6D,38.883,-76.94
2571,7D164315,Single_Gunshot,2015-06-08,22:45:12,WashingtonDC7D,38.842,-76.997
2572,7D164316,Single_Gunshot,2015-06-08,23:03:31,WashingtonDC7D,38.844,-76.977
2573,6D130083,Single_Gunshot,2015-06-09,00:12:18,WashingtonDC6D,38.869,-76.98
2574,6D130085,Multiple_Gunshots,2015-06-09,02:58:01,WashingtonDC6D,38.886,-76.951
2575,6D130086,Multiple_Gunshots,2015-06-09,02:58:09,WashingtonDC6D,38.886,-76.951
2576,7D164318,Single_Gunshot,2015-06-09,02:58:10,WashingtonDC7D,38.822,-77.0
2577,6D130087,Multiple_Gunshots,2015-06-09,02:58:17,WashingtonDC6D,38.886,-76.951
2578,6D130090,Multiple_Gunshots,2015-06-09,12:44:48,WashingtonDC6D,38.901,-76.936
2579,6D130094,Multiple_Gunshots,2015-06-09,14:51:19,WashingtonDC6D,38.889,-76.928
2580,6D130105,Single_Gunshot,2015-06-09,18:32:55,WashingtonDC6D,38.883,-76.935
2581,6D130115,Single_Gunshot,2015-06-09,20:18:20,WashingtonDC6D,38.883,-76.936
2582,1D67375,Single_Gunshot,2015-06-09,20:22:04,WashingtonDC1D,38.875,-77.013
2583,6D130122,Single_Gunshot,2015-06-09,20:49:41,WashingtonDC6D,38.87,-76.968
2584,7D164397,Multiple_Gunshots,2015-06-10,00:50:13,WashingtonDC7D,38.845,-76.972
2585,5D49982,Single_Gunshot,2015-06-10,00:58:59,WashingtonDC5D,38.923,-76.988
2586,7D164398,Single_Gunshot,2015-06-10,01:17:56,WashingtonDC7D,38.845,-76.978
2587,6D130129,Multiple_Gunshots,2015-06-10,01:33:54,WashingtonDC6D,38.872,-76.982
2588,7D164399,Multiple_Gunshots,2015-06-10,01:33:55,WashingtonDC7D,38.87,-76.98
2589,7D164400,Single_Gunshot,2015-06-10,01:49:19,WashingtonDC7D,38.83,-76.998
2590,6D130130,Single_Gunshot,2015-06-10,02:11:04,WashingtonDC6D,38.904,-76.933
2591,6D130131,Single_Gunshot,2015-06-10,02:12:14,WashingtonDC6D,38.902,-76.929
2592,7D164403,Multiple_Gunshots,2015-06-10,15:23:29,WashingtonDC7D,38.851,-76.974
2593,7D164509,Gunshot_or_Firecracker,2015-06-10,21:21:56,WashingtonDC7D,38.832,-76.999
2594,7D164553,Multiple_Gunshots,2015-06-10,23:17:17,WashingtonDC7D,38.845,-76.977
2595,1D67400,Single_Gunshot,2015-06-11,00:17:36,WashingtonDC1D,38.872,-77.011
2596,6D130184,Single_Gunshot,2015-06-11,01:13:12,WashingtonDC6D,38.884,-76.928
2597,7D164555,Multiple_Gunshots,2015-06-11,01:16:06,WashingtonDC7D,38.831,-77.006
2598,7D164556,Single_Gunshot,2015-06-11,01:28:50,WashingtonDC7D,38.86,-76.985
2599,6D130185,Single_Gunshot,2015-06-11,01:28:50,WashingtonDC6D,38.86,-76.985
2600,1D67401,Multiple_Gunshots,2015-06-11,01:36:20,WashingtonDC1D,38.889,-76.972
2601,7D164558,Multiple_Gunshots,2015-06-11,02:19:20,WashingtonDC7D,38.841,-76.987
2602,6D130186,Single_Gunshot,2015-06-11,03:15:19,WashingtonDC6D,38.875,-76.973
2603,7D164559,Single_Gunshot,2015-06-11,03:15:53,WashingtonDC7D,38.845,-76.985
2604,1D67402,Multiple_Gunshots,2015-06-11,05:40:33,WashingtonDC1D,38.893,-76.982
2605,6D130192,Multiple_Gunshots,2015-06-11,17:05:50,WashingtonDC6D,38.888,-76.959
2606,7D164606,Multiple_Gunshots,2015-06-11,22:15:15,WashingtonDC7D,38.848,-76.983
2607,1D67411,Single_Gunshot,2015-06-11,22:33:36,WashingtonDC1D,38.88,-76.989
2608,7D164612,Single_Gunshot,2015-06-12,00:36:25,WashingtonDC7D,38.841,-76.968
2609,7D164613,Single_Gunshot,2015-06-12,02:09:31,WashingtonDC7D,38.85,-76.973
2610,7D164614,Single_Gunshot,2015-06-12,03:37:45,WashingtonDC7D,38.844,-76.978
2611,6D130211,Multiple_Gunshots,2015-06-12,17:41:27,WashingtonDC6D,38.874,-76.965
2612,6D130212,Multiple_Gunshots,2015-06-12,17:41:32,WashingtonDC6D,38.874,-76.965
2613,6D130213,Single_Gunshot,2015-06-12,17:41:43,WashingtonDC6D,38.874,-76.965
2614,6D130214,Single_Gunshot,2015-06-12,17:42:26,WashingtonDC6D,38.874,-76.965
2615,5D50009,Gunshot_or_Firecracker,2015-06-12,21:50:10,WashingtonDC5D,38.926,-76.996
2616,3D49549,Gunshot_or_Firecracker,2015-06-12,22:05:54,WashingtonDC3D,38.904,-77.01
2617,7D164702,Multiple_Gunshots,2015-06-12,22:21:52,WashingtonDC7D,38.861,-76.997
2618,6D130318,Gunshot_or_Firecracker,2015-06-12,22:29:56,WashingtonDC6D,38.888,-76.954
2619,6D130322,Gunshot_or_Firecracker,2015-06-12,22:31:17,WashingtonDC6D,38.888,-76.955
2620,6D130335,Single_Gunshot,2015-06-12,22:35:27,WashingtonDC6D,38.888,-76.955
2621,5D50012,Gunshot_or_Firecracker,2015-06-12,23:23:16,WashingtonDC5D,38.909,-76.985
2622,6D130374,Multiple_Gunshots,2015-06-12,23:28:56,WashingtonDC6D,38.886,-76.951
2623,6D130375,Multiple_Gunshots,2015-06-12,23:29:08,WashingtonDC6D,38.886,-76.952
2624,6D130376,Single_Gunshot,2015-06-12,23:29:18,WashingtonDC6D,38.887,-76.952
2625,6D130378,Multiple_Gunshots,2015-06-12,23:29:20,WashingtonDC6D,38.886,-76.951
2626,6D130381,Multiple_Gunshots,2015-06-12,23:29:37,WashingtonDC6D,38.886,-76.952
2627,6D130382,Multiple_Gunshots,2015-06-12,23:29:43,WashingtonDC6D,38.886,-76.952
2628,6D130385,Single_Gunshot,2015-06-12,23:32:57,WashingtonDC6D,38.88,-76.938
2629,6D130389,Multiple_Gunshots,2015-06-12,23:41:58,WashingtonDC6D,38.868,-76.982
2630,4D44097,Gunshot_or_Firecracker,2015-06-12,23:56:51,WashingtonDC4D,38.936,-77.042
2631,5D50017,Gunshot_or_Firecracker,2015-06-13,00:11:58,WashingtonDC5D,38.922,-76.984
2632,6D130390,Gunshot_or_Firecracker,2015-06-13,00:15:53,WashingtonDC6D,38.886,-76.926
2633,5D50025,Gunshot_or_Firecracker,2015-06-13,00:51:27,WashingtonDC5D,38.915,-77.021
2634,6D130391,Single_Gunshot,2015-06-13,00:52:55,WashingtonDC6D,38.886,-76.954
2635,4D44099,Multiple_Gunshots,2015-06-13,01:02:08,WashingtonDC4D,38.955,-77.02
2636,3D49552,Single_Gunshot,2015-06-13,01:06:16,WashingtonDC3D,38.916,-77.021
2637,5D50026,Gunshot_or_Firecracker,2015-06-13,01:06:18,WashingtonDC5D,38.916,-77.021
2638,7D164731,Multiple_Gunshots,2015-06-13,01:11:13,WashingtonDC7D,38.852,-76.977
2639,7D164732,Multiple_Gunshots,2015-06-13,01:11:23,WashingtonDC7D,38.852,-76.978
2640,1D67426,Single_Gunshot,2015-06-13,01:29:16,WashingtonDC1D,38.877,-77.011
2641,7D164733,Single_Gunshot,2015-06-13,01:57:33,WashingtonDC7D,38.832,-76.998
2642,6D130393,Single_Gunshot,2015-06-13,02:00:01,WashingtonDC6D,38.885,-76.954
2643,7D164734,Single_Gunshot,2015-06-13,02:01:03,WashingtonDC7D,38.832,-76.998
2644,4D44100,Multiple_Gunshots,2015-06-13,02:21:18,WashingtonDC4D,38.96,-77.027
2645,6D130394,Single_Gunshot,2015-06-13,02:23:31,WashingtonDC6D,38.885,-76.955
2646,5D50027,Single_Gunshot,2015-06-13,03:33:46,WashingtonDC5D,38.909,-76.986
2647,5D50028,Gunshot_or_Firecracker,2015-06-13,03:44:54,WashingtonDC5D,38.909,-76.986
2648,6D130396,Multiple_Gunshots,2015-06-13,04:49:17,WashingtonDC6D,38.901,-76.934
2649,7D164739,Gunshot_or_Firecracker,2015-06-13,12:03:40,WashingtonDC7D,38.834,-76.991
2650,6D130401,Single_Gunshot,2015-06-13,12:23:32,WashingtonDC6D,38.884,-76.96
2651,7D164802,Multiple_Gunshots,2015-06-13,21:30:20,WashingtonDC7D,38.834,-76.994
2652,1D67450,Multiple_Gunshots,2015-06-13,21:34:48,WashingtonDC1D,38.904,-76.992
2653,4D44103,Single_Gunshot,2015-06-13,22:37:49,WashingtonDC4D,38.955,-77.018
2654,7D164851,Multiple_Gunshots,2015-06-13,23:40:45,WashingtonDC7D,38.829,-77.0
2655,1D67500,Single_Gunshot,2015-06-13,23:49:59,WashingtonDC1D,38.876,-77.011
2656,7D164861,Single_Gunshot,2015-06-14,00:02:38,WashingtonDC7D,38.862,-76.982
2657,1D67502,Single_Gunshot,2015-06-14,00:09:54,WashingtonDC1D,38.876,-77.011
2658,6D130449,Single_Gunshot,2015-06-14,00:13:33,WashingtonDC6D,38.885,-76.956
2659,7D164862,Single_Gunshot,2015-06-14,00:15:14,WashingtonDC7D,38.835,-76.992
2660,6D130450,Single_Gunshot,2015-06-14,00:24:34,WashingtonDC6D,38.894,-76.925
2661,5D50126,Single_Gunshot,2015-06-14,01:20:19,WashingtonDC5D,38.909,-76.984
2662,5D50127,Single_Gunshot,2015-06-14,01:26:23,WashingtonDC5D,38.909,-76.986
2663,1D67503,Single_Gunshot,2015-06-14,01:26:25,WashingtonDC1D,38.908,-76.986
2664,5D50128,Multiple_Gunshots,2015-06-14,01:26:46,WashingtonDC5D,38.903,-76.975
2665,1D67504,Multiple_Gunshots,2015-06-14,01:26:46,WashingtonDC1D,38.903,-76.975
2666,6D130453,Single_Gunshot,2015-06-14,02:00:15,WashingtonDC6D,38.895,-76.931
2667,7D164863,Single_Gunshot,2015-06-14,02:13:31,WashingtonDC7D,38.835,-76.984
2668,5D50129,Single_Gunshot,2015-06-14,02:32:08,WashingtonDC5D,38.904,-76.983
2669,7D164865,Single_Gunshot,2015-06-14,03:16:54,WashingtonDC7D,38.834,-76.993
2670,6D130454,Single_Gunshot,2015-06-14,03:23:04,WashingtonDC6D,38.899,-76.928
2671,5D50130,Single_Gunshot,2015-06-14,04:22:33,WashingtonDC5D,38.903,-76.984
2672,1D67505,Single_Gunshot,2015-06-14,04:22:34,WashingtonDC1D,38.903,-76.984
2673,4D44107,Single_Gunshot,2015-06-14,05:54:16,WashingtonDC4D,38.959,-77.021
2674,6D130457,Multiple_Gunshots,2015-06-14,11:47:41,WashingtonDC6D,38.888,-76.926
2675,6D130458,Multiple_Gunshots,2015-06-14,11:47:49,WashingtonDC6D,38.888,-76.925
2676,6D130461,Multiple_Gunshots,2015-06-14,13:19:32,WashingtonDC6D,38.892,-76.912
2677,6D130481,Gunshot_or_Firecracker,2015-06-14,19:09:37,WashingtonDC6D,38.9,-76.927
2678,7D164876,Single_Gunshot,2015-06-14,19:22:39,WashingtonDC7D,38.83,-77.007
2679,7D164877,Gunshot_or_Firecracker,2015-06-14,19:46:06,WashingtonDC7D,38.845,-76.998
2680,3D49562,Gunshot_or_Firecracker,2015-06-14,20:02:07,WashingtonDC3D,38.921,-77.033
2681,6D130519,Multiple_Gunshots,2015-06-14,23:07:45,WashingtonDC6D,38.886,-76.929
2682,7D164890,Single_Gunshot,2015-06-14,23:22:59,WashingtonDC7D,38.844,-76.987
2683,6D130520,Multiple_Gunshots,2015-06-14,23:31:24,WashingtonDC6D,38.887,-76.917
2684,6D130521,Multiple_Gunshots,2015-06-14,23:31:31,WashingtonDC6D,38.889,-76.917
2685,4D44111,Multiple_Gunshots,2015-06-14,23:45:57,WashingtonDC4D,38.956,-77.026
2686,6D130523,Single_Gunshot,2015-06-15,00:06:42,WashingtonDC6D,38.887,-76.951
2687,6D130524,Single_Gunshot,2015-06-15,00:07:35,WashingtonDC6D,38.887,-76.951
2688,7D164893,Multiple_Gunshots,2015-06-15,01:40:14,WashingtonDC7D,38.855,-76.969
2689,6D130527,Multiple_Gunshots,2015-06-15,01:40:19,WashingtonDC6D,38.862,-76.968
2690,6D130552,Multiple_Gunshots,2015-06-15,18:26:18,WashingtonDC6D,38.896,-76.913
2691,6D130553,Multiple_Gunshots,2015-06-15,18:26:26,WashingtonDC6D,38.896,-76.914
2692,7D164904,Single_Gunshot,2015-06-15,19:56:32,WashingtonDC7D,38.834,-76.988
2693,1D67521,Gunshot_or_Firecracker,2015-06-15,20:46:02,WashingtonDC1D,38.875,-77.012
2694,1D67528,Multiple_Gunshots,2015-06-15,21:16:33,WashingtonDC1D,38.897,-76.985
2695,5D50147,Gunshot_or_Firecracker,2015-06-15,21:16:34,WashingtonDC5D,38.898,-76.982
2696,5D50148,Gunshot_or_Firecracker,2015-06-15,21:20:46,WashingtonDC5D,38.921,-76.983
2697,7D164926,Single_Gunshot,2015-06-15,22:05:05,WashingtonDC7D,38.855,-76.991
2698,7D164928,Single_Gunshot,2015-06-15,22:39:53,WashingtonDC7D,38.855,-76.991
2699,7D164929,Multiple_Gunshots,2015-06-15,22:45:40,WashingtonDC7D,38.842,-76.987
2700,7D164930,Multiple_Gunshots,2015-06-15,22:45:47,WashingtonDC7D,38.842,-76.987
2701,6D130616,Multiple_Gunshots,2015-06-15,22:48:00,WashingtonDC6D,38.877,-76.932
2702,7D164936,Multiple_Gunshots,2015-06-16,00:12:51,WashingtonDC7D,38.862,-76.998
2703,6D130624,Multiple_Gunshots,2015-06-16,00:32:10,WashingtonDC6D,38.877,-76.932
2704,7D164941,Single_Gunshot,2015-06-16,02:17:29,WashingtonDC7D,38.845,-76.982
2705,6D130625,Single_Gunshot,2015-06-16,02:38:38,WashingtonDC6D,38.899,-76.927
2706,6D130626,Single_Gunshot,2015-06-16,02:38:46,WashingtonDC6D,38.899,-76.927
2707,6D130627,Multiple_Gunshots,2015-06-16,02:38:53,WashingtonDC6D,38.899,-76.927
2708,6D130628,Single_Gunshot,2015-06-16,02:48:01,WashingtonDC6D,38.892,-76.949
2709,6D130629,Multiple_Gunshots,2015-06-16,02:48:12,WashingtonDC6D,38.893,-76.948
2710,6D130630,Multiple_Gunshots,2015-06-16,04:27:29,WashingtonDC6D,38.887,-76.93
2711,3D49568,Gunshot_or_Firecracker,2015-06-16,13:08:32,WashingtonDC3D,38.925,-77.035
2712,4D44121,Multiple_Gunshots,2015-06-16,13:39:03,WashingtonDC4D,38.956,-77.025
2713,1D67552,Multiple_Gunshots,2015-06-16,21:33:20,WashingtonDC1D,38.901,-76.981
2714,7D164980,Single_Gunshot,2015-06-16,21:45:24,WashingtonDC7D,38.831,-76.998
2715,7D164998,Multiple_Gunshots,2015-06-16,23:09:02,WashingtonDC7D,38.845,-76.998
2716,6D130669,Multiple_Gunshots,2015-06-16,23:44:12,WashingtonDC6D,38.901,-76.934
2717,6D130671,Multiple_Gunshots,2015-06-16,23:45:49,WashingtonDC6D,38.901,-76.938
2718,6D130674,Single_Gunshot,2015-06-17,00:05:47,WashingtonDC6D,38.884,-76.945
2719,6D130681,Multiple_Gunshots,2015-06-17,00:06:59,WashingtonDC6D,38.885,-76.945
2720,1D67556,Multiple_Gunshots,2015-06-17,00:13:33,WashingtonDC1D,38.904,-76.985
2721,6D130686,Single_Gunshot,2015-06-17,00:26:45,WashingtonDC6D,38.912,-76.939
2722,7D164999,Single_Gunshot,2015-06-17,00:41:12,WashingtonDC7D,38.854,-76.973
2723,7D165000,Multiple_Gunshots,2015-06-17,01:02:57,WashingtonDC7D,38.854,-76.973
2724,5D50175,Single_Gunshot,2015-06-17,01:17:18,WashingtonDC5D,38.905,-77.011
2725,7D165001,Single_Gunshot,2015-06-17,01:33:02,WashingtonDC7D,38.856,-76.974
2726,6D130688,Multiple_Gunshots,2015-06-17,01:53:16,WashingtonDC6D,38.906,-76.927
2727,3D49570,Multiple_Gunshots,2015-06-17,04:00:41,WashingtonDC3D,38.924,-77.026
2728,7D165063,Gunshot_or_Firecracker,2015-06-17,20:51:10,WashingtonDC7D,38.848,-76.976
2729,4D44144,Single_Gunshot,2015-06-17,21:01:38,WashingtonDC4D,38.943,-77.024
2730,4D44145,Gunshot_or_Firecracker,2015-06-17,21:06:33,WashingtonDC4D,38.943,-77.024
2731,6D130813,Single_Gunshot,2015-06-17,22:21:39,WashingtonDC6D,38.905,-76.93
2732,6D130814,Multiple_Gunshots,2015-06-17,22:34:52,WashingtonDC6D,38.886,-76.951
2733,4D44152,Multiple_Gunshots,2015-06-17,22:52:07,WashingtonDC4D,38.943,-77.024
2734,7D165067,Single_Gunshot,2015-06-17,23:27:57,WashingtonDC7D,38.841,-77.004
2735,7D165068,Single_Gunshot,2015-06-18,01:27:04,WashingtonDC7D,38.841,-76.997
2736,5D50187,Single_Gunshot,2015-06-18,01:58:18,WashingtonDC5D,38.908,-76.984
2737,7D165069,Single_Gunshot,2015-06-18,02:20:58,WashingtonDC7D,38.847,-76.973
2738,7D165070,Multiple_Gunshots,2015-06-18,02:23:24,WashingtonDC7D,38.846,-76.972
2739,4D44155,Single_Gunshot,2015-06-18,04:33:09,WashingtonDC4D,38.947,-77.031
2740,5D50189,Single_Gunshot,2015-06-18,12:34:49,WashingtonDC5D,38.91,-77.009
2741,7D165071,Single_Gunshot,2015-06-18,16:51:37,WashingtonDC7D,38.835,-77.0
2742,7D165077,Multiple_Gunshots,2015-06-18,17:54:21,WashingtonDC7D,38.833,-77.003
2743,6D130843,Single_Gunshot,2015-06-18,22:09:45,WashingtonDC6D,38.898,-76.916
2744,6D130845,Multiple_Gunshots,2015-06-18,22:31:48,WashingtonDC6D,38.887,-76.959
2745,6D130850,Single_Gunshot,2015-06-18,23:11:27,WashingtonDC6D,38.877,-76.93
2746,5D50202,Multiple_Gunshots,2015-06-18,23:20:43,WashingtonDC5D,38.919,-76.983
2747,6D130852,Multiple_Gunshots,2015-06-18,23:24:44,WashingtonDC6D,38.877,-76.932
2748,3D49576,Multiple_Gunshots,2015-06-18,23:26:46,WashingtonDC3D,38.905,-77.019
2749,4D44164,Multiple_Gunshots,2015-06-19,01:27:29,WashingtonDC4D,38.959,-77.021
2750,6D130872,Single_Gunshot,2015-06-19,01:32:40,WashingtonDC6D,38.877,-76.961
2751,6D130873,Multiple_Gunshots,2015-06-19,02:00:26,WashingtonDC6D,38.899,-76.936
2752,1D67599,Single_Gunshot,2015-06-19,23:56:06,WashingtonDC1D,38.899,-76.982
2753,5D50222,Multiple_Gunshots,2015-06-20,00:00:19,WashingtonDC5D,38.923,-77.002
2754,1D67600,Single_Gunshot,2015-06-20,00:13:31,WashingtonDC1D,38.876,-77.011
2755,6D130948,Single_Gunshot,2015-06-20,00:26:02,WashingtonDC6D,38.884,-76.955
2756,6D130949,Single_Gunshot,2015-06-20,00:40:38,WashingtonDC6D,38.894,-76.92
2757,6D130951,Single_Gunshot,2015-06-20,00:58:14,WashingtonDC6D,38.892,-76.919
2758,3D49595,Single_Gunshot,2015-06-20,01:00:40,WashingtonDC3D,38.932,-77.036
2759,7D165222,Single_Gunshot,2015-06-20,01:24:44,WashingtonDC7D,38.832,-76.998
2760,7D165225,Single_Gunshot,2015-06-20,02:30:51,WashingtonDC7D,38.844,-76.987
2761,6D130952,Single_Gunshot,2015-06-20,02:43:46,WashingtonDC6D,38.89,-76.967
2762,7D165227,Single_Gunshot,2015-06-20,02:56:48,WashingtonDC7D,38.826,-76.988
2763,6D130954,Multiple_Gunshots,2015-06-20,03:09:46,WashingtonDC6D,38.893,-76.953
2764,6D130955,Single_Gunshot,2015-06-20,03:17:43,WashingtonDC6D,38.882,-76.928
2765,4D44178,Multiple_Gunshots,2015-06-20,03:48:53,WashingtonDC4D,38.95,-77.018
2766,6D130956,Single_Gunshot,2015-06-20,03:51:28,WashingtonDC6D,38.87,-76.949
2767,7D165229,Multiple_Gunshots,2015-06-20,03:55:15,WashingtonDC7D,38.854,-76.986
2768,7D165230,Multiple_Gunshots,2015-06-20,04:43:14,WashingtonDC7D,38.86,-76.989
2769,6D130957,Multiple_Gunshots,2015-06-20,04:43:14,WashingtonDC6D,38.861,-76.988
2770,6D130961,Multiple_Gunshots,2015-06-20,08:33:53,WashingtonDC6D,38.875,-76.963
2771,7D165259,Multiple_Gunshots,2015-06-20,17:21:57,WashingtonDC7D,38.85,-77.008
2772,4D44181,Single_Gunshot,2015-06-21,00:54:48,WashingtonDC4D,38.943,-77.014
2773,7D165325,Multiple_Gunshots,2015-06-21,01:01:52,WashingtonDC7D,38.829,-77.0
2774,6D131018,Multiple_Gunshots,2015-06-21,02:44:13,WashingtonDC6D,38.9,-76.932
2775,6D131022,Single_Gunshot,2015-06-21,06:19:39,WashingtonDC6D,38.886,-76.945
2776,7D165332,Multiple_Gunshots,2015-06-21,12:50:53,WashingtonDC7D,38.857,-76.968
2777,6D131031,Multiple_Gunshots,2015-06-21,15:35:07,WashingtonDC6D,38.896,-76.916
2778,1D67607,Multiple_Gunshots,2015-06-21,17:13:25,WashingtonDC1D,38.881,-77.016
2779,6D131059,Multiple_Gunshots,2015-06-21,19:29:25,WashingtonDC6D,38.858,-76.987
2780,7D165396,Multiple_Gunshots,2015-06-21,19:29:38,WashingtonDC7D,38.858,-76.988
2781,6D131060,Multiple_Gunshots,2015-06-21,19:29:38,WashingtonDC6D,38.858,-76.988
2782,7D165397,Single_Gunshot,2015-06-21,19:30:13,WashingtonDC7D,38.858,-76.987
2783,6D131099,Gunshot_or_Firecracker,2015-06-21,20:51:52,WashingtonDC6D,38.899,-76.938
2784,3D49613,Gunshot_or_Firecracker,2015-06-21,21:38:55,WashingtonDC3D,38.928,-77.033
2785,7D165527,Multiple_Gunshots,2015-06-21,21:51:31,WashingtonDC7D,38.829,-76.994
2786,5D50263,Gunshot_or_Firecracker,2015-06-21,22:05:20,WashingtonDC5D,38.909,-76.986
2787,6D131232,Single_Gunshot,2015-06-21,22:59:39,WashingtonDC6D,38.883,-76.948
2788,5D50274,Single_Gunshot,2015-06-21,23:07:26,WashingtonDC5D,38.896,-76.976
2789,7D165571,Multiple_Gunshots,2015-06-21,23:14:50,WashingtonDC7D,38.848,-76.97
2790,1D67646,Single_Gunshot,2015-06-21,23:15:55,WashingtonDC1D,38.903,-76.979
2791,7D165572,Single_Gunshot,2015-06-21,23:19:25,WashingtonDC7D,38.852,-76.972
2792,6D131246,Single_Gunshot,2015-06-21,23:36:28,WashingtonDC6D,38.883,-76.959
2793,6D131249,Multiple_Gunshots,2015-06-22,00:13:50,WashingtonDC6D,38.895,-76.92
2794,7D165573,Single_Gunshot,2015-06-22,00:18:19,WashingtonDC7D,38.834,-76.989
2795,7D165574,Multiple_Gunshots,2015-06-22,00:23:17,WashingtonDC7D,38.844,-76.977
2796,1D67648,Multiple_Gunshots,2015-06-22,01:27:23,WashingtonDC1D,38.901,-76.975
2797,6D131261,Single_Gunshot,2015-06-22,02:20:09,WashingtonDC6D,38.885,-76.93
2798,6D131262,Multiple_Gunshots,2015-06-22,02:22:43,WashingtonDC6D,38.894,-76.926
2799,3D49617,Single_Gunshot,2015-06-22,02:32:32,WashingtonDC3D,38.935,-77.032
2800,6D131263,Multiple_Gunshots,2015-06-22,02:54:18,WashingtonDC6D,38.905,-76.952
2801,7D165575,Multiple_Gunshots,2015-06-22,02:54:43,WashingtonDC7D,38.838,-76.99
2802,6D131264,Single_Gunshot,2015-06-22,03:12:22,WashingtonDC6D,38.89,-76.951
2803,7D165577,Single_Gunshot,2015-06-22,06:11:18,WashingtonDC7D,38.846,-76.997
2804,7D165605,Multiple_Gunshots,2015-06-22,18:05:40,WashingtonDC7D,38.831,-76.998
2805,6D131292,Multiple_Gunshots,2015-06-22,19:30:53,WashingtonDC6D,38.894,-76.917
2806,5D50291,Gunshot_or_Firecracker,2015-06-22,19:34:11,WashingtonDC5D,38.906,-76.982
2807,7D165623,Single_Gunshot,2015-06-22,21:07:04,WashingtonDC7D,38.834,-76.991
2808,7D165637,Multiple_Gunshots,2015-06-22,21:10:36,WashingtonDC7D,38.828,-76.998
2809,7D165638,Multiple_Gunshots,2015-06-22,21:10:41,WashingtonDC7D,38.828,-76.998
2810,7D165645,Multiple_Gunshots,2015-06-22,21:11:52,WashingtonDC7D,38.828,-76.998
2811,7D165700,Single_Gunshot,2015-06-22,22:52:40,WashingtonDC7D,38.859,-76.997
2812,7D165713,Single_Gunshot,2015-06-22,22:59:13,WashingtonDC7D,38.83,-76.994
2813,7D165715,Single_Gunshot,2015-06-22,23:13:48,WashingtonDC7D,38.828,-76.998
2814,7D165716,Multiple_Gunshots,2015-06-23,12:12:02,WashingtonDC7D,38.838,-77.005
2815,7D165730,Multiple_Gunshots,2015-06-23,14:55:49,WashingtonDC7D,38.836,-77.004
2816,7D165731,Multiple_Gunshots,2015-06-23,14:56:14,WashingtonDC7D,38.836,-77.005
2817,7D165732,Multiple_Gunshots,2015-06-23,14:58:59,WashingtonDC7D,38.837,-77.004
2818,1D67668,Single_Gunshot,2015-06-23,18:55:49,WashingtonDC1D,38.867,-77.004
2819,5D50334,Gunshot_or_Firecracker,2015-06-23,20:19:45,WashingtonDC5D,38.903,-76.983
2820,7D165772,Single_Gunshot,2015-06-23,21:20:43,WashingtonDC7D,38.829,-77.003
2821,3D49662,Single_Gunshot,2015-06-23,21:29:07,WashingtonDC3D,38.912,-77.025
2822,7D165778,Multiple_Gunshots,2015-06-23,22:56:20,WashingtonDC7D,38.843,-76.992
2823,6D131347,Single_Gunshot,2015-06-23,23:18:18,WashingtonDC6D,38.892,-76.922
2824,7D165779,Multiple_Gunshots,2015-06-24,00:15:46,WashingtonDC7D,38.817,-77.009
2825,6D131353,Multiple_Gunshots,2015-06-24,00:37:04,WashingtonDC6D,38.88,-76.928
2826,1D67682,Multiple_Gunshots,2015-06-24,01:48:50,WashingtonDC1D,38.898,-76.983
2827,7D165780,Multiple_Gunshots,2015-06-24,02:13:53,WashingtonDC7D,38.825,-77.009
2828,5D50339,Multiple_Gunshots,2015-06-24,02:19:09,WashingtonDC5D,38.924,-76.987
2829,6D131357,Multiple_Gunshots,2015-06-24,02:25:03,WashingtonDC6D,38.904,-76.951
2830,3D49669,Multiple_Gunshots,2015-06-24,11:58:58,WashingtonDC3D,38.923,-77.036
2831,3D49670,Multiple_Gunshots,2015-06-24,12:06:33,WashingtonDC3D,38.925,-77.038
2832,3D49671,Multiple_Gunshots,2015-06-24,12:06:42,WashingtonDC3D,38.925,-77.038
2833,3D49672,Multiple_Gunshots,2015-06-24,12:08:18,WashingtonDC3D,38.925,-77.038
2834,6D131362,Single_Gunshot,2015-06-24,13:10:58,WashingtonDC6D,38.902,-76.929
2835,7D165782,Multiple_Gunshots,2015-06-24,13:31:44,WashingtonDC7D,38.857,-76.97
2836,1D67713,Single_Gunshot,2015-06-24,20:49:21,WashingtonDC1D,38.896,-76.982
2837,5D50353,Multiple_Gunshots,2015-06-24,23:05:30,WashingtonDC5D,38.907,-77.01
2838,1D67718,Single_Gunshot,2015-06-24,23:16:38,WashingtonDC1D,38.872,-77.016
2839,7D165990,Multiple_Gunshots,2015-06-24,23:53:34,WashingtonDC7D,38.841,-77.006
2840,4D44227,Multiple_Gunshots,2015-06-24,23:56:00,WashingtonDC4D,38.948,-77.019
2841,6D131460,Single_Gunshot,2015-06-25,00:11:16,WashingtonDC6D,38.885,-76.952
2842,7D165994,Multiple_Gunshots,2015-06-25,00:38:39,WashingtonDC7D,38.85,-76.968
2843,6D131465,Multiple_Gunshots,2015-06-25,02:49:31,WashingtonDC6D,38.869,-76.988
2844,7D165996,Single_Gunshot,2015-06-25,02:59:18,WashingtonDC7D,38.831,-77.011
2845,6D131466,Single_Gunshot,2015-06-25,03:06:41,WashingtonDC6D,38.911,-76.938
2846,6D131467,Single_Gunshot,2015-06-25,03:28:17,WashingtonDC6D,38.896,-76.921
2847,4D44229,Multiple_Gunshots,2015-06-25,03:35:38,WashingtonDC4D,38.947,-77.022
2848,5D50356,Multiple_Gunshots,2015-06-25,03:35:46,WashingtonDC5D,38.926,-77.012
2849,4D44231,Multiple_Gunshots,2015-06-25,03:35:51,WashingtonDC4D,38.947,-77.022
2850,6D131469,Single_Gunshot,2015-06-25,09:30:24,WashingtonDC6D,38.902,-76.93
2851,1D67727,Single_Gunshot,2015-06-25,12:54:12,WashingtonDC1D,38.872,-77.013
2852,7D166003,Multiple_Gunshots,2015-06-25,12:55:10,WashingtonDC7D,38.841,-76.994
2853,7D166051,Multiple_Gunshots,2015-06-25,17:21:56,WashingtonDC7D,38.848,-76.963
2854,7D166140,Multiple_Gunshots,2015-06-25,20:43:33,WashingtonDC7D,38.861,-76.982
2855,6D131517,Multiple_Gunshots,2015-06-25,20:43:34,WashingtonDC6D,38.861,-76.982
2856,7D166141,Multiple_Gunshots,2015-06-25,20:43:39,WashingtonDC7D,38.861,-76.981
2857,7D166225,Multiple_Gunshots,2015-06-25,22:29:08,WashingtonDC7D,38.847,-76.999
2858,6D131549,Single_Gunshot,2015-06-25,23:41:17,WashingtonDC6D,38.891,-76.951
2859,6D131551,Single_Gunshot,2015-06-25,23:47:47,WashingtonDC6D,38.886,-76.936
2860,6D131552,Single_Gunshot,2015-06-25,23:47:58,WashingtonDC6D,38.886,-76.936
2861,7D166239,Single_Gunshot,2015-06-26,00:25:22,WashingtonDC7D,38.846,-77.002
2862,7D166241,Single_Gunshot,2015-06-26,02:24:50,WashingtonDC7D,38.839,-76.989
2863,4D44243,Multiple_Gunshots,2015-06-26,03:51:28,WashingtonDC4D,38.947,-77.026
2864,7D166281,Multiple_Gunshots,2015-06-26,15:28:23,WashingtonDC7D,38.826,-76.995
2865,1D67798,Gunshot_or_Firecracker,2015-06-26,15:54:05,WashingtonDC1D,38.897,-76.976
2866,7D166288,Multiple_Gunshots,2015-06-26,15:59:50,WashingtonDC7D,38.848,-76.972
2867,7D166289,Multiple_Gunshots,2015-06-26,15:59:58,WashingtonDC7D,38.848,-76.972
2868,7D166347,Multiple_Gunshots,2015-06-26,18:13:21,WashingtonDC7D,38.847,-76.973
2869,7D166348,Multiple_Gunshots,2015-06-26,18:13:34,WashingtonDC7D,38.847,-76.973
2870,7D166358,Multiple_Gunshots,2015-06-26,18:32:30,WashingtonDC7D,38.845,-76.973
2871,4D44260,Multiple_Gunshots,2015-06-26,19:00:30,WashingtonDC4D,38.959,-77.026
2872,7D166383,Multiple_Gunshots,2015-06-26,19:33:28,WashingtonDC7D,38.845,-76.973
2873,7D166398,Single_Gunshot,2015-06-26,20:06:10,WashingtonDC7D,38.818,-77.002
2874,6D131637,Gunshot_or_Firecracker,2015-06-26,21:07:50,WashingtonDC6D,38.901,-76.934
2875,5D50389,Multiple_Gunshots,2015-06-26,22:00:10,WashingtonDC5D,38.896,-76.971
2876,7D166513,Multiple_Gunshots,2015-06-26,22:09:43,WashingtonDC7D,38.849,-76.985
2877,5D50406,Single_Gunshot,2015-06-26,22:22:03,WashingtonDC5D,38.9,-76.979
2878,7D166556,Multiple_Gunshots,2015-06-26,22:35:19,WashingtonDC7D,38.825,-77.008
2879,6D131777,Single_Gunshot,2015-06-26,22:38:42,WashingtonDC6D,38.884,-76.923
2880,7D166563,Multiple_Gunshots,2015-06-26,22:39:54,WashingtonDC7D,38.827,-77.0
2881,1D67922,Multiple_Gunshots,2015-06-26,22:41:39,WashingtonDC1D,38.904,-76.965
2882,6D131779,Single_Gunshot,2015-06-26,22:47:09,WashingtonDC6D,38.884,-76.922
2883,7D166565,Multiple_Gunshots,2015-06-26,22:48:10,WashingtonDC7D,38.834,-76.998
2884,6D131802,Single_Gunshot,2015-06-26,23:16:13,WashingtonDC6D,38.889,-76.955
2885,6D131813,Single_Gunshot,2015-06-26,23:34:04,WashingtonDC6D,38.888,-76.918
2886,7D166611,Single_Gunshot,2015-06-26,23:42:41,WashingtonDC7D,38.843,-76.985
2887,5D50423,Multiple_Gunshots,2015-06-26,23:48:11,WashingtonDC5D,38.909,-76.984
2888,5D50424,Multiple_Gunshots,2015-06-26,23:48:14,WashingtonDC5D,38.908,-76.984
2889,5D50426,Multiple_Gunshots,2015-06-26,23:48:20,WashingtonDC5D,38.91,-76.989
2890,7D166630,Single_Gunshot,2015-06-27,00:20:26,WashingtonDC7D,38.844,-76.985
2891,7D166647,Multiple_Gunshots,2015-06-27,00:32:48,WashingtonDC7D,38.832,-76.988
2892,7D166648,Multiple_Gunshots,2015-06-27,00:32:50,WashingtonDC7D,38.832,-76.988
2893,5D50429,Single_Gunshot,2015-06-27,00:35:21,WashingtonDC5D,38.922,-76.984
2894,5D50430,Single_Gunshot,2015-06-27,00:35:46,WashingtonDC5D,38.922,-76.984
2895,7D166660,Multiple_Gunshots,2015-06-27,00:41:18,WashingtonDC7D,38.827,-76.998
2896,7D166662,Single_Gunshot,2015-06-27,00:41:24,WashingtonDC7D,38.827,-76.998
2897,4D44264,Single_Gunshot,2015-06-27,00:45:04,WashingtonDC4D,38.959,-77.008
2898,7D166677,Single_Gunshot,2015-06-27,01:01:09,WashingtonDC7D,38.832,-76.993
2899,4D44266,Multiple_Gunshots,2015-06-27,01:07:14,WashingtonDC4D,38.946,-77.02
2900,7D166681,Multiple_Gunshots,2015-06-27,01:10:05,WashingtonDC7D,38.861,-76.962
2901,6D131828,Single_Gunshot,2015-06-27,01:21:15,WashingtonDC6D,38.903,-76.936
2902,7D166686,Single_Gunshot,2015-06-27,01:48:06,WashingtonDC7D,38.858,-76.973
2903,5D50431,Multiple_Gunshots,2015-06-27,02:04:53,WashingtonDC5D,38.928,-76.971
2904,4D44267,Single_Gunshot,2015-06-27,02:28:21,WashingtonDC4D,38.95,-77.027
2905,7D166687,Multiple_Gunshots,2015-06-27,02:29:34,WashingtonDC7D,38.827,-76.979
2906,7D166689,Single_Gunshot,2015-06-27,02:58:49,WashingtonDC7D,38.85,-76.973
2907,7D166690,Multiple_Gunshots,2015-06-27,03:03:03,WashingtonDC7D,38.821,-77.009
2908,7D166691,Multiple_Gunshots,2015-06-27,03:06:55,WashingtonDC7D,38.854,-76.966
2909,6D131840,Multiple_Gunshots,2015-06-27,03:13:18,WashingtonDC6D,38.891,-76.951
2910,6D131841,Single_Gunshot,2015-06-27,03:13:27,WashingtonDC6D,38.892,-76.951
2911,6D131842,Single_Gunshot,2015-06-27,03:13:28,WashingtonDC6D,38.892,-76.951
2912,1D67939,Multiple_Gunshots,2015-06-27,03:13:49,WashingtonDC1D,38.892,-76.966
2913,5D50432,Multiple_Gunshots,2015-06-27,04:04:40,WashingtonDC5D,38.907,-77.01
2914,3D49715,Multiple_Gunshots,2015-06-27,04:04:42,WashingtonDC3D,38.907,-77.009
2915,6D131847,Multiple_Gunshots,2015-06-27,04:14:49,WashingtonDC6D,38.893,-76.932
2916,1D67942,Multiple_Gunshots,2015-06-27,04:27:25,WashingtonDC1D,38.896,-76.981
2917,5D50434,Multiple_Gunshots,2015-06-27,04:27:29,WashingtonDC5D,38.896,-76.991
2918,1D67943,Multiple_Gunshots,2015-06-27,04:30:09,WashingtonDC1D,38.897,-76.983
2919,7D166718,Gunshot_or_Firecracker,2015-06-27,19:38:31,WashingtonDC7D,38.827,-76.999
2920,7D166751,Multiple_Gunshots,2015-06-27,21:43:44,WashingtonDC7D,38.855,-76.979
2921,5D50447,Single_Gunshot,2015-06-27,22:35:17,WashingtonDC5D,38.933,-76.968
2922,7D166796,Single_Gunshot,2015-06-27,23:28:29,WashingtonDC7D,38.858,-76.973
2923,7D166806,Single_Gunshot,2015-06-27,23:59:53,WashingtonDC7D,38.858,-76.973
2924,6D131887,Single_Gunshot,2015-06-28,00:14:52,WashingtonDC6D,38.898,-76.921
2925,5D50453,Single_Gunshot,2015-06-28,00:18:27,WashingtonDC5D,38.922,-76.974
2926,1D67961,Single_Gunshot,2015-06-28,00:45:32,WashingtonDC1D,38.877,-77.015
2927,1D67962,Single_Gunshot,2015-06-28,01:25:49,WashingtonDC1D,38.905,-76.984
2928,7D166809,Multiple_Gunshots,2015-06-28,02:04:15,WashingtonDC7D,38.841,-76.987
2929,7D166810,Multiple_Gunshots,2015-06-28,02:08:03,WashingtonDC7D,38.84,-76.989
2930,5D50455,Multiple_Gunshots,2015-06-28,02:39:54,WashingtonDC5D,38.926,-76.973
2931,6D131894,Multiple_Gunshots,2015-06-28,03:49:47,WashingtonDC6D,38.911,-76.942
2932,6D131896,Multiple_Gunshots,2015-06-28,04:31:46,WashingtonDC6D,38.884,-76.942
2933,7D166816,Multiple_Gunshots,2015-06-28,12:05:31,WashingtonDC7D,38.847,-76.97
2934,7D166884,Multiple_Gunshots,2015-06-28,16:49:37,WashingtonDC7D,38.834,-76.996
2935,1D67975,Multiple_Gunshots,2015-06-28,17:09:17,WashingtonDC1D,38.896,-76.981
2936,7D166903,Multiple_Gunshots,2015-06-28,18:10:06,WashingtonDC7D,38.859,-76.998
2937,7D166950,Single_Gunshot,2015-06-28,19:21:52,WashingtonDC7D,38.843,-76.987
2938,7D166955,Single_Gunshot,2015-06-28,19:27:51,WashingtonDC7D,38.852,-76.978
2939,7D166956,Single_Gunshot,2015-06-28,19:27:52,WashingtonDC7D,38.852,-76.978
2940,7D166957,Multiple_Gunshots,2015-06-28,19:27:55,WashingtonDC7D,38.852,-76.978
2941,6D132010,Multiple_Gunshots,2015-06-28,21:06:11,WashingtonDC6D,38.879,-76.926
2942,7D167055,Multiple_Gunshots,2015-06-28,21:07:57,WashingtonDC7D,38.846,-77.001
2943,7D167059,Single_Gunshot,2015-06-28,21:18:14,WashingtonDC7D,38.854,-76.986
2944,6D132054,Multiple_Gunshots,2015-06-28,21:46:17,WashingtonDC6D,38.896,-76.927
2945,5D50491,Single_Gunshot,2015-06-28,22:30:16,WashingtonDC5D,38.923,-76.957
2946,6D132089,Single_Gunshot,2015-06-28,23:05:24,WashingtonDC6D,38.884,-76.929
2947,5D50510,Single_Gunshot,2015-06-28,23:40:08,WashingtonDC5D,38.918,-76.97
2948,6D132096,Single_Gunshot,2015-06-29,00:13:35,WashingtonDC6D,38.898,-76.92
2949,7D167162,Single_Gunshot,2015-06-29,01:46:39,WashingtonDC7D,38.844,-77.001
2950,7D167163,Multiple_Gunshots,2015-06-29,02:11:38,WashingtonDC7D,38.827,-77.003
2951,7D167164,Single_Gunshot,2015-06-29,02:25:35,WashingtonDC7D,38.839,-76.989
2952,7D167165,Multiple_Gunshots,2015-06-29,02:25:48,WashingtonDC7D,38.839,-76.989
2953,1D68014,Multiple_Gunshots,2015-06-29,02:27:41,WashingtonDC1D,38.877,-77.015
2954,6D132102,Multiple_Gunshots,2015-06-29,06:15:11,WashingtonDC6D,38.882,-76.941
2955,7D167168,Multiple_Gunshots,2015-06-29,11:01:29,WashingtonDC7D,38.829,-77.003
2956,7D167170,Multiple_Gunshots,2015-06-29,11:11:06,WashingtonDC7D,38.848,-76.98
2957,7D167189,Multiple_Gunshots,2015-06-29,17:08:21,WashingtonDC7D,38.826,-76.999
2958,1D68074,Single_Gunshot,2015-06-29,18:11:49,WashingtonDC1D,38.875,-77.012
2959,1D68075,Single_Gunshot,2015-06-29,18:17:30,WashingtonDC1D,38.891,-76.975
2960,7D167221,Single_Gunshot,2015-06-29,19:07:05,WashingtonDC7D,38.859,-76.987
2961,7D167269,Multiple_Gunshots,2015-06-29,20:44:25,WashingtonDC7D,38.847,-76.973
2962,7D167278,Multiple_Gunshots,2015-06-29,20:57:41,WashingtonDC7D,38.84,-76.99
2963,7D167283,Multiple_Gunshots,2015-06-29,20:58:54,WashingtonDC7D,38.831,-77.006
2964,1D68112,Multiple_Gunshots,2015-06-29,21:09:32,WashingtonDC1D,38.887,-76.991
2965,3D49764,Multiple_Gunshots,2015-06-29,21:19:56,WashingtonDC3D,38.903,-77.01
2966,7D167333,Single_Gunshot,2015-06-29,21:40:14,WashingtonDC7D,38.859,-76.998
2967,6D132208,Single_Gunshot,2015-06-29,21:40:32,WashingtonDC6D,38.898,-76.943
2968,7D167336,Multiple_Gunshots,2015-06-29,21:42:16,WashingtonDC7D,38.827,-76.998
2969,1D68136,Multiple_Gunshots,2015-06-29,23:56:51,WashingtonDC1D,38.86,-77.0
2970,3D49785,Multiple_Gunshots,2015-06-30,00:31:33,WashingtonDC3D,38.916,-77.036
2971,3D49786,Multiple_Gunshots,2015-06-30,01:39:56,WashingtonDC3D,38.914,-77.031
2972,6D132350,Single_Gunshot,2015-06-30,03:30:19,WashingtonDC6D,38.876,-76.925
2973,7D167464,Multiple_Gunshots,2015-06-30,13:12:30,WashingtonDC7D,38.826,-76.999
2974,6D132359,Multiple_Gunshots,2015-06-30,14:12:56,WashingtonDC6D,38.894,-76.925
2975,6D132373,Multiple_Gunshots,2015-06-30,20:00:58,WashingtonDC6D,38.863,-76.969
2976,7D167566,Multiple_Gunshots,2015-06-30,20:48:02,WashingtonDC7D,38.848,-76.983
2977,7D167579,Multiple_Gunshots,2015-06-30,21:05:20,WashingtonDC7D,38.853,-76.982
2978,7D167584,Single_Gunshot,2015-06-30,21:06:48,WashingtonDC7D,38.857,-76.987
2979,4D44341,Gunshot_or_Firecracker,2015-06-30,21:11:53,WashingtonDC4D,38.953,-77.019
2980,3D49805,Gunshot_or_Firecracker,2015-06-30,21:12:31,WashingtonDC3D,38.913,-77.014
2981,7D167651,Multiple_Gunshots,2015-06-30,21:53:50,WashingtonDC7D,38.827,-77.006
2982,5D50592,Multiple_Gunshots,2015-06-30,21:56:40,WashingtonDC5D,38.913,-77.006
2983,7D167679,Multiple_Gunshots,2015-06-30,22:07:02,WashingtonDC7D,38.827,-76.998
2984,7D167699,Gunshot_or_Firecracker,2015-06-30,22:22:22,WashingtonDC7D,38.831,-77.004
2985,5D50600,Gunshot_or_Firecracker,2015-06-30,23:02:59,WashingtonDC5D,38.922,-76.985
2986,7D167735,Single_Gunshot,2015-06-30,23:24:51,WashingtonDC7D,38.844,-76.973
2987,7D167736,Multiple_Gunshots,2015-06-30,23:38:57,WashingtonDC7D,38.855,-76.969
2988,7D167737,Multiple_Gunshots,2015-06-30,23:39:42,WashingtonDC7D,38.855,-76.97
2989,5D50609,Multiple_Gunshots,2015-07-01,00:24:08,WashingtonDC5D,38.913,-77.018
2990,3D49846,Single_Gunshot,2015-07-01,00:27:23,WashingtonDC3D,38.912,-77.027
2991,6D132454,Multiple_Gunshots,2015-07-01,00:55:27,WashingtonDC6D,38.895,-76.924
2992,6D132455,Single_Gunshot,2015-07-01,04:41:32,WashingtonDC6D,38.901,-76.932
2993,7D167832,Single_Gunshot,2015-07-01,18:32:22,WashingtonDC7D,38.844,-76.979
2994,7D167847,Single_Gunshot,2015-07-01,18:41:10,WashingtonDC7D,38.834,-76.991
2995,7D167848,Gunshot_or_Firecracker,2015-07-01,18:41:29,WashingtonDC7D,38.86,-76.998
2996,1D68218,Gunshot_or_Firecracker,2015-07-01,19:35:07,WashingtonDC1D,38.897,-76.978
2997,7D167945,Multiple_Gunshots,2015-07-01,19:46:54,WashingtonDC7D,38.848,-76.977
2998,1D68220,Multiple_Gunshots,2015-07-01,20:04:57,WashingtonDC1D,38.861,-77.001
2999,1D68221,Multiple_Gunshots,2015-07-01,20:05:07,WashingtonDC1D,38.861,-77.0
3000,7D167955,Single_Gunshot,2015-07-01,20:06:22,WashingtonDC7D,38.844,-77.0
3001,1D68222,Single_Gunshot,2015-07-01,20:10:46,WashingtonDC1D,38.894,-76.983
3002,1D68223,Single_Gunshot,2015-07-01,20:15:35,WashingtonDC1D,38.895,-76.981
3003,7D167997,Multiple_Gunshots,2015-07-01,20:27:04,WashingtonDC7D,38.831,-76.998
3004,7D168002,Single_Gunshot,2015-07-01,20:30:38,WashingtonDC7D,38.856,-76.973
3005,7D168003,Multiple_Gunshots,2015-07-01,20:32:19,WashingtonDC7D,38.831,-76.997
3006,7D168012,Single_Gunshot,2015-07-01,20:39:33,WashingtonDC7D,38.831,-77.004
3007,4D44410,Single_Gunshot,2015-07-01,21:02:28,WashingtonDC4D,38.951,-77.026
3008,7D168052,Multiple_Gunshots,2015-07-01,21:37:39,WashingtonDC7D,38.859,-76.998
3009,7D168053,Gunshot_or_Firecracker,2015-07-01,21:37:43,WashingtonDC7D,38.854,-76.998
3010,7D168070,Multiple_Gunshots,2015-07-01,21:48:01,WashingtonDC7D,38.819,-76.996
3011,7D168071,Multiple_Gunshots,2015-07-01,21:48:10,WashingtonDC7D,38.818,-76.996
3012,6D132605,Multiple_Gunshots,2015-07-01,21:54:00,WashingtonDC6D,38.897,-76.941
3013,6D132620,Multiple_Gunshots,2015-07-01,21:57:38,WashingtonDC6D,38.889,-76.919
3014,7D168084,Multiple_Gunshots,2015-07-01,21:57:42,WashingtonDC7D,38.852,-76.982
3015,6D132632,Multiple_Gunshots,2015-07-01,22:06:46,WashingtonDC6D,38.889,-76.919
3016,1D68275,Single_Gunshot,2015-07-01,22:08:53,WashingtonDC1D,38.899,-76.978
3017,7D168096,Multiple_Gunshots,2015-07-01,22:11:27,WashingtonDC7D,38.823,-77.0
3018,7D168098,Multiple_Gunshots,2015-07-01,22:13:47,WashingtonDC7D,38.846,-77.001
3019,5D50685,Gunshot_or_Firecracker,2015-07-01,22:15:15,WashingtonDC5D,38.923,-76.987
3020,6D132637,Multiple_Gunshots,2015-07-01,22:17:12,WashingtonDC6D,38.885,-76.945
3021,6D132642,Multiple_Gunshots,2015-07-01,22:18:43,WashingtonDC6D,38.885,-76.945
3022,6D132644,Multiple_Gunshots,2015-07-01,22:19:23,WashingtonDC6D,38.891,-76.949
3023,7D168111,Multiple_Gunshots,2015-07-01,22:26:40,WashingtonDC7D,38.854,-76.973
3024,7D168113,Gunshot_or_Firecracker,2015-07-01,22:26:47,WashingtonDC7D,38.862,-76.988
3025,6D132666,Gunshot_or_Firecracker,2015-07-01,22:33:54,WashingtonDC6D,38.909,-76.931
3026,7D168121,Multiple_Gunshots,2015-07-01,22:38:16,WashingtonDC7D,38.826,-77.007
3027,1D68285,Single_Gunshot,2015-07-01,22:46:05,WashingtonDC1D,38.897,-76.977
3028,7D168148,Multiple_Gunshots,2015-07-01,22:49:49,WashingtonDC7D,38.853,-76.982
3029,7D168151,Multiple_Gunshots,2015-07-01,22:55:29,WashingtonDC7D,38.861,-77.001
3030,4D44436,Single_Gunshot,2015-07-01,22:55:38,WashingtonDC4D,38.948,-77.034
3031,1D68286,Single_Gunshot,2015-07-01,22:56:18,WashingtonDC1D,38.861,-76.999
3032,1D68287,Single_Gunshot,2015-07-01,22:56:26,WashingtonDC1D,38.861,-76.999
3033,7D168161,Gunshot_or_Firecracker,2015-07-01,23:08:50,WashingtonDC7D,38.84,-76.997
3034,5D50691,Single_Gunshot,2015-07-01,23:13:40,WashingtonDC5D,38.909,-76.986
3035,1D68288,Single_Gunshot,2015-07-01,23:13:42,WashingtonDC1D,38.909,-76.986
3036,5D50693,Multiple_Gunshots,2015-07-01,23:22:37,WashingtonDC5D,38.909,-76.985
3037,1D68291,Single_Gunshot,2015-07-01,23:29:00,WashingtonDC1D,38.901,-76.986
3038,6D132694,Gunshot_or_Firecracker,2015-07-01,23:29:34,WashingtonDC6D,38.898,-76.941
3039,6D132710,Single_Gunshot,2015-07-01,23:52:39,WashingtonDC6D,38.912,-76.937
3040,7D168182,Gunshot_or_Firecracker,2015-07-01,23:54:35,WashingtonDC7D,38.863,-76.988
3041,3D49902,Gunshot_or_Firecracker,2015-07-02,00:01:51,WashingtonDC3D,38.928,-77.031
3042,1D68292,Single_Gunshot,2015-07-02,00:02:13,WashingtonDC1D,38.896,-76.973
3043,1D68293,Multiple_Gunshots,2015-07-02,00:05:17,WashingtonDC1D,38.9,-76.973
3044,1D68294,Gunshot_or_Firecracker,2015-07-02,00:05:32,WashingtonDC1D,38.9,-76.973
3045,6D132728,Multiple_Gunshots,2015-07-02,00:14:13,WashingtonDC6D,38.881,-76.932
3046,7D168186,Multiple_Gunshots,2015-07-02,00:17:33,WashingtonDC7D,38.851,-76.973
3047,6D132730,Single_Gunshot,2015-07-02,00:18:04,WashingtonDC6D,38.895,-76.924
3048,3D49903,Single_Gunshot,2015-07-02,00:20:29,WashingtonDC3D,38.922,-77.026
3049,4D44446,Multiple_Gunshots,2015-07-02,00:28:22,WashingtonDC4D,38.947,-77.025
3050,1D68302,Multiple_Gunshots,2015-07-02,00:35:10,WashingtonDC1D,38.899,-76.984
3051,7D168190,Multiple_Gunshots,2015-07-02,00:35:53,WashingtonDC7D,38.86,-77.0
3052,6D132743,Multiple_Gunshots,2015-07-02,00:58:15,WashingtonDC6D,38.909,-76.942
3053,5D50700,Single_Gunshot,2015-07-02,01:00:54,WashingtonDC5D,38.895,-76.978
3054,1D68305,Single_Gunshot,2015-07-02,01:00:54,WashingtonDC1D,38.895,-76.978
3055,7D168194,Multiple_Gunshots,2015-07-02,01:39:58,WashingtonDC7D,38.827,-77.009
3056,4D44450,Single_Gunshot,2015-07-02,01:52:07,WashingtonDC4D,38.946,-77.021
3057,1D68306,Multiple_Gunshots,2015-07-02,01:53:28,WashingtonDC1D,38.895,-76.981
3058,5D50701,Single_Gunshot,2015-07-02,01:53:29,WashingtonDC5D,38.9,-76.977
3059,5D50702,Multiple_Gunshots,2015-07-02,02:00:06,WashingtonDC5D,38.931,-76.975
3060,6D132751,Single_Gunshot,2015-07-02,02:22:11,WashingtonDC6D,38.885,-76.93
3061,6D132752,Single_Gunshot,2015-07-02,04:28:12,WashingtonDC6D,38.902,-76.932
3062,7D168241,Multiple_Gunshots,2015-07-02,15:31:21,WashingtonDC7D,38.848,-76.977
3063,1D68313,Single_Gunshot,2015-07-02,16:20:59,WashingtonDC1D,38.901,-76.986
3064,3D49917,Gunshot_or_Firecracker,2015-07-02,16:23:07,WashingtonDC3D,38.943,-77.02
3065,1D68327,Single_Gunshot,2015-07-02,17:22:34,WashingtonDC1D,38.876,-77.011
3066,4D44476,Gunshot_or_Firecracker,2015-07-02,17:52:08,WashingtonDC4D,38.96,-77.017
3067,1D68336,Single_Gunshot,2015-07-02,18:56:48,WashingtonDC1D,38.898,-76.993
3068,3D49937,Multiple_Gunshots,2015-07-02,19:02:50,WashingtonDC3D,38.919,-77.017
3069,7D168382,Single_Gunshot,2015-07-02,19:03:45,WashingtonDC7D,38.865,-76.978
3070,7D168388,Gunshot_or_Firecracker,2015-07-02,19:07:47,WashingtonDC7D,38.829,-77.002
3071,6D132886,Multiple_Gunshots,2015-07-02,19:22:44,WashingtonDC6D,38.893,-76.919
3072,7D168396,Single_Gunshot,2015-07-02,19:24:29,WashingtonDC7D,38.821,-76.994
3073,3D49939,Gunshot_or_Firecracker,2015-07-02,19:34:25,WashingtonDC3D,38.947,-77.031
3074,7D168423,Multiple_Gunshots,2015-07-02,19:36:46,WashingtonDC7D,38.834,-76.992
3075,7D168462,Single_Gunshot,2015-07-02,20:02:20,WashingtonDC7D,38.828,-77.0
3076,7D168510,Single_Gunshot,2015-07-02,20:29:21,WashingtonDC7D,38.824,-77.007
3077,4D44503,Gunshot_or_Firecracker,2015-07-02,20:31:34,WashingtonDC4D,38.947,-77.008
3078,3D49947,Gunshot_or_Firecracker,2015-07-02,20:32:10,WashingtonDC3D,38.918,-77.033
3079,6D133004,Multiple_Gunshots,2015-07-02,20:36:34,WashingtonDC6D,38.896,-76.94
3080,7D168554,Multiple_Gunshots,2015-07-02,20:45:11,WashingtonDC7D,38.85,-76.98
3081,3D49960,Gunshot_or_Firecracker,2015-07-02,21:02:53,WashingtonDC3D,38.905,-77.01
3082,7D168611,Single_Gunshot,2015-07-02,21:03:06,WashingtonDC7D,38.826,-77.002
3083,7D168649,Multiple_Gunshots,2015-07-02,21:11:57,WashingtonDC7D,38.827,-77.006
3084,7D168650,Multiple_Gunshots,2015-07-02,21:13:32,WashingtonDC7D,38.844,-76.973
3085,1D68368,Single_Gunshot,2015-07-02,21:21:53,WashingtonDC1D,38.907,-76.984
3086,5D50787,Multiple_Gunshots,2015-07-02,21:23:17,WashingtonDC5D,38.927,-76.997
3087,7D168680,Single_Gunshot,2015-07-02,21:25:58,WashingtonDC7D,38.827,-77.002
3088,7D168683,Multiple_Gunshots,2015-07-02,21:26:30,WashingtonDC7D,38.85,-76.973
3089,7D168686,Multiple_Gunshots,2015-07-02,21:26:54,WashingtonDC7D,38.841,-76.989
3090,7D168691,Single_Gunshot,2015-07-02,21:28:28,WashingtonDC7D,38.823,-77.0
3091,6D133182,Multiple_Gunshots,2015-07-02,21:37:20,WashingtonDC6D,38.871,-76.978
3092,7D168727,Multiple_Gunshots,2015-07-02,21:45:33,WashingtonDC7D,38.871,-76.978
3093,7D168729,Multiple_Gunshots,2015-07-02,21:45:58,WashingtonDC7D,38.837,-76.992
3094,1D68383,Multiple_Gunshots,2015-07-02,21:46:06,WashingtonDC1D,38.885,-76.983
3095,1D68397,Gunshot_or_Firecracker,2015-07-02,22:14:31,WashingtonDC1D,38.897,-76.977
3096,5D50843,Gunshot_or_Firecracker,2015-07-02,22:14:33,WashingtonDC5D,38.894,-76.98
3097,5D50856,Single_Gunshot,2015-07-02,22:38:56,WashingtonDC5D,38.934,-76.978
3098,3D50022,Single_Gunshot,2015-07-02,23:03:43,WashingtonDC3D,38.929,-77.031
3099,7D168943,Single_Gunshot,2015-07-02,23:25:34,WashingtonDC7D,38.854,-76.987
3100,5D50889,Single_Gunshot,2015-07-02,23:31:19,WashingtonDC5D,38.917,-77.007
3101,6D133543,Multiple_Gunshots,2015-07-02,23:40:56,WashingtonDC6D,38.886,-76.917
3102,7D169015,Multiple_Gunshots,2015-07-02,23:54:25,WashingtonDC7D,38.828,-77.003
3103,4D44619,Multiple_Gunshots,2015-07-02,23:55:07,WashingtonDC4D,38.963,-77.028
3104,1D68422,Single_Gunshot,2015-07-03,00:00:49,WashingtonDC1D,38.899,-76.977
3105,1D68424,Single_Gunshot,2015-07-03,00:02:00,WashingtonDC1D,38.899,-76.977
3106,4D44622,Multiple_Gunshots,2015-07-03,00:08:36,WashingtonDC4D,38.941,-77.024
3107,7D169024,Multiple_Gunshots,2015-07-03,00:09:40,WashingtonDC7D,38.837,-76.992
3108,6D133595,Single_Gunshot,2015-07-03,00:14:13,WashingtonDC6D,38.871,-76.94
3109,3D50036,Single_Gunshot,2015-07-03,00:20:18,WashingtonDC3D,38.931,-77.024
3110,6D133610,Gunshot_or_Firecracker,2015-07-03,00:21:56,WashingtonDC6D,38.889,-76.924
3111,6D133616,Single_Gunshot,2015-07-03,00:29:06,WashingtonDC6D,38.885,-76.956
3112,7D169056,Single_Gunshot,2015-07-03,00:33:57,WashingtonDC7D,38.856,-76.973
3113,6D133620,Single_Gunshot,2015-07-03,00:37:25,WashingtonDC6D,38.892,-76.945
3114,7D169110,Single_Gunshot,2015-07-03,01:20:53,WashingtonDC7D,38.818,-76.996
3115,7D169115,Gunshot_or_Firecracker,2015-07-03,01:25:06,WashingtonDC7D,38.819,-76.996
3116,7D169116,Multiple_Gunshots,2015-07-03,01:25:12,WashingtonDC7D,38.819,-76.996
3117,3D50057,Multiple_Gunshots,2015-07-03,01:31:47,WashingtonDC3D,38.922,-77.024
3118,3D50060,Gunshot_or_Firecracker,2015-07-03,01:37:02,WashingtonDC3D,38.922,-77.024
3119,1D68432,Single_Gunshot,2015-07-03,01:37:21,WashingtonDC1D,38.895,-76.974
3120,6D133641,Single_Gunshot,2015-07-03,02:03:40,WashingtonDC6D,38.905,-76.918
3121,6D133650,Single_Gunshot,2015-07-03,03:30:30,WashingtonDC6D,38.901,-76.947
3122,3D50069,Gunshot_or_Firecracker,2015-07-03,03:53:40,WashingtonDC3D,38.912,-77.027
3123,5D50926,Multiple_Gunshots,2015-07-03,03:54:59,WashingtonDC5D,38.909,-76.985
3124,6D133651,Multiple_Gunshots,2015-07-03,04:33:54,WashingtonDC6D,38.885,-76.925
3125,6D133653,Single_Gunshot,2015-07-03,04:46:57,WashingtonDC6D,38.9,-76.926
3126,7D169168,Multiple_Gunshots,2015-07-03,06:56:20,WashingtonDC7D,38.835,-76.993
3127,7D169197,Multiple_Gunshots,2015-07-03,09:30:00,WashingtonDC7D,38.822,-77.011
3128,7D169198,Multiple_Gunshots,2015-07-03,09:30:20,WashingtonDC7D,38.825,-77.008
3129,6D133668,Multiple_Gunshots,2015-07-03,11:07:41,WashingtonDC6D,38.894,-76.937
3130,7D169387,Multiple_Gunshots,2015-07-03,15:47:27,WashingtonDC7D,38.83,-77.005
3131,3D50081,Multiple_Gunshots,2015-07-03,15:50:35,WashingtonDC3D,38.915,-77.012
3132,7D169395,Single_Gunshot,2015-07-03,15:52:15,WashingtonDC7D,38.836,-77.005
3133,6D133818,Multiple_Gunshots,2015-07-03,16:48:46,WashingtonDC6D,38.895,-76.92
3134,4D44655,Gunshot_or_Firecracker,2015-07-03,17:05:27,WashingtonDC4D,38.938,-77.031
3135,7D169567,Multiple_Gunshots,2015-07-03,17:59:18,WashingtonDC7D,38.857,-76.973
3136,7D169572,Multiple_Gunshots,2015-07-03,18:02:21,WashingtonDC7D,38.823,-77.008
3137,4D44695,Multiple_Gunshots,2015-07-03,18:39:39,WashingtonDC4D,38.929,-77.029
3138,6D133936,Multiple_Gunshots,2015-07-03,19:04:18,WashingtonDC6D,38.888,-76.918
3139,4D44716,Single_Gunshot,2015-07-03,19:06:42,WashingtonDC4D,38.945,-77.021
3140,7D169729,Single_Gunshot,2015-07-03,19:13:53,WashingtonDC7D,38.828,-77.002
3141,7D169730,Single_Gunshot,2015-07-03,19:14:18,WashingtonDC7D,38.823,-77.007
3142,7D169733,Multiple_Gunshots,2015-07-03,19:16:41,WashingtonDC7D,38.832,-77.007
3143,1D68554,Single_Gunshot,2015-07-03,19:19:43,WashingtonDC1D,38.875,-77.013
3144,1D68556,Single_Gunshot,2015-07-03,19:24:09,WashingtonDC1D,38.896,-76.973
3145,7D169792,Multiple_Gunshots,2015-07-03,19:47:50,WashingtonDC7D,38.821,-77.002
3146,7D169821,Multiple_Gunshots,2015-07-03,20:01:18,WashingtonDC7D,38.829,-76.994
3147,7D169825,Multiple_Gunshots,2015-07-03,20:02:54,WashingtonDC7D,38.847,-76.972
3148,1D68583,Single_Gunshot,2015-07-03,20:03:08,WashingtonDC1D,38.899,-76.977
3149,1D68595,Single_Gunshot,2015-07-03,20:08:52,WashingtonDC1D,38.902,-76.984
3150,7D169993,Single_Gunshot,2015-07-03,21:02:53,WashingtonDC7D,38.82,-77.007
3151,5D51141,Multiple_Gunshots,2015-07-03,21:11:05,WashingtonDC5D,38.932,-76.965
3152,7D170042,Multiple_Gunshots,2015-07-03,21:19:48,WashingtonDC7D,38.851,-76.966
3153,7D170065,Multiple_Gunshots,2015-07-03,21:27:44,WashingtonDC7D,38.836,-76.99
3154,3D50286,Multiple_Gunshots,2015-07-03,21:27:48,WashingtonDC3D,38.915,-77.012
3155,7D170071,Multiple_Gunshots,2015-07-03,21:28:57,WashingtonDC7D,38.835,-76.99
3156,3D50317,Gunshot_or_Firecracker,2015-07-03,21:49:33,WashingtonDC3D,38.914,-77.01
3157,7D170182,Single_Gunshot,2015-07-03,21:58:21,WashingtonDC7D,38.827,-77.001
3158,7D170190,Multiple_Gunshots,2015-07-03,21:59:43,WashingtonDC7D,38.827,-76.993
3159,1D68713,Single_Gunshot,2015-07-03,22:02:37,WashingtonDC1D,38.904,-76.989
3160,7D170225,Gunshot_or_Firecracker,2015-07-03,22:11:26,WashingtonDC7D,38.823,-77.0
3161,7D170228,Single_Gunshot,2015-07-03,22:11:51,WashingtonDC7D,38.823,-77.0
3162,5D51263,Multiple_Gunshots,2015-07-03,22:12:47,WashingtonDC5D,38.934,-76.961
3163,5D51272,Multiple_Gunshots,2015-07-03,22:14:32,WashingtonDC5D,38.933,-76.961
3164,1D68723,Multiple_Gunshots,2015-07-03,22:20:24,WashingtonDC1D,38.897,-76.976
3165,1D68727,Single_Gunshot,2015-07-03,22:21:36,WashingtonDC1D,38.872,-77.015
3166,5D51288,Multiple_Gunshots,2015-07-03,22:21:41,WashingtonDC5D,38.905,-76.983
3167,1D68728,Single_Gunshot,2015-07-03,22:22:41,WashingtonDC1D,38.9,-76.975
3168,6D134452,Multiple_Gunshots,2015-07-03,22:22:48,WashingtonDC6D,38.882,-76.935
3169,1D68729,Single_Gunshot,2015-07-03,22:23:45,WashingtonDC1D,38.872,-77.015
3170,4D44977,Gunshot_or_Firecracker,2015-07-03,22:30:03,WashingtonDC4D,38.943,-77.024
3171,5D51303,Gunshot_or_Firecracker,2015-07-03,22:30:16,WashingtonDC5D,38.914,-77.01
3172,3D50377,Gunshot_or_Firecracker,2015-07-03,22:30:16,WashingtonDC3D,38.914,-77.01
3173,6D134528,Multiple_Gunshots,2015-07-03,22:34:42,WashingtonDC6D,38.887,-76.956
3174,3D50386,Multiple_Gunshots,2015-07-03,22:34:50,WashingtonDC3D,38.912,-77.009
3175,5D51328,Gunshot_or_Firecracker,2015-07-03,22:36:55,WashingtonDC5D,38.923,-76.962
3176,5D51330,Gunshot_or_Firecracker,2015-07-03,22:37:26,WashingtonDC5D,38.902,-77.01
3177,6D134538,Gunshot_or_Firecracker,2015-07-03,22:37:28,WashingtonDC6D,38.893,-76.93
3178,1D68748,Single_Gunshot,2015-07-03,22:44:47,WashingtonDC1D,38.875,-77.011
3179,7D170344,Multiple_Gunshots,2015-07-03,22:46:12,WashingtonDC7D,38.83,-77.005
3180,3D50427,Gunshot_or_Firecracker,2015-07-03,22:46:12,WashingtonDC3D,38.913,-77.012
3181,6D134590,Single_Gunshot,2015-07-03,22:49:52,WashingtonDC6D,38.903,-76.947
3182,5D51383,Gunshot_or_Firecracker,2015-07-03,22:59:12,WashingtonDC5D,38.917,-77.012
3183,3D50460,Single_Gunshot,2015-07-03,22:59:12,WashingtonDC3D,38.917,-77.012
3184,6D134669,Gunshot_or_Firecracker,2015-07-03,23:07:16,WashingtonDC6D,38.86,-76.936
3185,4D45056,Gunshot_or_Firecracker,2015-07-03,23:10:38,WashingtonDC4D,38.955,-77.019
3186,1D68780,Single_Gunshot,2015-07-03,23:12:33,WashingtonDC1D,38.903,-76.995
3187,7D170440,Multiple_Gunshots,2015-07-03,23:14:50,WashingtonDC7D,38.847,-76.973
3188,7D170445,Multiple_Gunshots,2015-07-03,23:15:36,WashingtonDC7D,38.826,-77.007
3189,5D51465,Multiple_Gunshots,2015-07-03,23:35:55,WashingtonDC5D,38.936,-76.959
3190,1D68803,Multiple_Gunshots,2015-07-03,23:39:01,WashingtonDC1D,38.905,-76.979
3191,3D50494,Single_Gunshot,2015-07-03,23:41:49,WashingtonDC3D,38.934,-77.033
3192,1D68808,Multiple_Gunshots,2015-07-03,23:41:53,WashingtonDC1D,38.904,-76.978
3193,3D50496,Single_Gunshot,2015-07-03,23:42:45,WashingtonDC3D,38.934,-77.033
3194,3D50497,Multiple_Gunshots,2015-07-03,23:42:54,WashingtonDC3D,38.938,-77.031
3195,3D50501,Gunshot_or_Firecracker,2015-07-03,23:43:27,WashingtonDC3D,38.934,-77.033
3196,1D68812,Multiple_Gunshots,2015-07-03,23:45:08,WashingtonDC1D,38.905,-76.979
3197,7D170517,Multiple_Gunshots,2015-07-03,23:45:48,WashingtonDC7D,38.838,-76.998
3198,6D134792,Single_Gunshot,2015-07-03,23:45:57,WashingtonDC6D,38.882,-76.925
3199,7D170518,Multiple_Gunshots,2015-07-03,23:46:00,WashingtonDC7D,38.838,-76.998
3200,4D45113,Gunshot_or_Firecracker,2015-07-03,23:46:11,WashingtonDC4D,38.948,-77.021
3201,4D45114,Single_Gunshot,2015-07-03,23:46:35,WashingtonDC4D,38.955,-77.02
3202,1D68815,Multiple_Gunshots,2015-07-03,23:47:04,WashingtonDC1D,38.895,-76.978
3203,1D68816,Multiple_Gunshots,2015-07-03,23:47:17,WashingtonDC1D,38.895,-76.978
3204,1D68817,Single_Gunshot,2015-07-03,23:47:21,WashingtonDC1D,38.895,-76.978
3205,1D68818,Multiple_Gunshots,2015-07-03,23:47:22,WashingtonDC1D,38.895,-76.978
3206,7D170525,Multiple_Gunshots,2015-07-03,23:47:28,WashingtonDC7D,38.826,-77.007
3207,1D68819,Single_Gunshot,2015-07-03,23:47:28,WashingtonDC1D,38.895,-76.978
3208,1D68820,Multiple_Gunshots,2015-07-03,23:47:29,WashingtonDC1D,38.895,-76.978
3209,7D170526,Multiple_Gunshots,2015-07-03,23:47:35,WashingtonDC7D,38.826,-77.007
3210,5D51491,Multiple_Gunshots,2015-07-03,23:47:38,WashingtonDC5D,38.924,-76.993
3211,5D51492,Multiple_Gunshots,2015-07-03,23:47:45,WashingtonDC5D,38.924,-76.993
3212,3D50507,Gunshot_or_Firecracker,2015-07-03,23:48:30,WashingtonDC3D,38.938,-77.031
3213,4D45116,Gunshot_or_Firecracker,2015-07-03,23:48:31,WashingtonDC4D,38.958,-77.029
3214,7D170529,Single_Gunshot,2015-07-03,23:48:44,WashingtonDC7D,38.827,-77.0
3215,5D51493,Single_Gunshot,2015-07-03,23:49:26,WashingtonDC5D,38.914,-77.01
3216,3D50509,Single_Gunshot,2015-07-03,23:49:27,WashingtonDC3D,38.914,-77.01
3217,1D68821,Single_Gunshot,2015-07-03,23:49:47,WashingtonDC1D,38.877,-76.985
3218,7D170532,Multiple_Gunshots,2015-07-03,23:49:48,WashingtonDC7D,38.853,-76.973
3219,3D50511,Single_Gunshot,2015-07-03,23:49:57,WashingtonDC3D,38.934,-77.033
3220,7D170534,Multiple_Gunshots,2015-07-03,23:50:37,WashingtonDC7D,38.841,-76.989
3221,6D134802,Single_Gunshot,2015-07-03,23:51:16,WashingtonDC6D,38.883,-76.935
3222,3D50513,Multiple_Gunshots,2015-07-03,23:51:25,WashingtonDC3D,38.934,-77.033
3223,7D170536,Single_Gunshot,2015-07-03,23:51:44,WashingtonDC7D,38.828,-76.997
3224,6D134805,Single_Gunshot,2015-07-03,23:52:25,WashingtonDC6D,38.883,-76.959
3225,3D50515,Multiple_Gunshots,2015-07-03,23:52:29,WashingtonDC3D,38.934,-77.033
3226,3D50516,Single_Gunshot,2015-07-03,23:52:37,WashingtonDC3D,38.934,-77.033
3227,4D45124,Multiple_Gunshots,2015-07-03,23:53:09,WashingtonDC4D,38.958,-77.028
3228,3D50518,Gunshot_or_Firecracker,2015-07-03,23:53:17,WashingtonDC3D,38.934,-77.034
3229,4D45125,Multiple_Gunshots,2015-07-03,23:53:46,WashingtonDC4D,38.934,-77.033
3230,6D134810,Single_Gunshot,2015-07-03,23:53:56,WashingtonDC6D,38.861,-76.983
3231,4D45127,Multiple_Gunshots,2015-07-03,23:54:23,WashingtonDC4D,38.948,-77.021
3232,4D45128,Single_Gunshot,2015-07-03,23:54:39,WashingtonDC4D,38.948,-77.021
3233,4D45129,Multiple_Gunshots,2015-07-03,23:54:47,WashingtonDC4D,38.957,-77.028
3234,4D45130,Single_Gunshot,2015-07-03,23:54:52,WashingtonDC4D,38.958,-77.029
3235,6D134813,Single_Gunshot,2015-07-03,23:55:00,WashingtonDC6D,38.883,-76.959
3236,5D51497,Multiple_Gunshots,2015-07-03,23:55:21,WashingtonDC5D,38.928,-76.964
3237,3D50521,Single_Gunshot,2015-07-03,23:55:24,WashingtonDC3D,38.934,-77.033
3238,4D45131,Single_Gunshot,2015-07-03,23:55:25,WashingtonDC4D,38.934,-77.033
3239,7D170540,Single_Gunshot,2015-07-03,23:55:37,WashingtonDC7D,38.858,-76.973
3240,6D134816,Single_Gunshot,2015-07-03,23:55:47,WashingtonDC6D,38.864,-76.97
3241,3D50522,Multiple_Gunshots,2015-07-03,23:56:21,WashingtonDC3D,38.934,-77.033
3242,3D50523,Multiple_Gunshots,2015-07-03,23:57:12,WashingtonDC3D,38.934,-77.033
3243,4D45135,Single_Gunshot,2015-07-03,23:57:27,WashingtonDC4D,38.934,-77.033
3244,3D50526,Multiple_Gunshots,2015-07-03,23:58:30,WashingtonDC3D,38.906,-77.011
3245,4D45136,Single_Gunshot,2015-07-03,23:58:35,WashingtonDC4D,38.934,-77.033
3246,3D50529,Multiple_Gunshots,2015-07-04,00:00:31,WashingtonDC3D,38.934,-77.033
3247,4D45138,Multiple_Gunshots,2015-07-04,00:00:33,WashingtonDC4D,38.934,-77.033
3248,6D134826,Multiple_Gunshots,2015-07-04,00:00:47,WashingtonDC6D,38.904,-76.925
3249,3D50530,Multiple_Gunshots,2015-07-04,00:01:23,WashingtonDC3D,38.924,-77.038
3250,1D68826,Single_Gunshot,2015-07-04,00:07:54,WashingtonDC1D,38.896,-76.976
3251,5D51505,Single_Gunshot,2015-07-04,00:07:56,WashingtonDC5D,38.896,-76.976
3252,6D134835,Multiple_Gunshots,2015-07-04,00:08:34,WashingtonDC6D,38.876,-76.932
3253,7D170580,Single_Gunshot,2015-07-04,00:09:11,WashingtonDC7D,38.826,-77.007
3254,1D68828,Gunshot_or_Firecracker,2015-07-04,00:09:28,WashingtonDC1D,38.896,-76.976
3255,7D170582,Single_Gunshot,2015-07-04,00:09:54,WashingtonDC7D,38.828,-76.997
3256,7D170583,Multiple_Gunshots,2015-07-04,00:10:12,WashingtonDC7D,38.832,-77.011
3257,1D68829,Single_Gunshot,2015-07-04,00:10:23,WashingtonDC1D,38.898,-76.993
3258,5D51507,Single_Gunshot,2015-07-04,00:10:24,WashingtonDC5D,38.898,-76.993
3259,5D51508,Gunshot_or_Firecracker,2015-07-04,00:10:36,WashingtonDC5D,38.905,-76.975
3260,5D51509,Single_Gunshot,2015-07-04,00:11:40,WashingtonDC5D,38.907,-76.984
3261,7D170584,Single_Gunshot,2015-07-04,00:12:20,WashingtonDC7D,38.828,-76.997
3262,4D45153,Single_Gunshot,2015-07-04,00:12:26,WashingtonDC4D,38.943,-77.024
3263,7D170585,Multiple_Gunshots,2015-07-04,00:12:33,WashingtonDC7D,38.858,-76.959
3264,7D170587,Multiple_Gunshots,2015-07-04,00:13:09,WashingtonDC7D,38.837,-76.989
3265,4D45156,Single_Gunshot,2015-07-04,00:14:51,WashingtonDC4D,38.955,-77.022
3266,1D68832,Single_Gunshot,2015-07-04,00:15:01,WashingtonDC1D,38.907,-76.984
3267,6D134851,Single_Gunshot,2015-07-04,00:15:51,WashingtonDC6D,38.873,-76.938
3268,7D170592,Single_Gunshot,2015-07-04,00:16:25,WashingtonDC7D,38.832,-77.01
3269,6D134854,Multiple_Gunshots,2015-07-04,00:16:50,WashingtonDC6D,38.881,-76.94
3270,4D45158,Multiple_Gunshots,2015-07-04,00:17:31,WashingtonDC4D,38.946,-77.019
3271,4D45159,Single_Gunshot,2015-07-04,00:17:45,WashingtonDC4D,38.946,-77.019
3272,4D45160,Multiple_Gunshots,2015-07-04,00:17:47,WashingtonDC4D,38.946,-77.019
3273,4D45161,Single_Gunshot,2015-07-04,00:17:52,WashingtonDC4D,38.946,-77.019
3274,4D45162,Single_Gunshot,2015-07-04,00:17:53,WashingtonDC4D,38.946,-77.019
3275,3D50535,Multiple_Gunshots,2015-07-04,00:17:53,WashingtonDC3D,38.941,-77.026
3276,4D45163,Multiple_Gunshots,2015-07-04,00:17:54,WashingtonDC4D,38.946,-77.019
3277,7D170595,Single_Gunshot,2015-07-04,00:17:57,WashingtonDC7D,38.827,-77.006
3278,4D45164,Single_Gunshot,2015-07-04,00:18:04,WashingtonDC4D,38.946,-77.019
3279,4D45165,Multiple_Gunshots,2015-07-04,00:18:06,WashingtonDC4D,38.946,-77.019
3280,4D45166,Single_Gunshot,2015-07-04,00:18:41,WashingtonDC4D,38.943,-77.024
3281,3D50536,Single_Gunshot,2015-07-04,00:18:42,WashingtonDC3D,38.943,-77.024
3282,7D170597,Multiple_Gunshots,2015-07-04,00:18:43,WashingtonDC7D,38.843,-76.985
3283,7D170599,Single_Gunshot,2015-07-04,00:18:51,WashingtonDC7D,38.831,-76.999
3284,3D50537,Single_Gunshot,2015-07-04,00:19:29,WashingtonDC3D,38.918,-77.033
3285,4D45167,Multiple_Gunshots,2015-07-04,00:20:34,WashingtonDC4D,38.946,-77.019
3286,4D45168,Single_Gunshot,2015-07-04,00:20:39,WashingtonDC4D,38.946,-77.019
3287,4D45169,Multiple_Gunshots,2015-07-04,00:20:40,WashingtonDC4D,38.946,-77.019
3288,6D134860,Multiple_Gunshots,2015-07-04,00:20:56,WashingtonDC6D,38.888,-76.917
3289,4D45170,Single_Gunshot,2015-07-04,00:20:59,WashingtonDC4D,38.946,-77.019
3290,4D45172,Multiple_Gunshots,2015-07-04,00:21:04,WashingtonDC4D,38.946,-77.019
3291,3D50539,Single_Gunshot,2015-07-04,00:21:33,WashingtonDC3D,38.911,-77.014
3292,1D68834,Gunshot_or_Firecracker,2015-07-04,00:23:09,WashingtonDC1D,38.889,-76.993
3293,3D50541,Single_Gunshot,2015-07-04,00:23:27,WashingtonDC3D,38.913,-77.023
3294,1D68835,Single_Gunshot,2015-07-04,00:23:31,WashingtonDC1D,38.895,-76.98
3295,5D51517,Single_Gunshot,2015-07-04,00:23:32,WashingtonDC5D,38.895,-76.981
3296,6D134864,Single_Gunshot,2015-07-04,00:23:34,WashingtonDC6D,38.905,-76.919
3297,5D51518,Single_Gunshot,2015-07-04,00:24:05,WashingtonDC5D,38.922,-76.984
3298,3D50542,Single_Gunshot,2015-07-04,00:24:11,WashingtonDC3D,38.934,-77.033
3299,4D45173,Single_Gunshot,2015-07-04,00:24:13,WashingtonDC4D,38.934,-77.033
3300,7D170606,Single_Gunshot,2015-07-04,00:24:40,WashingtonDC7D,38.826,-76.999
3301,4D45174,Multiple_Gunshots,2015-07-04,00:24:45,WashingtonDC4D,38.946,-77.019
3302,7D170607,Multiple_Gunshots,2015-07-04,00:24:55,WashingtonDC7D,38.835,-76.99
3303,5D51519,Single_Gunshot,2015-07-04,00:24:58,WashingtonDC5D,38.905,-77.011
3304,3D50543,Single_Gunshot,2015-07-04,00:24:59,WashingtonDC3D,38.905,-77.011
3305,4D45175,Multiple_Gunshots,2015-07-04,00:25:02,WashingtonDC4D,38.946,-77.019
3306,4D45176,Multiple_Gunshots,2015-07-04,00:25:09,WashingtonDC4D,38.947,-77.02
3307,4D45177,Multiple_Gunshots,2015-07-04,00:25:12,WashingtonDC4D,38.946,-77.019
3308,7D170609,Multiple_Gunshots,2015-07-04,00:25:17,WashingtonDC7D,38.835,-76.99
3309,6D134866,Single_Gunshot,2015-07-04,00:25:36,WashingtonDC6D,38.884,-76.954
3310,3D50544,Multiple_Gunshots,2015-07-04,00:26:02,WashingtonDC3D,38.913,-77.023
3311,3D50545,Multiple_Gunshots,2015-07-04,00:26:32,WashingtonDC3D,38.913,-77.023
3312,6D134869,Multiple_Gunshots,2015-07-04,00:27:40,WashingtonDC6D,38.911,-76.937
3313,7D170610,Single_Gunshot,2015-07-04,00:27:43,WashingtonDC7D,38.836,-76.99
3314,6D134871,Single_Gunshot,2015-07-04,00:27:56,WashingtonDC6D,38.874,-76.93
3315,7D170611,Multiple_Gunshots,2015-07-04,00:28:17,WashingtonDC7D,38.815,-77.003
3316,1D68838,Multiple_Gunshots,2015-07-04,00:28:25,WashingtonDC1D,38.904,-76.975
3317,1D68839,Multiple_Gunshots,2015-07-04,00:28:32,WashingtonDC1D,38.904,-76.975
3318,7D170613,Gunshot_or_Firecracker,2015-07-04,00:28:36,WashingtonDC7D,38.835,-76.99
3319,4D45178,Single_Gunshot,2015-07-04,00:28:49,WashingtonDC4D,38.957,-77.01
3320,1D68840,Multiple_Gunshots,2015-07-04,00:28:49,WashingtonDC1D,38.896,-76.976
3321,7D170614,Single_Gunshot,2015-07-04,00:28:59,WashingtonDC7D,38.827,-77.006
3322,7D170615,Single_Gunshot,2015-07-04,00:29:13,WashingtonDC7D,38.835,-76.99
3323,7D170617,Multiple_Gunshots,2015-07-04,00:29:28,WashingtonDC7D,38.826,-76.999
3324,7D170618,Single_Gunshot,2015-07-04,00:29:40,WashingtonDC7D,38.828,-76.996
3325,5D51524,Single_Gunshot,2015-07-04,00:29:50,WashingtonDC5D,38.922,-76.984
3326,6D134881,Multiple_Gunshots,2015-07-04,00:29:59,WashingtonDC6D,38.903,-76.95
3327,1D68841,Multiple_Gunshots,2015-07-04,00:30:09,WashingtonDC1D,38.872,-77.012
3328,6D134882,Multiple_Gunshots,2015-07-04,00:30:11,WashingtonDC6D,38.911,-76.937
3329,7D170619,Single_Gunshot,2015-07-04,00:30:14,WashingtonDC7D,38.828,-76.996
3330,7D170620,Multiple_Gunshots,2015-07-04,00:30:24,WashingtonDC7D,38.828,-77.002
3331,6D134883,Multiple_Gunshots,2015-07-04,00:30:29,WashingtonDC6D,38.893,-76.924
3332,7D170621,Single_Gunshot,2015-07-04,00:30:32,WashingtonDC7D,38.826,-76.999
3333,7D170623,Gunshot_or_Firecracker,2015-07-04,00:30:58,WashingtonDC7D,38.832,-77.011
3334,6D134887,Gunshot_or_Firecracker,2015-07-04,00:31:09,WashingtonDC6D,38.903,-76.95
3335,6D134889,Multiple_Gunshots,2015-07-04,00:31:36,WashingtonDC6D,38.893,-76.924
3336,6D134891,Multiple_Gunshots,2015-07-04,00:32:31,WashingtonDC6D,38.893,-76.924
3337,4D45179,Single_Gunshot,2015-07-04,00:32:52,WashingtonDC4D,38.934,-77.033
3338,7D170627,Single_Gunshot,2015-07-04,00:33:01,WashingtonDC7D,38.834,-76.988
3339,7D170628,Gunshot_or_Firecracker,2015-07-04,00:33:09,WashingtonDC7D,38.836,-76.99
3340,7D170629,Single_Gunshot,2015-07-04,00:34:20,WashingtonDC7D,38.836,-76.99
3341,4D45180,Gunshot_or_Firecracker,2015-07-04,00:34:32,WashingtonDC4D,38.956,-77.028
3342,1D68847,Multiple_Gunshots,2015-07-04,00:35:24,WashingtonDC1D,38.896,-76.976
3343,7D170632,Single_Gunshot,2015-07-04,00:36:05,WashingtonDC7D,38.837,-76.988
3344,4D45181,Single_Gunshot,2015-07-04,00:37:35,WashingtonDC4D,38.934,-77.033
3345,5D51531,Multiple_Gunshots,2015-07-04,00:38:22,WashingtonDC5D,38.905,-77.011
3346,4D45182,Single_Gunshot,2015-07-04,00:40:15,WashingtonDC4D,38.934,-77.033
3347,1D68848,Gunshot_or_Firecracker,2015-07-04,00:40:32,WashingtonDC1D,38.899,-76.984
3348,5D51535,Single_Gunshot,2015-07-04,00:41:14,WashingtonDC5D,38.905,-76.997
3349,1D68850,Multiple_Gunshots,2015-07-04,00:41:53,WashingtonDC1D,38.896,-76.976
3350,1D68852,Multiple_Gunshots,2015-07-04,00:42:11,WashingtonDC1D,38.896,-76.976
3351,3D50552,Multiple_Gunshots,2015-07-04,00:42:28,WashingtonDC3D,38.934,-77.033
3352,6D134916,Single_Gunshot,2015-07-04,00:43:18,WashingtonDC6D,38.88,-76.926
3353,4D45183,Single_Gunshot,2015-07-04,00:44:36,WashingtonDC4D,38.943,-77.025
3354,6D134929,Single_Gunshot,2015-07-04,00:48:21,WashingtonDC6D,38.89,-76.951
3355,6D134930,Single_Gunshot,2015-07-04,00:49:01,WashingtonDC6D,38.903,-76.924
3356,7D170644,Multiple_Gunshots,2015-07-04,00:49:44,WashingtonDC7D,38.827,-77.002
3357,7D170645,Single_Gunshot,2015-07-04,00:50:46,WashingtonDC7D,38.848,-76.983
3358,3D50553,Single_Gunshot,2015-07-04,00:51:41,WashingtonDC3D,38.934,-77.033
3359,4D45184,Gunshot_or_Firecracker,2015-07-04,00:51:43,WashingtonDC4D,38.934,-77.033
3360,6D134934,Single_Gunshot,2015-07-04,00:51:49,WashingtonDC6D,38.884,-76.93
3361,7D170646,Single_Gunshot,2015-07-04,00:52:02,WashingtonDC7D,38.848,-76.983
3362,3D50554,Single_Gunshot,2015-07-04,00:52:22,WashingtonDC3D,38.934,-77.033
3363,7D170649,Single_Gunshot,2015-07-04,00:52:44,WashingtonDC7D,38.832,-77.01
3364,6D134936,Single_Gunshot,2015-07-04,00:52:54,WashingtonDC6D,38.89,-76.95
3365,7D170650,Multiple_Gunshots,2015-07-04,00:52:56,WashingtonDC7D,38.826,-77.0
3366,7D170655,Gunshot_or_Firecracker,2015-07-04,00:53:19,WashingtonDC7D,38.843,-76.986
3367,6D134940,Single_Gunshot,2015-07-04,00:53:53,WashingtonDC6D,38.885,-76.926
3368,7D170657,Single_Gunshot,2015-07-04,00:53:59,WashingtonDC7D,38.828,-76.996
3369,5D51539,Single_Gunshot,2015-07-04,00:54:07,WashingtonDC5D,38.921,-76.982
3370,5D51541,Single_Gunshot,2015-07-04,00:54:59,WashingtonDC5D,38.921,-76.982
3371,7D170659,Multiple_Gunshots,2015-07-04,00:55:03,WashingtonDC7D,38.855,-76.969
3372,7D170660,Single_Gunshot,2015-07-04,00:55:12,WashingtonDC7D,38.857,-76.973
3373,7D170661,Single_Gunshot,2015-07-04,00:55:23,WashingtonDC7D,38.82,-76.997
3374,5D51542,Gunshot_or_Firecracker,2015-07-04,00:55:27,WashingtonDC5D,38.927,-76.981
3375,3D50555,Multiple_Gunshots,2015-07-04,00:55:55,WashingtonDC3D,38.932,-77.036
3376,5D51543,Single_Gunshot,2015-07-04,00:57:39,WashingtonDC5D,38.921,-76.982
3377,5D51544,Single_Gunshot,2015-07-04,00:59:26,WashingtonDC5D,38.921,-76.982
3378,6D134955,Single_Gunshot,2015-07-04,01:00:27,WashingtonDC6D,38.885,-76.926
3379,6D134957,Single_Gunshot,2015-07-04,01:00:31,WashingtonDC6D,38.886,-76.926
3380,7D170666,Multiple_Gunshots,2015-07-04,01:01:45,WashingtonDC7D,38.843,-76.986
3381,7D170667,Multiple_Gunshots,2015-07-04,01:02:05,WashingtonDC7D,38.843,-76.986
3382,7D170669,Single_Gunshot,2015-07-04,01:03:36,WashingtonDC7D,38.843,-76.986
3383,5D51546,Single_Gunshot,2015-07-04,01:04:15,WashingtonDC5D,38.922,-76.984
3384,7D170672,Gunshot_or_Firecracker,2015-07-04,01:04:23,WashingtonDC7D,38.823,-77.002
3385,1D68856,Single_Gunshot,2015-07-04,01:06:37,WashingtonDC1D,38.872,-77.015
3386,7D170679,Multiple_Gunshots,2015-07-04,01:10:08,WashingtonDC7D,38.829,-77.003
3387,1D68857,Multiple_Gunshots,2015-07-04,01:12:17,WashingtonDC1D,38.874,-77.011
3388,7D170696,Single_Gunshot,2015-07-04,01:12:58,WashingtonDC7D,38.828,-77.002
3389,7D170697,Single_Gunshot,2015-07-04,01:13:08,WashingtonDC7D,38.828,-77.002
3390,7D170699,Single_Gunshot,2015-07-04,01:13:13,WashingtonDC7D,38.832,-77.003
3391,7D170700,Multiple_Gunshots,2015-07-04,01:13:14,WashingtonDC7D,38.828,-77.002
3392,7D170701,Single_Gunshot,2015-07-04,01:13:23,WashingtonDC7D,38.828,-77.002
3393,7D170702,Single_Gunshot,2015-07-04,01:13:26,WashingtonDC7D,38.83,-77.002
3394,7D170705,Single_Gunshot,2015-07-04,01:13:39,WashingtonDC7D,38.843,-76.996
3395,1D68858,Multiple_Gunshots,2015-07-04,01:14:45,WashingtonDC1D,38.899,-76.984
3396,7D170711,Multiple_Gunshots,2015-07-04,01:15:19,WashingtonDC7D,38.842,-76.99
3397,1D68859,Multiple_Gunshots,2015-07-04,01:16:19,WashingtonDC1D,38.899,-76.984
3398,5D51566,Single_Gunshot,2015-07-04,01:17:36,WashingtonDC5D,38.921,-76.985
3399,7D170719,Single_Gunshot,2015-07-04,01:18:25,WashingtonDC7D,38.843,-76.986
3400,3D50558,Multiple_Gunshots,2015-07-04,01:18:37,WashingtonDC3D,38.905,-77.011
3401,5D51572,Multiple_Gunshots,2015-07-04,01:23:25,WashingtonDC5D,38.905,-77.011
3402,5D51573,Multiple_Gunshots,2015-07-04,01:23:29,WashingtonDC5D,38.905,-77.011
3403,1D68861,Multiple_Gunshots,2015-07-04,01:24:47,WashingtonDC1D,38.899,-76.984
3404,7D170726,Single_Gunshot,2015-07-04,01:24:52,WashingtonDC7D,38.859,-76.998
3405,7D170728,Gunshot_or_Firecracker,2015-07-04,01:26:35,WashingtonDC7D,38.835,-77.002
3406,1D68862,Multiple_Gunshots,2015-07-04,01:27:51,WashingtonDC1D,38.899,-76.984
3407,1D68863,Multiple_Gunshots,2015-07-04,01:28:49,WashingtonDC1D,38.899,-76.984
3408,5D51585,Gunshot_or_Firecracker,2015-07-04,01:32:19,WashingtonDC5D,38.922,-76.984
3409,1D68866,Multiple_Gunshots,2015-07-04,01:42:09,WashingtonDC1D,38.874,-77.011
3410,7D170740,Multiple_Gunshots,2015-07-04,01:42:27,WashingtonDC7D,38.822,-76.994
3411,7D170742,Multiple_Gunshots,2015-07-04,01:47:13,WashingtonDC7D,38.826,-77.002
3412,7D170743,Multiple_Gunshots,2015-07-04,01:47:26,WashingtonDC7D,38.826,-77.002
3413,4D45214,Single_Gunshot,2015-07-04,01:48:25,WashingtonDC4D,38.945,-77.021
3414,1D68870,Multiple_Gunshots,2015-07-04,01:58:02,WashingtonDC1D,38.901,-76.98
3415,6D135032,Single_Gunshot,2015-07-04,02:01:09,WashingtonDC6D,38.878,-76.93
3416,6D135033,Multiple_Gunshots,2015-07-04,02:01:12,WashingtonDC6D,38.878,-76.93
3417,6D135034,Single_Gunshot,2015-07-04,02:01:14,WashingtonDC6D,38.878,-76.93
3418,7D170748,Gunshot_or_Firecracker,2015-07-04,02:04:21,WashingtonDC7D,38.86,-76.994
3419,1D68871,Single_Gunshot,2015-07-04,02:06:31,WashingtonDC1D,38.903,-76.986
3420,4D45216,Multiple_Gunshots,2015-07-04,02:07:17,WashingtonDC4D,38.951,-77.026
3421,4D45218,Single_Gunshot,2015-07-04,02:07:22,WashingtonDC4D,38.951,-77.026
3422,4D45219,Multiple_Gunshots,2015-07-04,02:07:24,WashingtonDC4D,38.951,-77.026
3423,1D68872,Single_Gunshot,2015-07-04,02:08:06,WashingtonDC1D,38.906,-76.981
3424,7D170750,Multiple_Gunshots,2015-07-04,02:09:24,WashingtonDC7D,38.824,-76.997
3425,7D170753,Single_Gunshot,2015-07-04,02:10:27,WashingtonDC7D,38.851,-76.977
3426,5D51608,Multiple_Gunshots,2015-07-04,02:19:51,WashingtonDC5D,38.922,-76.997
3427,4D45220,Single_Gunshot,2015-07-04,02:24:43,WashingtonDC4D,38.933,-77.034
3428,4D45221,Single_Gunshot,2015-07-04,02:32:12,WashingtonDC4D,38.955,-77.028
3429,3D50565,Single_Gunshot,2015-07-04,02:32:28,WashingtonDC3D,38.935,-77.032
3430,7D170768,Multiple_Gunshots,2015-07-04,02:34:05,WashingtonDC7D,38.842,-77.005
3431,7D170770,Multiple_Gunshots,2015-07-04,02:34:32,WashingtonDC7D,38.842,-77.005
3432,7D170771,Multiple_Gunshots,2015-07-04,02:34:39,WashingtonDC7D,38.842,-77.005
3433,5D51609,Single_Gunshot,2015-07-04,02:41:49,WashingtonDC5D,38.925,-76.986
3434,1D68874,Single_Gunshot,2015-07-04,02:42:09,WashingtonDC1D,38.898,-76.979
3435,4D45222,Single_Gunshot,2015-07-04,02:43:04,WashingtonDC4D,38.955,-77.027
3436,3D50567,Gunshot_or_Firecracker,2015-07-04,02:48:26,WashingtonDC3D,38.923,-77.046
3437,7D170775,Multiple_Gunshots,2015-07-04,02:56:49,WashingtonDC7D,38.835,-76.99
3438,7D170780,Multiple_Gunshots,2015-07-04,03:09:14,WashingtonDC7D,38.824,-77.002
3439,3D50577,Gunshot_or_Firecracker,2015-07-04,03:16:13,WashingtonDC3D,38.914,-77.023
3440,4D45223,Multiple_Gunshots,2015-07-04,03:16:30,WashingtonDC4D,38.931,-77.022
3441,3D50580,Single_Gunshot,2015-07-04,03:41:32,WashingtonDC3D,38.935,-77.033
3442,6D135065,Single_Gunshot,2015-07-04,03:58:08,WashingtonDC6D,38.917,-76.934
3443,5D51618,Multiple_Gunshots,2015-07-04,04:16:58,WashingtonDC5D,38.92,-76.972
3444,5D51619,Multiple_Gunshots,2015-07-04,04:17:15,WashingtonDC5D,38.92,-76.972
3445,5D51620,Multiple_Gunshots,2015-07-04,04:19:02,WashingtonDC5D,38.92,-76.971
3446,4D45226,Multiple_Gunshots,2015-07-04,04:25:15,WashingtonDC4D,38.953,-77.019
3447,4D45227,Multiple_Gunshots,2015-07-04,04:25:31,WashingtonDC4D,38.953,-77.019
3448,4D45228,Multiple_Gunshots,2015-07-04,04:25:36,WashingtonDC4D,38.953,-77.019
3449,4D45229,Multiple_Gunshots,2015-07-04,04:25:37,WashingtonDC4D,38.953,-77.019
3450,5D51630,Multiple_Gunshots,2015-07-04,04:34:47,WashingtonDC5D,38.928,-76.982
3451,7D170792,Multiple_Gunshots,2015-07-04,06:29:05,WashingtonDC7D,38.832,-76.988
3452,6D135073,Multiple_Gunshots,2015-07-04,07:35:18,WashingtonDC6D,38.894,-76.919
3453,6D135074,Multiple_Gunshots,2015-07-04,07:46:04,WashingtonDC6D,38.894,-76.917
3454,6D135075,Multiple_Gunshots,2015-07-04,07:47:03,WashingtonDC6D,38.893,-76.917
3455,1D68888,Multiple_Gunshots,2015-07-04,07:57:56,WashingtonDC1D,38.876,-77.011
3456,6D135082,Multiple_Gunshots,2015-07-04,08:26:38,WashingtonDC6D,38.903,-76.924
3457,5D51643,Multiple_Gunshots,2015-07-04,08:27:06,WashingtonDC5D,38.904,-77.01
3458,5D51645,Multiple_Gunshots,2015-07-04,08:27:15,WashingtonDC5D,38.904,-77.01
3459,5D51646,Multiple_Gunshots,2015-07-04,08:27:23,WashingtonDC5D,38.904,-77.01
3460,5D51647,Multiple_Gunshots,2015-07-04,08:27:31,WashingtonDC5D,38.904,-77.01
3461,5D51648,Multiple_Gunshots,2015-07-04,08:27:44,WashingtonDC5D,38.904,-77.01
3462,5D51652,Gunshot_or_Firecracker,2015-07-04,08:28:06,WashingtonDC5D,38.904,-77.01
3463,6D135092,Multiple_Gunshots,2015-07-04,09:26:19,WashingtonDC6D,38.9,-76.931
3464,3D50586,Multiple_Gunshots,2015-07-04,10:24:27,WashingtonDC3D,38.934,-77.023
3465,4D45243,Multiple_Gunshots,2015-07-04,10:25:51,WashingtonDC4D,38.952,-77.025
3466,4D45244,Multiple_Gunshots,2015-07-04,10:25:59,WashingtonDC4D,38.952,-77.025
3467,4D45246,Multiple_Gunshots,2015-07-04,10:31:06,WashingtonDC4D,38.952,-77.025
3468,4D45249,Gunshot_or_Firecracker,2015-07-04,10:42:00,WashingtonDC4D,38.957,-77.025
3469,7D170822,Multiple_Gunshots,2015-07-04,11:04:20,WashingtonDC7D,38.843,-76.988
3470,6D135111,Multiple_Gunshots,2015-07-04,11:05:20,WashingtonDC6D,38.911,-76.935
3471,7D170823,Multiple_Gunshots,2015-07-04,11:06:52,WashingtonDC7D,38.859,-76.998
3472,7D170830,Multiple_Gunshots,2015-07-04,11:15:30,WashingtonDC7D,38.844,-76.989
3473,3D50587,Multiple_Gunshots,2015-07-04,11:15:57,WashingtonDC3D,38.934,-77.024
3474,7D170838,Multiple_Gunshots,2015-07-04,11:24:49,WashingtonDC7D,38.84,-77.006
3475,7D170842,Multiple_Gunshots,2015-07-04,11:32:18,WashingtonDC7D,38.844,-76.999
3476,6D135124,Multiple_Gunshots,2015-07-04,11:40:05,WashingtonDC6D,38.87,-76.972
3477,7D170844,Multiple_Gunshots,2015-07-04,11:41:26,WashingtonDC7D,38.84,-77.006
3478,7D170848,Multiple_Gunshots,2015-07-04,11:43:19,WashingtonDC7D,38.839,-77.006
3479,5D51666,Multiple_Gunshots,2015-07-04,11:43:28,WashingtonDC5D,38.924,-76.998
3480,6D135125,Multiple_Gunshots,2015-07-04,11:44:58,WashingtonDC6D,38.88,-76.926
3481,7D170871,Multiple_Gunshots,2015-07-04,12:01:07,WashingtonDC7D,38.872,-76.995
3482,7D170872,Multiple_Gunshots,2015-07-04,12:01:17,WashingtonDC7D,38.872,-76.995
3483,4D45254,Multiple_Gunshots,2015-07-04,12:01:33,WashingtonDC4D,38.962,-77.02
3484,4D45255,Multiple_Gunshots,2015-07-04,12:01:42,WashingtonDC4D,38.962,-77.02
3485,4D45256,Multiple_Gunshots,2015-07-04,12:01:57,WashingtonDC4D,38.96,-77.02
3486,3D50594,Gunshot_or_Firecracker,2015-07-04,12:09:26,WashingtonDC3D,38.905,-77.012
3487,7D170883,Multiple_Gunshots,2015-07-04,12:09:51,WashingtonDC7D,38.828,-77.003
3488,6D135141,Multiple_Gunshots,2015-07-04,12:10:51,WashingtonDC6D,38.887,-76.957
3489,7D170885,Multiple_Gunshots,2015-07-04,12:14:31,WashingtonDC7D,38.861,-77.0
3490,1D68924,Multiple_Gunshots,2015-07-04,12:14:45,WashingtonDC1D,38.866,-77.006
3491,4D45262,Gunshot_or_Firecracker,2015-07-04,12:14:52,WashingtonDC4D,38.934,-77.023
3492,7D170887,Multiple_Gunshots,2015-07-04,12:15:00,WashingtonDC7D,38.847,-76.971
3493,6D135149,Multiple_Gunshots,2015-07-04,12:15:03,WashingtonDC6D,38.886,-76.926
3494,4D45263,Multiple_Gunshots,2015-07-04,12:15:06,WashingtonDC4D,38.934,-77.023
3495,7D170888,Multiple_Gunshots,2015-07-04,12:17:16,WashingtonDC7D,38.848,-76.971
3496,7D170899,Multiple_Gunshots,2015-07-04,12:21:46,WashingtonDC7D,38.846,-76.973
3497,7D170905,Multiple_Gunshots,2015-07-04,12:25:51,WashingtonDC7D,38.828,-77.003
3498,6D135167,Gunshot_or_Firecracker,2015-07-04,12:26:18,WashingtonDC6D,38.903,-76.943
3499,4D45275,Multiple_Gunshots,2015-07-04,12:28:45,WashingtonDC4D,38.937,-77.025
3500,7D170916,Multiple_Gunshots,2015-07-04,12:32:42,WashingtonDC7D,38.828,-77.0
3501,7D170919,Multiple_Gunshots,2015-07-04,12:34:01,WashingtonDC7D,38.828,-77.0
3502,1D68941,Multiple_Gunshots,2015-07-04,12:45:42,WashingtonDC1D,38.872,-77.011
3503,1D68945,Multiple_Gunshots,2015-07-04,12:47:21,WashingtonDC1D,38.872,-77.011
3504,1D68947,Multiple_Gunshots,2015-07-04,12:53:28,WashingtonDC1D,38.904,-76.975
3505,4D45340,Multiple_Gunshots,2015-07-04,13:05:53,WashingtonDC4D,38.933,-77.023
3506,7D170956,Multiple_Gunshots,2015-07-04,13:10:45,WashingtonDC7D,38.827,-77.006
3507,7D170959,Gunshot_or_Firecracker,2015-07-04,13:11:41,WashingtonDC7D,38.847,-76.97
3508,4D45363,Multiple_Gunshots,2015-07-04,13:41:51,WashingtonDC4D,38.948,-77.035
3509,7D171000,Multiple_Gunshots,2015-07-04,13:52:13,WashingtonDC7D,38.832,-77.01
3510,7D171003,Multiple_Gunshots,2015-07-04,13:55:14,WashingtonDC7D,38.849,-76.973
3511,7D171008,Multiple_Gunshots,2015-07-04,13:56:58,WashingtonDC7D,38.845,-76.974
3512,3D50627,Gunshot_or_Firecracker,2015-07-04,13:57:42,WashingtonDC3D,38.908,-77.01
3513,6D135269,Multiple_Gunshots,2015-07-04,14:03:00,WashingtonDC6D,38.87,-76.972
3514,7D171032,Multiple_Gunshots,2015-07-04,14:14:03,WashingtonDC7D,38.855,-76.969
3515,7D171063,Multiple_Gunshots,2015-07-04,14:32:26,WashingtonDC7D,38.829,-77.002
3516,7D171094,Multiple_Gunshots,2015-07-04,14:56:02,WashingtonDC7D,38.863,-76.984
3517,6D135366,Multiple_Gunshots,2015-07-04,15:01:18,WashingtonDC6D,38.894,-76.925
3518,6D135367,Multiple_Gunshots,2015-07-04,15:01:23,WashingtonDC6D,38.894,-76.925
3519,6D135371,Gunshot_or_Firecracker,2015-07-04,15:02:36,WashingtonDC6D,38.894,-76.925
3520,6D135377,Multiple_Gunshots,2015-07-04,15:04:08,WashingtonDC6D,38.894,-76.925
3521,6D135378,Multiple_Gunshots,2015-07-04,15:04:45,WashingtonDC6D,38.894,-76.925
3522,1D69020,Gunshot_or_Firecracker,2015-07-04,15:22:47,WashingtonDC1D,38.878,-76.984
3523,6D135427,Multiple_Gunshots,2015-07-04,15:26:45,WashingtonDC6D,38.903,-76.943
3524,1D69062,Single_Gunshot,2015-07-04,16:01:44,WashingtonDC1D,38.896,-76.984
3525,1D69067,Single_Gunshot,2015-07-04,16:07:50,WashingtonDC1D,38.881,-76.99
3526,1D69071,Single_Gunshot,2015-07-04,16:09:26,WashingtonDC1D,38.881,-76.99
3527,1D69076,Single_Gunshot,2015-07-04,16:14:47,WashingtonDC1D,38.875,-77.012
3528,5D51824,Multiple_Gunshots,2015-07-04,16:18:20,WashingtonDC5D,38.908,-77.01
3529,7D171254,Multiple_Gunshots,2015-07-04,16:23:01,WashingtonDC7D,38.827,-77.004
3530,4D45467,Multiple_Gunshots,2015-07-04,16:27:22,WashingtonDC4D,38.962,-77.018
3531,4D45468,Multiple_Gunshots,2015-07-04,16:27:39,WashingtonDC4D,38.962,-77.018
3532,1D69089,Single_Gunshot,2015-07-04,17:13:45,WashingtonDC1D,38.898,-76.977
3533,6D135605,Multiple_Gunshots,2015-07-04,17:19:46,WashingtonDC6D,38.882,-76.939
3534,5D51871,Multiple_Gunshots,2015-07-04,17:20:18,WashingtonDC5D,38.922,-77.009
3535,6D135608,Single_Gunshot,2015-07-04,17:20:47,WashingtonDC6D,38.868,-76.941
3536,6D135609,Multiple_Gunshots,2015-07-04,17:21:21,WashingtonDC6D,38.894,-76.913
3537,6D135611,Multiple_Gunshots,2015-07-04,17:21:29,WashingtonDC6D,38.895,-76.913
3538,4D45517,Gunshot_or_Firecracker,2015-07-04,17:25:56,WashingtonDC4D,38.953,-77.012
3539,6D135629,Gunshot_or_Firecracker,2015-07-04,17:30:42,WashingtonDC6D,38.896,-76.927
3540,5D51876,Multiple_Gunshots,2015-07-04,17:31:17,WashingtonDC5D,38.936,-76.974
3541,1D69101,Single_Gunshot,2015-07-04,17:38:25,WashingtonDC1D,38.898,-76.979
3542,4D45545,Multiple_Gunshots,2015-07-04,17:42:48,WashingtonDC4D,38.947,-77.007
3543,4D45546,Multiple_Gunshots,2015-07-04,17:43:02,WashingtonDC4D,38.947,-77.007
3544,7D171369,Multiple_Gunshots,2015-07-04,17:46:10,WashingtonDC7D,38.849,-76.973
3545,1D69122,Single_Gunshot,2015-07-04,17:53:50,WashingtonDC1D,38.881,-76.981
3546,6D135715,Multiple_Gunshots,2015-07-04,17:55:42,WashingtonDC6D,38.871,-76.939
3547,7D171418,Multiple_Gunshots,2015-07-04,18:00:18,WashingtonDC7D,38.848,-76.979
3548,1D69130,Single_Gunshot,2015-07-04,18:03:20,WashingtonDC1D,38.877,-77.014
3549,1D69131,Single_Gunshot,2015-07-04,18:04:00,WashingtonDC1D,38.879,-77.014
3550,7D171432,Single_Gunshot,2015-07-04,18:04:19,WashingtonDC7D,38.827,-77.012
3551,7D171435,Multiple_Gunshots,2015-07-04,18:05:37,WashingtonDC7D,38.834,-77.002
3552,7D171459,Multiple_Gunshots,2015-07-04,18:12:13,WashingtonDC7D,38.85,-76.978
3553,7D171470,Multiple_Gunshots,2015-07-04,18:15:19,WashingtonDC7D,38.829,-77.006
3554,7D171478,Single_Gunshot,2015-07-04,18:17:58,WashingtonDC7D,38.835,-77.006
3555,7D171481,Gunshot_or_Firecracker,2015-07-04,18:18:34,WashingtonDC7D,38.841,-76.99
3556,7D171497,Single_Gunshot,2015-07-04,18:22:43,WashingtonDC7D,38.828,-77.002
3557,1D69150,Single_Gunshot,2015-07-04,18:24:02,WashingtonDC1D,38.898,-76.979
3558,1D69158,Single_Gunshot,2015-07-04,18:25:49,WashingtonDC1D,38.88,-76.989
3559,3D50750,Gunshot_or_Firecracker,2015-07-04,18:30:12,WashingtonDC3D,38.911,-77.014
3560,7D171536,Single_Gunshot,2015-07-04,18:32:31,WashingtonDC7D,38.851,-76.971
3561,1D69171,Single_Gunshot,2015-07-04,18:33:26,WashingtonDC1D,38.882,-77.003
3562,7D171543,Multiple_Gunshots,2015-07-04,18:34:02,WashingtonDC7D,38.84,-77.006
3563,6D135884,Multiple_Gunshots,2015-07-04,18:36:47,WashingtonDC6D,38.878,-76.922
3564,3D50766,Single_Gunshot,2015-07-04,18:44:22,WashingtonDC3D,38.937,-77.026
3565,7D171606,Single_Gunshot,2015-07-04,18:46:01,WashingtonDC7D,38.827,-77.006
3566,7D171608,Multiple_Gunshots,2015-07-04,18:46:34,WashingtonDC7D,38.832,-77.004
3567,7D171616,Single_Gunshot,2015-07-04,18:47:32,WashingtonDC7D,38.843,-76.985
3568,7D171630,Single_Gunshot,2015-07-04,18:50:30,WashingtonDC7D,38.823,-76.999
3569,7D171631,Single_Gunshot,2015-07-04,18:50:42,WashingtonDC7D,38.842,-77.003
3570,7D171634,Multiple_Gunshots,2015-07-04,18:51:24,WashingtonDC7D,38.844,-76.989
3571,7D171660,Single_Gunshot,2015-07-04,18:55:14,WashingtonDC7D,38.833,-77.005
3572,7D171664,Single_Gunshot,2015-07-04,18:56:04,WashingtonDC7D,38.824,-77.001
3573,7D171668,Single_Gunshot,2015-07-04,18:56:49,WashingtonDC7D,38.846,-77.002
3574,4D45653,Gunshot_or_Firecracker,2015-07-04,18:57:16,WashingtonDC4D,38.936,-77.032
3575,7D171685,Single_Gunshot,2015-07-04,18:59:10,WashingtonDC7D,38.843,-76.986
3576,7D171686,Multiple_Gunshots,2015-07-04,18:59:22,WashingtonDC7D,38.834,-76.992
3577,7D171690,Multiple_Gunshots,2015-07-04,18:59:52,WashingtonDC7D,38.854,-76.986
3578,7D171693,Multiple_Gunshots,2015-07-04,19:00:40,WashingtonDC7D,38.844,-76.989
3579,7D171700,Multiple_Gunshots,2015-07-04,19:02:10,WashingtonDC7D,38.86,-76.99
3580,7D171711,Multiple_Gunshots,2015-07-04,19:04:18,WashingtonDC7D,38.846,-76.972
3581,1D69201,Single_Gunshot,2015-07-04,19:07:03,WashingtonDC1D,38.895,-76.983
3582,7D171722,Single_Gunshot,2015-07-04,19:07:06,WashingtonDC7D,38.827,-77.012
3583,7D171733,Multiple_Gunshots,2015-07-04,19:08:52,WashingtonDC7D,38.832,-77.01
3584,7D171734,Single_Gunshot,2015-07-04,19:08:58,WashingtonDC7D,38.827,-77.012
3585,1D69206,Single_Gunshot,2015-07-04,19:09:19,WashingtonDC1D,38.872,-77.013
3586,7D171736,Multiple_Gunshots,2015-07-04,19:09:26,WashingtonDC7D,38.833,-77.008
3587,1D69209,Single_Gunshot,2015-07-04,19:10:12,WashingtonDC1D,38.898,-76.979
3588,7D171741,Gunshot_or_Firecracker,2015-07-04,19:10:18,WashingtonDC7D,38.829,-77.006
3589,1D69210,Single_Gunshot,2015-07-04,19:11:20,WashingtonDC1D,38.898,-76.979
3590,7D171749,Single_Gunshot,2015-07-04,19:12:28,WashingtonDC7D,38.829,-77.006
3591,7D171750,Single_Gunshot,2015-07-04,19:12:58,WashingtonDC7D,38.829,-77.006
3592,7D171753,Single_Gunshot,2015-07-04,19:13:30,WashingtonDC7D,38.829,-77.006
3593,7D171763,Multiple_Gunshots,2015-07-04,19:15:52,WashingtonDC7D,38.827,-77.012
3594,7D171770,Single_Gunshot,2015-07-04,19:17:39,WashingtonDC7D,38.842,-77.003
3595,7D171772,Single_Gunshot,2015-07-04,19:18:44,WashingtonDC7D,38.823,-77.0
3596,7D171779,Multiple_Gunshots,2015-07-04,19:20:25,WashingtonDC7D,38.839,-76.997
3597,7D171797,Multiple_Gunshots,2015-07-04,19:24:26,WashingtonDC7D,38.844,-76.974
3598,7D171801,Single_Gunshot,2015-07-04,19:25:12,WashingtonDC7D,38.845,-76.999
3599,7D171802,Single_Gunshot,2015-07-04,19:25:13,WashingtonDC7D,38.845,-76.999
3600,7D171803,Gunshot_or_Firecracker,2015-07-04,19:25:16,WashingtonDC7D,38.845,-76.999
3601,3D50807,Gunshot_or_Firecracker,2015-07-04,19:27:12,WashingtonDC3D,38.941,-77.018
3602,7D171841,Multiple_Gunshots,2015-07-04,19:31:36,WashingtonDC7D,38.834,-77.007
3603,7D171842,Single_Gunshot,2015-07-04,19:31:49,WashingtonDC7D,38.826,-77.004
3604,7D171848,Single_Gunshot,2015-07-04,19:33:46,WashingtonDC7D,38.834,-77.003
3605,3D50815,Single_Gunshot,2015-07-04,19:34:31,WashingtonDC3D,38.922,-77.009
3606,7D171856,Multiple_Gunshots,2015-07-04,19:34:58,WashingtonDC7D,38.837,-77.003
3607,7D171861,Multiple_Gunshots,2015-07-04,19:35:46,WashingtonDC7D,38.844,-76.987
3608,7D171873,Multiple_Gunshots,2015-07-04,19:36:44,WashingtonDC7D,38.822,-77.007
3609,5D52147,Multiple_Gunshots,2015-07-04,19:37:10,WashingtonDC5D,38.908,-76.988
3610,7D171875,Single_Gunshot,2015-07-04,19:37:25,WashingtonDC7D,38.823,-77.0
3611,7D171877,Multiple_Gunshots,2015-07-04,19:37:43,WashingtonDC7D,38.827,-77.011
3612,7D171909,Gunshot_or_Firecracker,2015-07-04,19:41:19,WashingtonDC7D,38.827,-77.012
3613,7D171915,Single_Gunshot,2015-07-04,19:42:20,WashingtonDC7D,38.834,-77.003
3614,7D171916,Single_Gunshot,2015-07-04,19:42:21,WashingtonDC7D,38.836,-76.99
3615,7D171923,Single_Gunshot,2015-07-04,19:42:56,WashingtonDC7D,38.85,-76.979
3616,7D171933,Single_Gunshot,2015-07-04,19:44:03,WashingtonDC7D,38.845,-76.974
3617,7D171946,Gunshot_or_Firecracker,2015-07-04,19:46:04,WashingtonDC7D,38.834,-76.988
3618,7D171953,Multiple_Gunshots,2015-07-04,19:46:59,WashingtonDC7D,38.827,-76.996
3619,7D171960,Multiple_Gunshots,2015-07-04,19:47:56,WashingtonDC7D,38.845,-76.994
3620,7D171962,Multiple_Gunshots,2015-07-04,19:48:08,WashingtonDC7D,38.834,-77.002
3621,7D171965,Multiple_Gunshots,2015-07-04,19:48:25,WashingtonDC7D,38.841,-76.977
3622,5D52187,Multiple_Gunshots,2015-07-04,19:48:32,WashingtonDC5D,38.936,-76.979
3623,7D171975,Single_Gunshot,2015-07-04,19:49:21,WashingtonDC7D,38.834,-76.991
3624,7D171984,Single_Gunshot,2015-07-04,19:51:00,WashingtonDC7D,38.842,-77.003
3625,4D45793,Gunshot_or_Firecracker,2015-07-04,19:51:14,WashingtonDC4D,38.956,-77.01
3626,1D69234,Single_Gunshot,2015-07-04,19:51:42,WashingtonDC1D,38.906,-76.984
3627,7D171988,Multiple_Gunshots,2015-07-04,19:52:18,WashingtonDC7D,38.838,-76.989
3628,3D50823,Single_Gunshot,2015-07-04,19:52:52,WashingtonDC3D,38.939,-77.034
3629,4D45801,Gunshot_or_Firecracker,2015-07-04,19:53:00,WashingtonDC4D,38.95,-77.014
3630,7D172000,Single_Gunshot,2015-07-04,19:53:50,WashingtonDC7D,38.832,-77.008
3631,7D172009,Multiple_Gunshots,2015-07-04,19:55:26,WashingtonDC7D,38.842,-77.003
3632,4D45824,Multiple_Gunshots,2015-07-04,19:57:36,WashingtonDC4D,38.941,-77.021
3633,7D172029,Multiple_Gunshots,2015-07-04,19:57:49,WashingtonDC7D,38.827,-77.012
3634,5D52225,Gunshot_or_Firecracker,2015-07-04,19:58:29,WashingtonDC5D,38.911,-77.012
3635,7D172040,Multiple_Gunshots,2015-07-04,19:59:07,WashingtonDC7D,38.827,-77.005
3636,7D172043,Multiple_Gunshots,2015-07-04,19:59:20,WashingtonDC7D,38.841,-76.977
3637,7D172054,Single_Gunshot,2015-07-04,20:00:37,WashingtonDC7D,38.827,-77.005
3638,6D136316,Multiple_Gunshots,2015-07-04,20:01:09,WashingtonDC6D,38.892,-76.913
3639,7D172058,Multiple_Gunshots,2015-07-04,20:01:43,WashingtonDC7D,38.827,-77.005
3640,7D172065,Single_Gunshot,2015-07-04,20:02:44,WashingtonDC7D,38.845,-76.998
3641,7D172066,Multiple_Gunshots,2015-07-04,20:02:49,WashingtonDC7D,38.841,-76.977
3642,1D69255,Single_Gunshot,2015-07-04,20:03:08,WashingtonDC1D,38.879,-76.985
3643,1D69257,Single_Gunshot,2015-07-04,20:03:45,WashingtonDC1D,38.897,-76.982
3644,7D172089,Multiple_Gunshots,2015-07-04,20:06:09,WashingtonDC7D,38.834,-76.987
3645,3D50834,Single_Gunshot,2015-07-04,20:07:41,WashingtonDC3D,38.902,-77.011
3646,7D172102,Single_Gunshot,2015-07-04,20:08:01,WashingtonDC7D,38.842,-77.003
3647,7D172104,Multiple_Gunshots,2015-07-04,20:08:15,WashingtonDC7D,38.827,-77.0
3648,7D172112,Multiple_Gunshots,2015-07-04,20:09:19,WashingtonDC7D,38.827,-77.012
3649,1D69264,Single_Gunshot,2015-07-04,20:10:24,WashingtonDC1D,38.893,-76.982
3650,7D172117,Single_Gunshot,2015-07-04,20:10:29,WashingtonDC7D,38.848,-76.997
3651,7D172119,Single_Gunshot,2015-07-04,20:10:43,WashingtonDC7D,38.848,-76.997
3652,3D50841,Gunshot_or_Firecracker,2015-07-04,20:10:50,WashingtonDC3D,38.908,-77.01
3653,1D69265,Multiple_Gunshots,2015-07-04,20:11:03,WashingtonDC1D,38.896,-76.979
3654,4D45869,Gunshot_or_Firecracker,2015-07-04,20:11:54,WashingtonDC4D,38.931,-77.023
3655,7D172130,Multiple_Gunshots,2015-07-04,20:13:03,WashingtonDC7D,38.842,-76.981
3656,7D172131,Multiple_Gunshots,2015-07-04,20:13:21,WashingtonDC7D,38.839,-77.006
3657,7D172134,Single_Gunshot,2015-07-04,20:13:44,WashingtonDC7D,38.831,-77.005
3658,7D172137,Single_Gunshot,2015-07-04,20:14:13,WashingtonDC7D,38.831,-77.005
3659,7D172164,Multiple_Gunshots,2015-07-04,20:17:51,WashingtonDC7D,38.837,-77.003
3660,6D136418,Multiple_Gunshots,2015-07-04,20:18:11,WashingtonDC6D,38.893,-76.92
3661,5D52299,Multiple_Gunshots,2015-07-04,20:18:47,WashingtonDC5D,38.922,-76.988
3662,5D52310,Gunshot_or_Firecracker,2015-07-04,20:20:26,WashingtonDC5D,38.923,-76.987
3663,7D172180,Multiple_Gunshots,2015-07-04,20:20:33,WashingtonDC7D,38.829,-77.001
3664,4D45925,Gunshot_or_Firecracker,2015-07-04,20:25:14,WashingtonDC4D,38.94,-77.034
3665,4D45927,Gunshot_or_Firecracker,2015-07-04,20:25:31,WashingtonDC4D,38.938,-77.031
3666,7D172219,Gunshot_or_Firecracker,2015-07-04,20:27:58,WashingtonDC7D,38.833,-76.994
3667,7D172223,Single_Gunshot,2015-07-04,20:28:18,WashingtonDC7D,38.834,-77.002
3668,7D172224,Single_Gunshot,2015-07-04,20:28:25,WashingtonDC7D,38.826,-77.015
3669,7D172225,Multiple_Gunshots,2015-07-04,20:28:28,WashingtonDC7D,38.845,-76.998
3670,4D45947,Multiple_Gunshots,2015-07-04,20:29:09,WashingtonDC4D,38.961,-77.02
3671,6D136472,Multiple_Gunshots,2015-07-04,20:29:18,WashingtonDC6D,38.9,-76.949
3672,4D45948,Multiple_Gunshots,2015-07-04,20:29:19,WashingtonDC4D,38.961,-77.02
3673,7D172244,Multiple_Gunshots,2015-07-04,20:32:05,WashingtonDC7D,38.861,-76.984
3674,7D172245,Multiple_Gunshots,2015-07-04,20:32:10,WashingtonDC7D,38.861,-76.984
3675,7D172246,Multiple_Gunshots,2015-07-04,20:32:14,WashingtonDC7D,38.83,-77.004
3676,7D172247,Multiple_Gunshots,2015-07-04,20:32:20,WashingtonDC7D,38.825,-77.007
3677,7D172250,Multiple_Gunshots,2015-07-04,20:32:57,WashingtonDC7D,38.847,-76.992
3678,7D172251,Multiple_Gunshots,2015-07-04,20:33:02,WashingtonDC7D,38.846,-76.993
3679,7D172252,Multiple_Gunshots,2015-07-04,20:33:20,WashingtonDC7D,38.84,-76.989
3680,5D52341,Multiple_Gunshots,2015-07-04,20:33:35,WashingtonDC5D,38.906,-76.979
3681,4D45974,Multiple_Gunshots,2015-07-04,20:34:55,WashingtonDC4D,38.959,-77.014
3682,7D172263,Multiple_Gunshots,2015-07-04,20:35:31,WashingtonDC7D,38.842,-77.004
3683,6D136509,Multiple_Gunshots,2015-07-04,20:36:00,WashingtonDC6D,38.886,-76.955
3684,7D172268,Multiple_Gunshots,2015-07-04,20:36:42,WashingtonDC7D,38.831,-77.005
3685,6D136520,Multiple_Gunshots,2015-07-04,20:37:35,WashingtonDC6D,38.9,-76.948
3686,4D45987,Gunshot_or_Firecracker,2015-07-04,20:39:04,WashingtonDC4D,38.945,-77.02
3687,4D45988,Gunshot_or_Firecracker,2015-07-04,20:39:22,WashingtonDC4D,38.945,-77.02
3688,7D172288,Single_Gunshot,2015-07-04,20:40:23,WashingtonDC7D,38.847,-76.996
3689,7D172291,Single_Gunshot,2015-07-04,20:40:58,WashingtonDC7D,38.825,-77.01
3690,7D172299,Single_Gunshot,2015-07-04,20:42:22,WashingtonDC7D,38.833,-77.002
3691,7D172306,Multiple_Gunshots,2015-07-04,20:43:13,WashingtonDC7D,38.832,-77.004
3692,5D52364,Gunshot_or_Firecracker,2015-07-04,20:44:08,WashingtonDC5D,38.936,-76.968
3693,4D46004,Gunshot_or_Firecracker,2015-07-04,20:45:09,WashingtonDC4D,38.956,-77.021
3694,5D52368,Multiple_Gunshots,2015-07-04,20:45:12,WashingtonDC5D,38.921,-76.981
3695,7D172323,Gunshot_or_Firecracker,2015-07-04,20:46:15,WashingtonDC7D,38.833,-77.002
3696,7D172330,Multiple_Gunshots,2015-07-04,20:47:32,WashingtonDC7D,38.837,-77.005
3697,7D172333,Single_Gunshot,2015-07-04,20:47:45,WashingtonDC7D,38.832,-77.01
3698,7D172346,Multiple_Gunshots,2015-07-04,20:49:17,WashingtonDC7D,38.827,-77.005
3699,7D172348,Multiple_Gunshots,2015-07-04,20:49:29,WashingtonDC7D,38.83,-77.006
3700,7D172350,Single_Gunshot,2015-07-04,20:49:36,WashingtonDC7D,38.827,-77.005
3701,7D172351,Multiple_Gunshots,2015-07-04,20:49:39,WashingtonDC7D,38.827,-77.005
3702,7D172363,Single_Gunshot,2015-07-04,20:51:53,WashingtonDC7D,38.829,-76.994
3703,7D172364,Gunshot_or_Firecracker,2015-07-04,20:51:56,WashingtonDC7D,38.841,-76.996
3704,7D172365,Multiple_Gunshots,2015-07-04,20:52:15,WashingtonDC7D,38.837,-77.005
3705,7D172366,Single_Gunshot,2015-07-04,20:52:19,WashingtonDC7D,38.819,-77.01
3706,7D172367,Multiple_Gunshots,2015-07-04,20:52:26,WashingtonDC7D,38.837,-77.005
3707,7D172368,Multiple_Gunshots,2015-07-04,20:52:44,WashingtonDC7D,38.83,-76.993
3708,6D136562,Multiple_Gunshots,2015-07-04,20:53:04,WashingtonDC6D,38.871,-76.959
3709,7D172371,Single_Gunshot,2015-07-04,20:53:43,WashingtonDC7D,38.839,-76.999
3710,7D172372,Multiple_Gunshots,2015-07-04,20:53:54,WashingtonDC7D,38.827,-77.009
3711,5D52393,Multiple_Gunshots,2015-07-04,20:53:56,WashingtonDC5D,38.915,-77.006
3712,7D172375,Single_Gunshot,2015-07-04,20:54:11,WashingtonDC7D,38.839,-76.999
3713,7D172378,Single_Gunshot,2015-07-04,20:54:29,WashingtonDC7D,38.841,-76.998
3714,7D172383,Gunshot_or_Firecracker,2015-07-04,20:56:01,WashingtonDC7D,38.84,-76.994
3715,6D136566,Multiple_Gunshots,2015-07-04,20:59:30,WashingtonDC6D,38.894,-76.95
3716,1D69281,Multiple_Gunshots,2015-07-04,21:00:23,WashingtonDC1D,38.874,-77.013
3717,3D50868,Multiple_Gunshots,2015-07-04,21:14:41,WashingtonDC3D,38.933,-77.032
3718,3D50871,Gunshot_or_Firecracker,2015-07-04,21:15:20,WashingtonDC3D,38.931,-77.027
3719,3D50873,Gunshot_or_Firecracker,2015-07-04,21:15:41,WashingtonDC3D,38.913,-77.029
3720,3D50877,Multiple_Gunshots,2015-07-04,21:16:28,WashingtonDC3D,38.932,-77.032
3721,3D50884,Gunshot_or_Firecracker,2015-07-04,21:24:18,WashingtonDC3D,38.906,-77.028
3722,3D50885,Gunshot_or_Firecracker,2015-07-04,21:24:27,WashingtonDC3D,38.926,-77.035
3723,3D50886,Multiple_Gunshots,2015-07-04,21:25:06,WashingtonDC3D,38.934,-77.033
3724,3D50891,Single_Gunshot,2015-07-04,21:28:13,WashingtonDC3D,38.919,-77.033
3725,7D172392,Multiple_Gunshots,2015-07-04,21:31:25,WashingtonDC7D,38.829,-77.002
3726,3D50902,Gunshot_or_Firecracker,2015-07-04,21:55:08,WashingtonDC3D,38.923,-77.026
3727,3D50905,Gunshot_or_Firecracker,2015-07-04,21:55:52,WashingtonDC3D,38.908,-77.02
3728,3D50906,Gunshot_or_Firecracker,2015-07-04,21:56:03,WashingtonDC3D,38.917,-77.016
3729,1D69289,Multiple_Gunshots,2015-07-04,22:09:19,WashingtonDC1D,38.877,-77.016
3730,3D50917,Gunshot_or_Firecracker,2015-07-04,22:10:01,WashingtonDC3D,38.927,-77.022
3731,3D50920,Gunshot_or_Firecracker,2015-07-04,22:11:47,WashingtonDC3D,38.922,-77.025
3732,3D50922,Gunshot_or_Firecracker,2015-07-04,22:15:39,WashingtonDC3D,38.928,-77.032
3733,4D46036,Single_Gunshot,2015-07-04,22:17:58,WashingtonDC4D,38.952,-77.018
3734,7D172396,Single_Gunshot,2015-07-04,22:22:12,WashingtonDC7D,38.831,-76.99
3735,3D50924,Gunshot_or_Firecracker,2015-07-04,22:26:30,WashingtonDC3D,38.908,-77.023
3736,3D50926,Gunshot_or_Firecracker,2015-07-04,22:27:06,WashingtonDC3D,38.911,-77.012
3737,4D46042,Gunshot_or_Firecracker,2015-07-04,22:33:37,WashingtonDC4D,38.942,-77.022
3738,4D46046,Single_Gunshot,2015-07-04,22:34:06,WashingtonDC4D,38.949,-77.025
3739,1D69294,Single_Gunshot,2015-07-04,22:34:13,WashingtonDC1D,38.879,-77.014
3740,1D69304,Single_Gunshot,2015-07-04,22:37:41,WashingtonDC1D,38.871,-77.011
3741,1D69306,Multiple_Gunshots,2015-07-04,22:38:11,WashingtonDC1D,38.875,-77.013
3742,3D50933,Gunshot_or_Firecracker,2015-07-04,22:44:03,WashingtonDC3D,38.917,-77.014
3743,5D52401,Multiple_Gunshots,2015-07-04,22:44:34,WashingtonDC5D,38.914,-77.009
3744,4D46051,Gunshot_or_Firecracker,2015-07-04,22:50:17,WashingtonDC4D,38.952,-77.016
3745,3D50936,Gunshot_or_Firecracker,2015-07-04,23:00:36,WashingtonDC3D,38.907,-77.022
3746,4D46054,Gunshot_or_Firecracker,2015-07-04,23:04:45,WashingtonDC4D,38.95,-77.018
3747,4D46055,Gunshot_or_Firecracker,2015-07-04,23:05:14,WashingtonDC4D,38.95,-77.018
3748,4D46056,Single_Gunshot,2015-07-04,23:05:35,WashingtonDC4D,38.946,-77.031
3749,4D46057,Single_Gunshot,2015-07-04,23:05:51,WashingtonDC4D,38.948,-77.019
3750,4D46058,Single_Gunshot,2015-07-04,23:06:06,WashingtonDC4D,38.951,-77.032
3751,4D46059,Single_Gunshot,2015-07-04,23:08:07,WashingtonDC4D,38.946,-77.021
3752,7D172412,Single_Gunshot,2015-07-04,23:15:43,WashingtonDC7D,38.837,-76.994
3753,4D46066,Single_Gunshot,2015-07-04,23:17:05,WashingtonDC4D,38.957,-77.01
3754,7D172417,Gunshot_or_Firecracker,2015-07-04,23:18:56,WashingtonDC7D,38.841,-76.999
3755,5D52407,Multiple_Gunshots,2015-07-04,23:20:09,WashingtonDC5D,38.923,-76.975
3756,1D69312,Single_Gunshot,2015-07-04,23:21:46,WashingtonDC1D,38.873,-77.011
3757,1D69314,Single_Gunshot,2015-07-04,23:22:07,WashingtonDC1D,38.893,-76.982
3758,1D69315,Single_Gunshot,2015-07-04,23:22:14,WashingtonDC1D,38.873,-77.017
3759,1D69316,Single_Gunshot,2015-07-04,23:22:23,WashingtonDC1D,38.873,-77.017
3760,1D69317,Single_Gunshot,2015-07-04,23:22:36,WashingtonDC1D,38.873,-77.017
3761,1D69319,Multiple_Gunshots,2015-07-04,23:23:06,WashingtonDC1D,38.859,-77.001
3762,4D46068,Single_Gunshot,2015-07-04,23:23:10,WashingtonDC4D,38.947,-77.028
3763,6D136622,Multiple_Gunshots,2015-07-04,23:23:24,WashingtonDC6D,38.866,-76.974
3764,1D69320,Single_Gunshot,2015-07-04,23:24:07,WashingtonDC1D,38.873,-77.017
3765,1D69321,Single_Gunshot,2015-07-04,23:25:07,WashingtonDC1D,38.873,-77.017
3766,4D46070,Single_Gunshot,2015-07-04,23:26:18,WashingtonDC4D,38.952,-77.025
3767,5D52412,Multiple_Gunshots,2015-07-04,23:26:31,WashingtonDC5D,38.922,-76.981
3768,5D52413,Multiple_Gunshots,2015-07-04,23:27:17,WashingtonDC5D,38.923,-76.975
3769,7D172430,Gunshot_or_Firecracker,2015-07-04,23:27:36,WashingtonDC7D,38.843,-76.994
3770,5D52417,Single_Gunshot,2015-07-04,23:28:18,WashingtonDC5D,38.918,-77.004
3771,3D50945,Single_Gunshot,2015-07-04,23:29:31,WashingtonDC3D,38.931,-77.028
3772,3D50946,Single_Gunshot,2015-07-04,23:29:38,WashingtonDC3D,38.91,-77.026
3773,5D52421,Gunshot_or_Firecracker,2015-07-04,23:30:37,WashingtonDC5D,38.92,-77.002
3774,5D52422,Gunshot_or_Firecracker,2015-07-04,23:30:54,WashingtonDC5D,38.91,-77.016
3775,1D69323,Multiple_Gunshots,2015-07-04,23:31:42,WashingtonDC1D,38.877,-76.997
3776,4D46072,Gunshot_or_Firecracker,2015-07-04,23:31:49,WashingtonDC4D,38.947,-77.025
3777,1D69324,Single_Gunshot,2015-07-04,23:31:53,WashingtonDC1D,38.876,-77.012
3778,4D46073,Gunshot_or_Firecracker,2015-07-04,23:31:56,WashingtonDC4D,38.948,-77.019
3779,6D136637,Multiple_Gunshots,2015-07-04,23:32:04,WashingtonDC6D,38.867,-76.975
3780,5D52424,Multiple_Gunshots,2015-07-04,23:32:09,WashingtonDC5D,38.932,-76.97
3781,4D46076,Single_Gunshot,2015-07-04,23:32:21,WashingtonDC4D,38.952,-77.025
3782,5D52425,Multiple_Gunshots,2015-07-04,23:32:28,WashingtonDC5D,38.918,-77.012
3783,4D46079,Single_Gunshot,2015-07-04,23:32:54,WashingtonDC4D,38.952,-77.025
3784,4D46080,Single_Gunshot,2015-07-04,23:33:05,WashingtonDC4D,38.952,-77.025
3785,6D136640,Multiple_Gunshots,2015-07-04,23:33:06,WashingtonDC6D,38.893,-76.953
3786,5D52426,Multiple_Gunshots,2015-07-04,23:33:09,WashingtonDC5D,38.904,-77.011
3787,6D136641,Multiple_Gunshots,2015-07-04,23:33:18,WashingtonDC6D,38.892,-76.953
3788,4D46081,Multiple_Gunshots,2015-07-04,23:33:20,WashingtonDC4D,38.952,-77.025
3789,5D52428,Single_Gunshot,2015-07-04,23:34:37,WashingtonDC5D,38.922,-76.981
3790,6D136658,Multiple_Gunshots,2015-07-04,23:36:12,WashingtonDC6D,38.906,-76.95
3791,6D136659,Multiple_Gunshots,2015-07-04,23:36:16,WashingtonDC6D,38.906,-76.95
3792,1D69325,Multiple_Gunshots,2015-07-04,23:37:21,WashingtonDC1D,38.893,-76.979
3793,7D172433,Gunshot_or_Firecracker,2015-07-04,23:37:32,WashingtonDC7D,38.832,-76.993
3794,7D172434,Single_Gunshot,2015-07-04,23:37:35,WashingtonDC7D,38.846,-76.995
3795,5D52432,Single_Gunshot,2015-07-04,23:37:59,WashingtonDC5D,38.927,-76.99
3796,1D69327,Multiple_Gunshots,2015-07-04,23:38:39,WashingtonDC1D,38.876,-77.012
3797,5D52438,Multiple_Gunshots,2015-07-04,23:38:52,WashingtonDC5D,38.924,-76.998
3798,7D172439,Single_Gunshot,2015-07-04,23:39:09,WashingtonDC7D,38.838,-77.004
3799,1D69330,Single_Gunshot,2015-07-04,23:39:10,WashingtonDC1D,38.891,-76.987
3800,1D69331,Multiple_Gunshots,2015-07-04,23:39:17,WashingtonDC1D,38.899,-76.973
3801,1D69332,Multiple_Gunshots,2015-07-04,23:39:25,WashingtonDC1D,38.899,-76.973
3802,1D69333,Multiple_Gunshots,2015-07-04,23:39:38,WashingtonDC1D,38.893,-76.979
3803,1D69334,Multiple_Gunshots,2015-07-04,23:39:46,WashingtonDC1D,38.893,-76.979
3804,4D46087,Gunshot_or_Firecracker,2015-07-04,23:40:07,WashingtonDC4D,38.947,-77.028
3805,3D50948,Multiple_Gunshots,2015-07-04,23:40:20,WashingtonDC3D,38.923,-77.026
3806,3D50950,Multiple_Gunshots,2015-07-04,23:41:12,WashingtonDC3D,38.93,-77.027
3807,5D52445,Multiple_Gunshots,2015-07-04,23:41:28,WashingtonDC5D,38.92,-76.981
3808,5D52446,Multiple_Gunshots,2015-07-04,23:41:38,WashingtonDC5D,38.921,-76.982
3809,5D52447,Single_Gunshot,2015-07-04,23:41:44,WashingtonDC5D,38.917,-77.006
3810,5D52450,Multiple_Gunshots,2015-07-04,23:42:56,WashingtonDC5D,38.924,-76.998
3811,3D50952,Single_Gunshot,2015-07-04,23:43:02,WashingtonDC3D,38.921,-77.032
3812,3D50953,Single_Gunshot,2015-07-04,23:43:06,WashingtonDC3D,38.921,-77.032
3813,7D172443,Multiple_Gunshots,2015-07-04,23:43:54,WashingtonDC7D,38.832,-77.002
3814,7D172445,Single_Gunshot,2015-07-04,23:44:26,WashingtonDC7D,38.841,-76.999
3815,7D172447,Single_Gunshot,2015-07-04,23:44:49,WashingtonDC7D,38.832,-76.989
3816,7D172448,Multiple_Gunshots,2015-07-04,23:45:01,WashingtonDC7D,38.83,-76.995
3817,3D50956,Single_Gunshot,2015-07-04,23:45:34,WashingtonDC3D,38.93,-77.027
3818,7D172449,Single_Gunshot,2015-07-04,23:46:12,WashingtonDC7D,38.847,-76.998
3819,5D52453,Multiple_Gunshots,2015-07-04,23:46:24,WashingtonDC5D,38.912,-76.988
3820,7D172451,Single_Gunshot,2015-07-04,23:46:27,WashingtonDC7D,38.842,-76.998
3821,6D136687,Multiple_Gunshots,2015-07-04,23:46:42,WashingtonDC6D,38.875,-76.966
3822,1D69337,Single_Gunshot,2015-07-04,23:47:09,WashingtonDC1D,38.877,-77.015
3823,6D136691,Multiple_Gunshots,2015-07-04,23:47:21,WashingtonDC6D,38.89,-76.955
3824,6D136692,Multiple_Gunshots,2015-07-04,23:47:25,WashingtonDC6D,38.889,-76.952
3825,7D172452,Multiple_Gunshots,2015-07-04,23:47:26,WashingtonDC7D,38.847,-76.998
3826,5D52454,Single_Gunshot,2015-07-04,23:47:29,WashingtonDC5D,38.924,-76.998
3827,6D136693,Multiple_Gunshots,2015-07-04,23:47:31,WashingtonDC6D,38.89,-76.954
3828,7D172454,Single_Gunshot,2015-07-04,23:47:54,WashingtonDC7D,38.841,-77.0
3829,7D172456,Single_Gunshot,2015-07-04,23:48:07,WashingtonDC7D,38.841,-76.999
3830,3D50960,Single_Gunshot,2015-07-04,23:48:46,WashingtonDC3D,38.929,-77.027
3831,6D136704,Multiple_Gunshots,2015-07-04,23:48:47,WashingtonDC6D,38.907,-76.933
3832,3D50961,Single_Gunshot,2015-07-04,23:48:52,WashingtonDC3D,38.915,-77.02
3833,6D136706,Multiple_Gunshots,2015-07-04,23:49:29,WashingtonDC6D,38.898,-76.941
3834,5D52456,Single_Gunshot,2015-07-04,23:49:44,WashingtonDC5D,38.912,-77.006
3835,5D52457,Single_Gunshot,2015-07-04,23:49:47,WashingtonDC5D,38.917,-77.006
3836,6D136709,Multiple_Gunshots,2015-07-04,23:49:49,WashingtonDC6D,38.887,-76.932
3837,3D50963,Multiple_Gunshots,2015-07-04,23:49:50,WashingtonDC3D,38.919,-77.034
3838,3D50964,Multiple_Gunshots,2015-07-04,23:49:58,WashingtonDC3D,38.93,-77.027
3839,5D52458,Single_Gunshot,2015-07-04,23:50:04,WashingtonDC5D,38.917,-77.006
3840,5D52460,Multiple_Gunshots,2015-07-04,23:50:11,WashingtonDC5D,38.924,-76.999
3841,7D172458,Multiple_Gunshots,2015-07-04,23:50:16,WashingtonDC7D,38.832,-76.989
3842,5D52461,Multiple_Gunshots,2015-07-04,23:50:17,WashingtonDC5D,38.924,-76.999
3843,6D136712,Gunshot_or_Firecracker,2015-07-04,23:50:20,WashingtonDC6D,38.898,-76.941
3844,6D136713,Multiple_Gunshots,2015-07-04,23:51:02,WashingtonDC6D,38.903,-76.923
3845,4D46091,Single_Gunshot,2015-07-04,23:51:11,WashingtonDC4D,38.95,-77.021
3846,5D52463,Single_Gunshot,2015-07-04,23:51:25,WashingtonDC5D,38.924,-76.998
3847,6D136715,Single_Gunshot,2015-07-04,23:51:44,WashingtonDC6D,38.876,-76.961
3848,6D136717,Gunshot_or_Firecracker,2015-07-04,23:52:24,WashingtonDC6D,38.887,-76.932
3849,5D52466,Multiple_Gunshots,2015-07-04,23:53:34,WashingtonDC5D,38.917,-77.006
3850,5D52468,Single_Gunshot,2015-07-04,23:54:04,WashingtonDC5D,38.912,-77.006
3851,4D46092,Single_Gunshot,2015-07-04,23:54:08,WashingtonDC4D,38.946,-77.021
3852,6D136720,Multiple_Gunshots,2015-07-04,23:54:10,WashingtonDC6D,38.887,-76.941
3853,5D52469,Multiple_Gunshots,2015-07-04,23:54:19,WashingtonDC5D,38.923,-76.975
3854,6D136721,Multiple_Gunshots,2015-07-04,23:54:29,WashingtonDC6D,38.887,-76.941
3855,5D52470,Multiple_Gunshots,2015-07-04,23:54:38,WashingtonDC5D,38.917,-77.006
3856,4D46093,Gunshot_or_Firecracker,2015-07-04,23:54:53,WashingtonDC4D,38.956,-77.023
3857,6D136723,Multiple_Gunshots,2015-07-04,23:54:56,WashingtonDC6D,38.898,-76.941
3858,7D172460,Multiple_Gunshots,2015-07-04,23:55:04,WashingtonDC7D,38.851,-76.967
3859,4D46094,Multiple_Gunshots,2015-07-04,23:55:16,WashingtonDC4D,38.951,-77.032
3860,6D136725,Multiple_Gunshots,2015-07-04,23:55:18,WashingtonDC6D,38.887,-76.932
3861,5D52471,Multiple_Gunshots,2015-07-04,23:55:40,WashingtonDC5D,38.923,-76.975
3862,6D136727,Multiple_Gunshots,2015-07-04,23:55:44,WashingtonDC6D,38.887,-76.932
3863,4D46096,Single_Gunshot,2015-07-04,23:55:50,WashingtonDC4D,38.947,-77.019
3864,5D52472,Multiple_Gunshots,2015-07-04,23:55:54,WashingtonDC5D,38.923,-76.975
3865,6D136729,Multiple_Gunshots,2015-07-04,23:56:01,WashingtonDC6D,38.87,-76.971
3866,5D52473,Gunshot_or_Firecracker,2015-07-04,23:56:29,WashingtonDC5D,38.92,-76.981
3867,4D46097,Single_Gunshot,2015-07-04,23:56:40,WashingtonDC4D,38.953,-77.024
3868,6D136732,Multiple_Gunshots,2015-07-04,23:56:44,WashingtonDC6D,38.901,-76.937
3869,4D46098,Single_Gunshot,2015-07-04,23:56:44,WashingtonDC4D,38.946,-77.021
3870,4D46099,Multiple_Gunshots,2015-07-04,23:56:51,WashingtonDC4D,38.946,-77.034
3871,6D136733,Multiple_Gunshots,2015-07-04,23:57:00,WashingtonDC6D,38.898,-76.941
3872,3D50965,Single_Gunshot,2015-07-04,23:57:10,WashingtonDC3D,38.93,-77.026
3873,1D69340,Multiple_Gunshots,2015-07-04,23:57:39,WashingtonDC1D,38.88,-76.981
3874,4D46101,Gunshot_or_Firecracker,2015-07-04,23:57:50,WashingtonDC4D,38.943,-77.024
3875,1D69342,Multiple_Gunshots,2015-07-04,23:57:57,WashingtonDC1D,38.889,-76.985
3876,7D172461,Single_Gunshot,2015-07-04,23:58:01,WashingtonDC7D,38.832,-77.005
3877,7D172462,Multiple_Gunshots,2015-07-04,23:58:07,WashingtonDC7D,38.848,-77.002
3878,6D136735,Multiple_Gunshots,2015-07-04,23:58:11,WashingtonDC6D,38.892,-76.953
3879,1D69343,Single_Gunshot,2015-07-04,23:58:12,WashingtonDC1D,38.875,-77.011
3880,1D69344,Single_Gunshot,2015-07-04,23:58:13,WashingtonDC1D,38.875,-77.011
3881,7D172463,Single_Gunshot,2015-07-04,23:58:21,WashingtonDC7D,38.842,-76.998
3882,4D46103,Gunshot_or_Firecracker,2015-07-04,23:58:23,WashingtonDC4D,38.956,-77.023
3883,4D46104,Multiple_Gunshots,2015-07-04,23:58:28,WashingtonDC4D,38.962,-77.028
3884,7D172464,Multiple_Gunshots,2015-07-04,23:58:29,WashingtonDC7D,38.847,-77.004
3885,1D69346,Multiple_Gunshots,2015-07-04,23:58:42,WashingtonDC1D,38.901,-76.975
3886,4D46105,Gunshot_or_Firecracker,2015-07-04,23:58:43,WashingtonDC4D,38.955,-77.027
3887,4D46106,Multiple_Gunshots,2015-07-04,23:58:52,WashingtonDC4D,38.955,-77.027
3888,6D136738,Multiple_Gunshots,2015-07-04,23:58:55,WashingtonDC6D,38.898,-76.941
3889,4D46107,Gunshot_or_Firecracker,2015-07-04,23:58:55,WashingtonDC4D,38.955,-77.027
3890,7D172465,Single_Gunshot,2015-07-04,23:59:01,WashingtonDC7D,38.849,-76.979
3891,4D46108,Multiple_Gunshots,2015-07-04,23:59:01,WashingtonDC4D,38.955,-77.027
3892,4D46109,Single_Gunshot,2015-07-04,23:59:05,WashingtonDC4D,38.946,-77.021
3893,7D172466,Multiple_Gunshots,2015-07-04,23:59:08,WashingtonDC7D,38.848,-76.979
3894,5D52474,Gunshot_or_Firecracker,2015-07-04,23:59:29,WashingtonDC5D,38.912,-76.985
3895,7D172467,Single_Gunshot,2015-07-04,23:59:41,WashingtonDC7D,38.832,-77.005
3896,6D136743,Multiple_Gunshots,2015-07-04,23:59:46,WashingtonDC6D,38.901,-76.937
3897,5D52476,Single_Gunshot,2015-07-04,23:59:47,WashingtonDC5D,38.92,-76.981
3898,6D136744,Multiple_Gunshots,2015-07-04,23:59:51,WashingtonDC6D,38.901,-76.937
3899,6D136745,Multiple_Gunshots,2015-07-04,23:59:58,WashingtonDC6D,38.901,-76.937
3900,4D46110,Single_Gunshot,2015-07-04,23:59:58,WashingtonDC4D,38.947,-77.019
3901,5D52477,Gunshot_or_Firecracker,2015-07-04,23:59:59,WashingtonDC5D,38.912,-76.985
3902,6D136747,Multiple_Gunshots,2015-07-05,00:00:09,WashingtonDC6D,38.906,-76.948
3903,4D46111,Single_Gunshot,2015-07-05,00:00:10,WashingtonDC4D,38.959,-77.023
3904,5D52478,Gunshot_or_Firecracker,2015-07-05,00:00:12,WashingtonDC5D,38.912,-76.985
3905,6D136748,Multiple_Gunshots,2015-07-05,00:00:24,WashingtonDC6D,38.906,-76.948
3906,5D52479,Single_Gunshot,2015-07-05,00:00:32,WashingtonDC5D,38.92,-76.981
3907,7D172468,Single_Gunshot,2015-07-05,00:00:44,WashingtonDC7D,38.842,-76.998
3908,7D172469,Single_Gunshot,2015-07-05,00:00:51,WashingtonDC7D,38.832,-77.005
3909,4D46113,Multiple_Gunshots,2015-07-05,00:00:52,WashingtonDC4D,38.948,-77.024
3910,4D46114,Single_Gunshot,2015-07-05,00:00:56,WashingtonDC4D,38.947,-77.019
3911,5D52481,Multiple_Gunshots,2015-07-05,00:00:57,WashingtonDC5D,38.916,-77.01
3912,6D136752,Multiple_Gunshots,2015-07-05,00:01:01,WashingtonDC6D,38.878,-76.979
3913,4D46115,Multiple_Gunshots,2015-07-05,00:01:03,WashingtonDC4D,38.948,-77.024
3914,6D136753,Multiple_Gunshots,2015-07-05,00:01:07,WashingtonDC6D,38.892,-76.912
3915,7D172470,Single_Gunshot,2015-07-05,00:01:11,WashingtonDC7D,38.835,-76.989
3916,6D136754,Multiple_Gunshots,2015-07-05,00:01:15,WashingtonDC6D,38.87,-76.971
3917,1D69347,Multiple_Gunshots,2015-07-05,00:01:16,WashingtonDC1D,38.899,-76.978
3918,7D172471,Multiple_Gunshots,2015-07-05,00:01:20,WashingtonDC7D,38.835,-77.001
3919,7D172472,Multiple_Gunshots,2015-07-05,00:01:26,WashingtonDC7D,38.835,-77.001
3920,5D52483,Single_Gunshot,2015-07-05,00:01:26,WashingtonDC5D,38.914,-77.009
3921,4D46118,Single_Gunshot,2015-07-05,00:01:26,WashingtonDC4D,38.946,-77.021
3922,5D52484,Single_Gunshot,2015-07-05,00:01:31,WashingtonDC5D,38.92,-76.981
3923,7D172473,Single_Gunshot,2015-07-05,00:01:32,WashingtonDC7D,38.842,-76.998
3924,4D46119,Multiple_Gunshots,2015-07-05,00:01:35,WashingtonDC4D,38.948,-77.024
3925,7D172474,Single_Gunshot,2015-07-05,00:01:37,WashingtonDC7D,38.842,-76.998
3926,6D136758,Multiple_Gunshots,2015-07-05,00:01:41,WashingtonDC6D,38.887,-76.932
3927,7D172475,Multiple_Gunshots,2015-07-05,00:01:43,WashingtonDC7D,38.83,-76.995
3928,5D52485,Single_Gunshot,2015-07-05,00:01:43,WashingtonDC5D,38.924,-76.998
3929,4D46120,Gunshot_or_Firecracker,2015-07-05,00:01:46,WashingtonDC4D,38.948,-77.025
3930,6D136759,Multiple_Gunshots,2015-07-05,00:01:49,WashingtonDC6D,38.887,-76.932
3931,7D172476,Single_Gunshot,2015-07-05,00:01:53,WashingtonDC7D,38.834,-76.987
3932,4D46121,Gunshot_or_Firecracker,2015-07-05,00:01:56,WashingtonDC4D,38.948,-77.025
3933,4D46122,Single_Gunshot,2015-07-05,00:02:02,WashingtonDC4D,38.946,-77.021
3934,6D136761,Multiple_Gunshots,2015-07-05,00:02:04,WashingtonDC6D,38.887,-76.932
3935,7D172477,Single_Gunshot,2015-07-05,00:02:05,WashingtonDC7D,38.842,-76.998
3936,1D69348,Single_Gunshot,2015-07-05,00:02:08,WashingtonDC1D,38.878,-77.014
3937,5D52487,Single_Gunshot,2015-07-05,00:02:09,WashingtonDC5D,38.934,-76.962
3938,6D136762,Multiple_Gunshots,2015-07-05,00:02:16,WashingtonDC6D,38.885,-76.922
3939,5D52488,Multiple_Gunshots,2015-07-05,00:02:24,WashingtonDC5D,38.924,-76.969
3940,4D46124,Single_Gunshot,2015-07-05,00:02:26,WashingtonDC4D,38.955,-77.027
3941,4D46125,Multiple_Gunshots,2015-07-05,00:02:33,WashingtonDC4D,38.951,-77.032
3942,6D136763,Single_Gunshot,2015-07-05,00:02:37,WashingtonDC6D,38.885,-76.92
3943,7D172479,Multiple_Gunshots,2015-07-05,00:02:39,WashingtonDC7D,38.832,-76.989
3944,4D46127,Single_Gunshot,2015-07-05,00:02:39,WashingtonDC4D,38.949,-77.028
3945,4D46128,Gunshot_or_Firecracker,2015-07-05,00:02:42,WashingtonDC4D,38.957,-77.026
3946,7D172480,Multiple_Gunshots,2015-07-05,00:02:43,WashingtonDC7D,38.841,-76.999
3947,4D46129,Single_Gunshot,2015-07-05,00:02:48,WashingtonDC4D,38.946,-77.037
3948,7D172481,Gunshot_or_Firecracker,2015-07-05,00:02:51,WashingtonDC7D,38.831,-76.993
3949,5D52491,Multiple_Gunshots,2015-07-05,00:02:54,WashingtonDC5D,38.93,-76.964
3950,6D136765,Multiple_Gunshots,2015-07-05,00:02:59,WashingtonDC6D,38.891,-76.948
3951,4D46131,Multiple_Gunshots,2015-07-05,00:03:10,WashingtonDC4D,38.956,-77.023
3952,5D52492,Single_Gunshot,2015-07-05,00:03:11,WashingtonDC5D,38.917,-77.006
3953,4D46132,Multiple_Gunshots,2015-07-05,00:03:16,WashingtonDC4D,38.956,-77.023
3954,5D52494,Multiple_Gunshots,2015-07-05,00:03:23,WashingtonDC5D,38.907,-77.011
3955,4D46133,Multiple_Gunshots,2015-07-05,00:03:28,WashingtonDC4D,38.952,-77.031
3956,5D52496,Multiple_Gunshots,2015-07-05,00:03:36,WashingtonDC5D,38.906,-76.976
3957,4D46134,Single_Gunshot,2015-07-05,00:03:36,WashingtonDC4D,38.952,-77.031
3958,6D136768,Multiple_Gunshots,2015-07-05,00:03:46,WashingtonDC6D,38.897,-76.941
3959,7D172483,Single_Gunshot,2015-07-05,00:03:50,WashingtonDC7D,38.848,-76.983
3960,4D46136,Single_Gunshot,2015-07-05,00:03:52,WashingtonDC4D,38.942,-77.017
3961,4D46137,Single_Gunshot,2015-07-05,00:03:59,WashingtonDC4D,38.955,-77.027
3962,5D52497,Gunshot_or_Firecracker,2015-07-05,00:04:06,WashingtonDC5D,38.924,-76.998
3963,4D46138,Single_Gunshot,2015-07-05,00:04:10,WashingtonDC4D,38.951,-77.032
3964,5D52498,Single_Gunshot,2015-07-05,00:04:15,WashingtonDC5D,38.934,-76.976
3965,5D52499,Multiple_Gunshots,2015-07-05,00:04:23,WashingtonDC5D,38.929,-76.995
3966,1D69350,Single_Gunshot,2015-07-05,00:04:24,WashingtonDC1D,38.878,-77.014
3967,6D136771,Multiple_Gunshots,2015-07-05,00:04:25,WashingtonDC6D,38.902,-76.923
3968,6D136772,Gunshot_or_Firecracker,2015-07-05,00:04:41,WashingtonDC6D,38.875,-76.97
3969,6D136773,Single_Gunshot,2015-07-05,00:04:46,WashingtonDC6D,38.886,-76.948
3970,5D52501,Multiple_Gunshots,2015-07-05,00:04:56,WashingtonDC5D,38.92,-76.981
3971,6D136774,Multiple_Gunshots,2015-07-05,00:05:00,WashingtonDC6D,38.875,-76.97
3972,6D136777,Multiple_Gunshots,2015-07-05,00:05:17,WashingtonDC6D,38.875,-76.97
3973,4D46139,Gunshot_or_Firecracker,2015-07-05,00:05:20,WashingtonDC4D,38.948,-77.019
3974,6D136778,Multiple_Gunshots,2015-07-05,00:05:26,WashingtonDC6D,38.894,-76.924
3975,5D52502,Multiple_Gunshots,2015-07-05,00:05:27,WashingtonDC5D,38.926,-76.967
3976,1D69351,Gunshot_or_Firecracker,2015-07-05,00:05:47,WashingtonDC1D,38.887,-76.984
3977,5D52503,Single_Gunshot,2015-07-05,00:05:53,WashingtonDC5D,38.917,-77.006
3978,4D46142,Multiple_Gunshots,2015-07-05,00:05:54,WashingtonDC4D,38.954,-77.029
3979,5D52504,Gunshot_or_Firecracker,2015-07-05,00:06:03,WashingtonDC5D,38.908,-76.985
3980,4D46143,Multiple_Gunshots,2015-07-05,00:06:08,WashingtonDC4D,38.958,-77.018
3981,5D52505,Single_Gunshot,2015-07-05,00:06:14,WashingtonDC5D,38.905,-77.013
3982,5D52506,Multiple_Gunshots,2015-07-05,00:06:18,WashingtonDC5D,38.908,-77.008
3983,5D52507,Single_Gunshot,2015-07-05,00:06:39,WashingtonDC5D,38.924,-76.998
3984,5D52508,Gunshot_or_Firecracker,2015-07-05,00:06:47,WashingtonDC5D,38.917,-77.006
3985,5D52509,Single_Gunshot,2015-07-05,00:06:48,WashingtonDC5D,38.933,-76.977
3986,5D52510,Single_Gunshot,2015-07-05,00:06:56,WashingtonDC5D,38.933,-76.977
3987,5D52511,Single_Gunshot,2015-07-05,00:07:12,WashingtonDC5D,38.924,-76.998
3988,6D136783,Multiple_Gunshots,2015-07-05,00:07:20,WashingtonDC6D,38.902,-76.923
3989,6D136785,Multiple_Gunshots,2015-07-05,00:07:36,WashingtonDC6D,38.884,-76.932
3990,6D136787,Multiple_Gunshots,2015-07-05,00:07:46,WashingtonDC6D,38.884,-76.932
3991,5D52512,Gunshot_or_Firecracker,2015-07-05,00:07:54,WashingtonDC5D,38.92,-76.981
3992,6D136788,Multiple_Gunshots,2015-07-05,00:07:56,WashingtonDC6D,38.89,-76.958
3993,3D50967,Single_Gunshot,2015-07-05,00:07:56,WashingtonDC3D,38.931,-77.021
3994,1D69352,Multiple_Gunshots,2015-07-05,00:07:59,WashingtonDC1D,38.887,-76.984
3995,5D52513,Multiple_Gunshots,2015-07-05,00:08:00,WashingtonDC5D,38.93,-76.964
3996,1D69353,Multiple_Gunshots,2015-07-05,00:08:05,WashingtonDC1D,38.887,-76.984
3997,6D136790,Multiple_Gunshots,2015-07-05,00:08:11,WashingtonDC6D,38.892,-76.953
3998,6D136791,Multiple_Gunshots,2015-07-05,00:08:21,WashingtonDC6D,38.892,-76.953
3999,5D52514,Single_Gunshot,2015-07-05,00:08:21,WashingtonDC5D,38.92,-76.981
4000,7D172487,Multiple_Gunshots,2015-07-05,00:08:28,WashingtonDC7D,38.842,-76.998
4001,5D52515,Multiple_Gunshots,2015-07-05,00:08:38,WashingtonDC5D,38.911,-76.988
4002,3D50968,Single_Gunshot,2015-07-05,00:08:46,WashingtonDC3D,38.919,-77.034
4003,3D50970,Single_Gunshot,2015-07-05,00:08:55,WashingtonDC3D,38.926,-77.031
4004,5D52516,Gunshot_or_Firecracker,2015-07-05,00:08:56,WashingtonDC5D,38.917,-77.006
4005,3D50969,Single_Gunshot,2015-07-05,00:08:57,WashingtonDC3D,38.929,-77.031
4006,1D69354,Single_Gunshot,2015-07-05,00:09:00,WashingtonDC1D,38.896,-76.986
4007,6D136795,Multiple_Gunshots,2015-07-05,00:09:10,WashingtonDC6D,38.899,-76.949
4008,1D69355,Multiple_Gunshots,2015-07-05,00:09:10,WashingtonDC1D,38.896,-76.985
4009,4D46145,Multiple_Gunshots,2015-07-05,00:09:12,WashingtonDC4D,38.955,-77.022
4010,6D136797,Multiple_Gunshots,2015-07-05,00:09:29,WashingtonDC6D,38.89,-76.955
4011,1D69356,Single_Gunshot,2015-07-05,00:09:51,WashingtonDC1D,38.902,-76.985
4012,6D136800,Multiple_Gunshots,2015-07-05,00:09:58,WashingtonDC6D,38.874,-76.976
4013,6D136802,Single_Gunshot,2015-07-05,00:10:28,WashingtonDC6D,38.894,-76.924
4014,3D50971,Multiple_Gunshots,2015-07-05,00:10:54,WashingtonDC3D,38.936,-77.022
4015,7D172490,Single_Gunshot,2015-07-05,00:10:58,WashingtonDC7D,38.842,-76.998
4016,7D172491,Single_Gunshot,2015-07-05,00:11:07,WashingtonDC7D,38.862,-76.99
4017,1D69357,Single_Gunshot,2015-07-05,00:11:10,WashingtonDC1D,38.899,-76.983
4018,1D69358,Single_Gunshot,2015-07-05,00:11:19,WashingtonDC1D,38.902,-76.985
4019,5D52524,Multiple_Gunshots,2015-07-05,00:11:59,WashingtonDC5D,38.917,-77.006
4020,5D52525,Multiple_Gunshots,2015-07-05,00:12:02,WashingtonDC5D,38.917,-77.006
4021,1D69361,Single_Gunshot,2015-07-05,00:12:19,WashingtonDC1D,38.902,-76.985
4022,7D172496,Multiple_Gunshots,2015-07-05,00:12:24,WashingtonDC7D,38.832,-77.002
4023,4D46148,Gunshot_or_Firecracker,2015-07-05,00:12:27,WashingtonDC4D,38.948,-77.025
4024,7D172497,Single_Gunshot,2015-07-05,00:12:43,WashingtonDC7D,38.832,-77.003
4025,7D172498,Single_Gunshot,2015-07-05,00:12:47,WashingtonDC7D,38.832,-76.989
4026,4D46149,Single_Gunshot,2015-07-05,00:12:49,WashingtonDC4D,38.945,-77.026
4027,5D52528,Single_Gunshot,2015-07-05,00:12:56,WashingtonDC5D,38.916,-77.01
4028,7D172499,Single_Gunshot,2015-07-05,00:12:58,WashingtonDC7D,38.831,-76.998
4029,7D172501,Multiple_Gunshots,2015-07-05,00:13:09,WashingtonDC7D,38.832,-76.989
4030,7D172502,Multiple_Gunshots,2015-07-05,00:13:11,WashingtonDC7D,38.831,-76.993
4031,6D136829,Multiple_Gunshots,2015-07-05,00:13:40,WashingtonDC6D,38.866,-76.948
4032,4D46150,Single_Gunshot,2015-07-05,00:13:49,WashingtonDC4D,38.946,-77.021
4033,5D52530,Multiple_Gunshots,2015-07-05,00:14:16,WashingtonDC5D,38.919,-77.002
4034,3D50973,Multiple_Gunshots,2015-07-05,00:14:19,WashingtonDC3D,38.934,-77.035
4035,5D52531,Multiple_Gunshots,2015-07-05,00:14:23,WashingtonDC5D,38.919,-77.002
4036,3D50974,Gunshot_or_Firecracker,2015-07-05,00:14:25,WashingtonDC3D,38.914,-77.022
4037,5D52532,Single_Gunshot,2015-07-05,00:14:29,WashingtonDC5D,38.919,-77.002
4038,5D52533,Multiple_Gunshots,2015-07-05,00:14:32,WashingtonDC5D,38.919,-77.002
4039,3D50976,Single_Gunshot,2015-07-05,00:14:38,WashingtonDC3D,38.93,-77.02
4040,3D50977,Single_Gunshot,2015-07-05,00:14:51,WashingtonDC3D,38.934,-77.035
4041,7D172509,Single_Gunshot,2015-07-05,00:14:55,WashingtonDC7D,38.851,-76.979
4042,6D136834,Multiple_Gunshots,2015-07-05,00:14:55,WashingtonDC6D,38.891,-76.948
4043,5D52534,Multiple_Gunshots,2015-07-05,00:14:59,WashingtonDC5D,38.921,-76.978
4044,6D136835,Multiple_Gunshots,2015-07-05,00:15:00,WashingtonDC6D,38.891,-76.948
4045,7D172510,Single_Gunshot,2015-07-05,00:15:03,WashingtonDC7D,38.832,-76.989
4046,5D52535,Multiple_Gunshots,2015-07-05,00:15:07,WashingtonDC5D,38.921,-76.978
4047,4D46152,Multiple_Gunshots,2015-07-05,00:15:17,WashingtonDC4D,38.943,-77.024
4048,5D52536,Multiple_Gunshots,2015-07-05,00:15:18,WashingtonDC5D,38.921,-76.978
4049,7D172511,Single_Gunshot,2015-07-05,00:15:19,WashingtonDC7D,38.845,-76.996
4050,6D136839,Multiple_Gunshots,2015-07-05,00:15:53,WashingtonDC6D,38.89,-76.954
4051,3D50979,Single_Gunshot,2015-07-05,00:16:03,WashingtonDC3D,38.932,-77.033
4052,4D46159,Single_Gunshot,2015-07-05,00:16:19,WashingtonDC4D,38.948,-77.019
4053,6D136841,Single_Gunshot,2015-07-05,00:16:21,WashingtonDC6D,38.893,-76.953
4054,4D46161,Gunshot_or_Firecracker,2015-07-05,00:16:22,WashingtonDC4D,38.948,-77.019
4055,3D50981,Single_Gunshot,2015-07-05,00:16:27,WashingtonDC3D,38.918,-77.025
4056,4D46163,Single_Gunshot,2015-07-05,00:16:29,WashingtonDC4D,38.948,-77.019
4057,3D50982,Multiple_Gunshots,2015-07-05,00:16:30,WashingtonDC3D,38.917,-77.012
4058,5D52541,Multiple_Gunshots,2015-07-05,00:16:31,WashingtonDC5D,38.917,-77.012
4059,4D46164,Gunshot_or_Firecracker,2015-07-05,00:16:31,WashingtonDC4D,38.948,-77.019
4060,4D46165,Single_Gunshot,2015-07-05,00:16:33,WashingtonDC4D,38.948,-77.019
4061,5D52542,Multiple_Gunshots,2015-07-05,00:16:39,WashingtonDC5D,38.917,-77.009
4062,4D46168,Single_Gunshot,2015-07-05,00:16:41,WashingtonDC4D,38.948,-77.019
4063,4D46169,Multiple_Gunshots,2015-07-05,00:16:42,WashingtonDC4D,38.948,-77.019
4064,4D46170,Single_Gunshot,2015-07-05,00:16:48,WashingtonDC4D,38.948,-77.019
4065,5D52543,Single_Gunshot,2015-07-05,00:16:51,WashingtonDC5D,38.907,-76.98
4066,4D46171,Multiple_Gunshots,2015-07-05,00:16:55,WashingtonDC4D,38.948,-77.019
4067,3D50983,Single_Gunshot,2015-07-05,00:17:17,WashingtonDC3D,38.919,-77.034
4068,6D136850,Multiple_Gunshots,2015-07-05,00:17:39,WashingtonDC6D,38.886,-76.948
4069,4D46174,Multiple_Gunshots,2015-07-05,00:17:42,WashingtonDC4D,38.948,-77.008
4070,5D52545,Multiple_Gunshots,2015-07-05,00:17:44,WashingtonDC5D,38.922,-76.96
4071,1D69364,Multiple_Gunshots,2015-07-05,00:18:02,WashingtonDC1D,38.897,-76.982
4072,5D52547,Single_Gunshot,2015-07-05,00:18:11,WashingtonDC5D,38.924,-76.983
4073,5D52550,Multiple_Gunshots,2015-07-05,00:18:27,WashingtonDC5D,38.917,-77.005
4074,6D136857,Multiple_Gunshots,2015-07-05,00:18:39,WashingtonDC6D,38.887,-76.932
4075,4D46176,Multiple_Gunshots,2015-07-05,00:18:39,WashingtonDC4D,38.951,-77.032
4076,5D52551,Multiple_Gunshots,2015-07-05,00:18:40,WashingtonDC5D,38.917,-77.005
4077,3D50984,Single_Gunshot,2015-07-05,00:19:48,WashingtonDC3D,38.916,-77.022
4078,3D50985,Single_Gunshot,2015-07-05,00:19:55,WashingtonDC3D,38.918,-77.025
4079,6D136863,Single_Gunshot,2015-07-05,00:19:58,WashingtonDC6D,38.893,-76.93
4080,5D52553,Multiple_Gunshots,2015-07-05,00:20:04,WashingtonDC5D,38.905,-76.988
4081,6D136866,Single_Gunshot,2015-07-05,00:20:25,WashingtonDC6D,38.888,-76.934
4082,6D136868,Multiple_Gunshots,2015-07-05,00:20:30,WashingtonDC6D,38.892,-76.953
4083,6D136869,Multiple_Gunshots,2015-07-05,00:20:39,WashingtonDC6D,38.892,-76.953
4084,7D172513,Single_Gunshot,2015-07-05,00:20:47,WashingtonDC7D,38.828,-77.002
4085,6D136872,Multiple_Gunshots,2015-07-05,00:21:06,WashingtonDC6D,38.888,-76.934
4086,7D172515,Multiple_Gunshots,2015-07-05,00:21:08,WashingtonDC7D,38.832,-77.002
4087,7D172516,Multiple_Gunshots,2015-07-05,00:21:20,WashingtonDC7D,38.832,-77.002
4088,7D172517,Single_Gunshot,2015-07-05,00:21:26,WashingtonDC7D,38.832,-77.002
4089,6D136878,Multiple_Gunshots,2015-07-05,00:21:54,WashingtonDC6D,38.888,-76.934
4090,5D52556,Gunshot_or_Firecracker,2015-07-05,00:22:12,WashingtonDC5D,38.917,-77.005
4091,4D46181,Single_Gunshot,2015-07-05,00:22:12,WashingtonDC4D,38.943,-77.024
4092,4D46182,Multiple_Gunshots,2015-07-05,00:22:18,WashingtonDC4D,38.943,-77.024
4093,6D136882,Multiple_Gunshots,2015-07-05,00:22:22,WashingtonDC6D,38.887,-76.932
4094,6D136883,Multiple_Gunshots,2015-07-05,00:22:28,WashingtonDC6D,38.887,-76.932
4095,6D136884,Multiple_Gunshots,2015-07-05,00:22:34,WashingtonDC6D,38.887,-76.932
4096,5D52558,Gunshot_or_Firecracker,2015-07-05,00:22:40,WashingtonDC5D,38.917,-77.006
4097,6D136885,Single_Gunshot,2015-07-05,00:23:09,WashingtonDC6D,38.887,-76.932
4098,6D136887,Multiple_Gunshots,2015-07-05,00:23:19,WashingtonDC6D,38.889,-76.931
4099,6D136888,Multiple_Gunshots,2015-07-05,00:23:26,WashingtonDC6D,38.9,-76.948
4100,4D46183,Single_Gunshot,2015-07-05,00:23:27,WashingtonDC4D,38.948,-77.025
4101,6D136890,Multiple_Gunshots,2015-07-05,00:23:37,WashingtonDC6D,38.889,-76.931
4102,6D136891,Multiple_Gunshots,2015-07-05,00:23:43,WashingtonDC6D,38.889,-76.931
4103,4D46184,Multiple_Gunshots,2015-07-05,00:23:43,WashingtonDC4D,38.948,-77.008
4104,6D136892,Multiple_Gunshots,2015-07-05,00:23:49,WashingtonDC6D,38.889,-76.931
4105,4D46185,Gunshot_or_Firecracker,2015-07-05,00:23:50,WashingtonDC4D,38.948,-77.025
4106,4D46187,Single_Gunshot,2015-07-05,00:24:14,WashingtonDC4D,38.946,-77.031
4107,4D46190,Single_Gunshot,2015-07-05,00:24:49,WashingtonDC4D,38.953,-77.008
4108,6D136902,Multiple_Gunshots,2015-07-05,00:25:11,WashingtonDC6D,38.894,-76.924
4109,5D52560,Multiple_Gunshots,2015-07-05,00:25:19,WashingtonDC5D,38.934,-76.977
4110,6D136904,Single_Gunshot,2015-07-05,00:25:35,WashingtonDC6D,38.893,-76.923
4111,5D52562,Single_Gunshot,2015-07-05,00:25:46,WashingtonDC5D,38.922,-76.981
4112,5D52563,Single_Gunshot,2015-07-05,00:25:54,WashingtonDC5D,38.922,-76.981
4113,4D46191,Single_Gunshot,2015-07-05,00:25:58,WashingtonDC4D,38.948,-77.006
4114,7D172522,Multiple_Gunshots,2015-07-05,00:26:26,WashingtonDC7D,38.829,-77.006
4115,6D136911,Multiple_Gunshots,2015-07-05,00:26:49,WashingtonDC6D,38.875,-76.969
4116,4D46194,Single_Gunshot,2015-07-05,00:26:54,WashingtonDC4D,38.943,-77.024
4117,6D136912,Multiple_Gunshots,2015-07-05,00:27:04,WashingtonDC6D,38.884,-76.93
4118,4D46196,Single_Gunshot,2015-07-05,00:27:11,WashingtonDC4D,38.943,-77.024
4119,7D172526,Multiple_Gunshots,2015-07-05,00:27:14,WashingtonDC7D,38.842,-76.998
4120,5D52568,Gunshot_or_Firecracker,2015-07-05,00:27:26,WashingtonDC5D,38.92,-76.981
4121,3D50986,Single_Gunshot,2015-07-05,00:27:26,WashingtonDC3D,38.934,-77.02
4122,3D50987,Single_Gunshot,2015-07-05,00:27:31,WashingtonDC3D,38.92,-77.032
4123,6D136916,Multiple_Gunshots,2015-07-05,00:27:32,WashingtonDC6D,38.887,-76.92
4124,3D50988,Single_Gunshot,2015-07-05,00:27:38,WashingtonDC3D,38.918,-77.025
4125,4D46203,Single_Gunshot,2015-07-05,00:28:11,WashingtonDC4D,38.948,-77.019
4126,6D136923,Multiple_Gunshots,2015-07-05,00:28:12,WashingtonDC6D,38.902,-76.924
4127,5D52572,Multiple_Gunshots,2015-07-05,00:28:12,WashingtonDC5D,38.916,-77.009
4128,6D136924,Single_Gunshot,2015-07-05,00:28:18,WashingtonDC6D,38.88,-76.927
4129,1D69365,Single_Gunshot,2015-07-05,00:28:19,WashingtonDC1D,38.896,-76.986
4130,4D46204,Single_Gunshot,2015-07-05,00:28:25,WashingtonDC4D,38.955,-77.022
4131,6D136926,Single_Gunshot,2015-07-05,00:28:41,WashingtonDC6D,38.895,-76.925
4132,6D136927,Multiple_Gunshots,2015-07-05,00:28:43,WashingtonDC6D,38.884,-76.921
4133,4D46207,Single_Gunshot,2015-07-05,00:28:51,WashingtonDC4D,38.959,-77.017
4134,5D52573,Single_Gunshot,2015-07-05,00:28:55,WashingtonDC5D,38.921,-76.982
4135,5D52574,Gunshot_or_Firecracker,2015-07-05,00:29:08,WashingtonDC5D,38.92,-76.981
4136,4D46208,Single_Gunshot,2015-07-05,00:29:09,WashingtonDC4D,38.959,-77.017
4137,6D136929,Multiple_Gunshots,2015-07-05,00:29:12,WashingtonDC6D,38.906,-76.95
4138,4D46209,Multiple_Gunshots,2015-07-05,00:29:22,WashingtonDC4D,38.955,-77.022
4139,5D52577,Multiple_Gunshots,2015-07-05,00:29:55,WashingtonDC5D,38.914,-77.014
4140,7D172527,Single_Gunshot,2015-07-05,00:29:57,WashingtonDC7D,38.845,-76.972
4141,6D136935,Multiple_Gunshots,2015-07-05,00:30:04,WashingtonDC6D,38.9,-76.948
4142,5D52582,Gunshot_or_Firecracker,2015-07-05,00:30:33,WashingtonDC5D,38.916,-77.001
4143,5D52583,Multiple_Gunshots,2015-07-05,00:30:36,WashingtonDC5D,38.916,-77.001
4144,6D136942,Multiple_Gunshots,2015-07-05,00:30:57,WashingtonDC6D,38.886,-76.959
4145,6D136944,Multiple_Gunshots,2015-07-05,00:31:09,WashingtonDC6D,38.887,-76.955
4146,5D52585,Multiple_Gunshots,2015-07-05,00:31:11,WashingtonDC5D,38.923,-76.975
4147,6D136945,Single_Gunshot,2015-07-05,00:31:15,WashingtonDC6D,38.898,-76.932
4148,7D172528,Single_Gunshot,2015-07-05,00:31:16,WashingtonDC7D,38.842,-76.994
4149,6D136946,Multiple_Gunshots,2015-07-05,00:31:23,WashingtonDC6D,38.898,-76.932
4150,5D52586,Gunshot_or_Firecracker,2015-07-05,00:31:29,WashingtonDC5D,38.916,-77.001
4151,6D136949,Multiple_Gunshots,2015-07-05,00:31:34,WashingtonDC6D,38.889,-76.925
4152,6D136950,Multiple_Gunshots,2015-07-05,00:31:39,WashingtonDC6D,38.887,-76.956
4153,5D52587,Gunshot_or_Firecracker,2015-07-05,00:31:56,WashingtonDC5D,38.916,-77.001
4154,5D52588,Single_Gunshot,2015-07-05,00:32:08,WashingtonDC5D,38.899,-76.984
4155,5D52589,Multiple_Gunshots,2015-07-05,00:32:15,WashingtonDC5D,38.896,-76.986
4156,5D52590,Single_Gunshot,2015-07-05,00:32:20,WashingtonDC5D,38.937,-76.955
4157,4D46210,Single_Gunshot,2015-07-05,00:32:28,WashingtonDC4D,38.948,-77.019
4158,3D50989,Single_Gunshot,2015-07-05,00:32:39,WashingtonDC3D,38.921,-77.032
4159,4D46211,Multiple_Gunshots,2015-07-05,00:32:52,WashingtonDC4D,38.955,-77.022
4160,7D172529,Single_Gunshot,2015-07-05,00:32:53,WashingtonDC7D,38.83,-76.995
4161,6D136961,Single_Gunshot,2015-07-05,00:32:53,WashingtonDC6D,38.902,-76.93
4162,6D136962,Single_Gunshot,2015-07-05,00:33:00,WashingtonDC6D,38.883,-76.954
4163,5D52593,Single_Gunshot,2015-07-05,00:33:08,WashingtonDC5D,38.921,-76.981
4164,1D69367,Multiple_Gunshots,2015-07-05,00:33:51,WashingtonDC1D,38.899,-76.982
4165,5D52596,Single_Gunshot,2015-07-05,00:34:03,WashingtonDC5D,38.913,-77.013
4166,5D52598,Multiple_Gunshots,2015-07-05,00:34:19,WashingtonDC5D,38.913,-77.013
4167,6D136971,Gunshot_or_Firecracker,2015-07-05,00:34:33,WashingtonDC6D,38.874,-76.972
4168,6D136972,Multiple_Gunshots,2015-07-05,00:34:36,WashingtonDC6D,38.875,-76.969
4169,4D46215,Single_Gunshot,2015-07-05,00:34:55,WashingtonDC4D,38.948,-77.019
4170,4D46216,Single_Gunshot,2015-07-05,00:34:57,WashingtonDC4D,38.941,-77.02
4171,4D46217,Single_Gunshot,2015-07-05,00:35:13,WashingtonDC4D,38.943,-77.024
4172,4D46218,Multiple_Gunshots,2015-07-05,00:35:20,WashingtonDC4D,38.943,-77.024
4173,6D136975,Multiple_Gunshots,2015-07-05,00:35:23,WashingtonDC6D,38.883,-76.962
4174,4D46219,Multiple_Gunshots,2015-07-05,00:35:39,WashingtonDC4D,38.955,-77.022
4175,4D46220,Multiple_Gunshots,2015-07-05,00:35:41,WashingtonDC4D,38.943,-77.024
4176,6D136976,Multiple_Gunshots,2015-07-05,00:35:42,WashingtonDC6D,38.89,-76.955
4177,6D136978,Multiple_Gunshots,2015-07-05,00:35:51,WashingtonDC6D,38.89,-76.955
4178,4D46222,Single_Gunshot,2015-07-05,00:35:54,WashingtonDC4D,38.948,-77.025
4179,5D52600,Single_Gunshot,2015-07-05,00:36:32,WashingtonDC5D,38.936,-76.979
4180,6D136983,Single_Gunshot,2015-07-05,00:36:43,WashingtonDC6D,38.884,-76.921
4181,7D172531,Multiple_Gunshots,2015-07-05,00:36:46,WashingtonDC7D,38.832,-77.002
4182,6D136984,Multiple_Gunshots,2015-07-05,00:36:49,WashingtonDC6D,38.884,-76.921
4183,5D52601,Single_Gunshot,2015-07-05,00:36:50,WashingtonDC5D,38.926,-76.964
4184,4D46228,Multiple_Gunshots,2015-07-05,00:36:56,WashingtonDC4D,38.958,-77.019
4185,6D136985,Multiple_Gunshots,2015-07-05,00:37:03,WashingtonDC6D,38.893,-76.923
4186,5D52606,Multiple_Gunshots,2015-07-05,00:37:47,WashingtonDC5D,38.906,-76.98
4187,7D172533,Multiple_Gunshots,2015-07-05,00:37:55,WashingtonDC7D,38.849,-76.983
4188,5D52607,Multiple_Gunshots,2015-07-05,00:37:56,WashingtonDC5D,38.906,-76.98
4189,7D172534,Multiple_Gunshots,2015-07-05,00:38:01,WashingtonDC7D,38.849,-76.983
4190,5D52608,Single_Gunshot,2015-07-05,00:38:07,WashingtonDC5D,38.909,-76.986
4191,5D52609,Single_Gunshot,2015-07-05,00:38:12,WashingtonDC5D,38.909,-76.986
4192,5D52610,Single_Gunshot,2015-07-05,00:38:15,WashingtonDC5D,38.909,-76.986
4193,5D52611,Gunshot_or_Firecracker,2015-07-05,00:38:23,WashingtonDC5D,38.909,-76.986
4194,7D172535,Single_Gunshot,2015-07-05,00:38:26,WashingtonDC7D,38.851,-76.979
4195,5D52612,Single_Gunshot,2015-07-05,00:38:33,WashingtonDC5D,38.926,-76.964
4196,7D172537,Single_Gunshot,2015-07-05,00:38:54,WashingtonDC7D,38.842,-76.99
4197,5D52613,Multiple_Gunshots,2015-07-05,00:38:55,WashingtonDC5D,38.926,-76.967
4198,7D172538,Multiple_Gunshots,2015-07-05,00:39:05,WashingtonDC7D,38.829,-76.994
4199,6D136992,Gunshot_or_Firecracker,2015-07-05,00:39:06,WashingtonDC6D,38.889,-76.952
4200,5D52614,Multiple_Gunshots,2015-07-05,00:39:10,WashingtonDC5D,38.926,-76.967
4201,7D172539,Multiple_Gunshots,2015-07-05,00:39:15,WashingtonDC7D,38.829,-76.994
4202,5D52615,Multiple_Gunshots,2015-07-05,00:39:19,WashingtonDC5D,38.921,-76.983
4203,7D172540,Multiple_Gunshots,2015-07-05,00:39:21,WashingtonDC7D,38.829,-76.994
4204,3D50991,Single_Gunshot,2015-07-05,00:39:30,WashingtonDC3D,38.942,-77.02
4205,6D136995,Multiple_Gunshots,2015-07-05,00:39:32,WashingtonDC6D,38.906,-76.935
4206,3D50992,Multiple_Gunshots,2015-07-05,00:39:34,WashingtonDC3D,38.943,-77.024
4207,7D172543,Single_Gunshot,2015-07-05,00:39:40,WashingtonDC7D,38.846,-77.0
4208,6D136998,Single_Gunshot,2015-07-05,00:39:42,WashingtonDC6D,38.889,-76.952
4209,3D50993,Multiple_Gunshots,2015-07-05,00:39:45,WashingtonDC3D,38.904,-77.013
4210,5D52616,Multiple_Gunshots,2015-07-05,00:39:46,WashingtonDC5D,38.903,-77.011
4211,7D172544,Single_Gunshot,2015-07-05,00:39:48,WashingtonDC7D,38.862,-76.99
4212,6D136999,Multiple_Gunshots,2015-07-05,00:39:54,WashingtonDC6D,38.887,-76.941
4213,6D137000,Multiple_Gunshots,2015-07-05,00:39:59,WashingtonDC6D,38.893,-76.923
4214,6D137001,Multiple_Gunshots,2015-07-05,00:40:06,WashingtonDC6D,38.909,-76.93
4215,6D137002,Multiple_Gunshots,2015-07-05,00:40:14,WashingtonDC6D,38.873,-76.968
4216,5D52618,Multiple_Gunshots,2015-07-05,00:40:14,WashingtonDC5D,38.921,-76.981
4217,5D52619,Gunshot_or_Firecracker,2015-07-05,00:40:20,WashingtonDC5D,38.921,-76.98
4218,6D137006,Multiple_Gunshots,2015-07-05,00:40:35,WashingtonDC6D,38.909,-76.93
4219,7D172547,Multiple_Gunshots,2015-07-05,00:40:37,WashingtonDC7D,38.842,-76.99
4220,6D137007,Multiple_Gunshots,2015-07-05,00:40:38,WashingtonDC6D,38.906,-76.935
4221,5D52622,Gunshot_or_Firecracker,2015-07-05,00:41:10,WashingtonDC5D,38.916,-77.01
4222,5D52623,Single_Gunshot,2015-07-05,00:41:14,WashingtonDC5D,38.912,-76.985
4223,4D46229,Gunshot_or_Firecracker,2015-07-05,00:41:24,WashingtonDC4D,38.951,-77.032
4224,6D137012,Multiple_Gunshots,2015-07-05,00:41:28,WashingtonDC6D,38.886,-76.959
4225,5D52624,Multiple_Gunshots,2015-07-05,00:41:32,WashingtonDC5D,38.921,-76.983
4226,7D172550,Multiple_Gunshots,2015-07-05,00:41:37,WashingtonDC7D,38.828,-76.994
4227,3D50995,Single_Gunshot,2015-07-05,00:41:44,WashingtonDC3D,38.934,-77.035
4228,5D52625,Multiple_Gunshots,2015-07-05,00:41:49,WashingtonDC5D,38.936,-76.976
4229,7D172551,Multiple_Gunshots,2015-07-05,00:41:55,WashingtonDC7D,38.858,-76.965
4230,3D50997,Single_Gunshot,2015-07-05,00:42:12,WashingtonDC3D,38.921,-77.032
4231,3D50998,Multiple_Gunshots,2015-07-05,00:42:18,WashingtonDC3D,38.921,-77.032
4232,1D69369,Multiple_Gunshots,2015-07-05,00:42:18,WashingtonDC1D,38.896,-76.986
4233,6D137020,Single_Gunshot,2015-07-05,00:42:21,WashingtonDC6D,38.893,-76.923
4234,6D137021,Gunshot_or_Firecracker,2015-07-05,00:42:25,WashingtonDC6D,38.887,-76.941
4235,3D50999,Multiple_Gunshots,2015-07-05,00:42:28,WashingtonDC3D,38.921,-77.032
4236,7D172554,Multiple_Gunshots,2015-07-05,00:42:36,WashingtonDC7D,38.85,-76.984
4237,4D46231,Multiple_Gunshots,2015-07-05,00:42:46,WashingtonDC4D,38.955,-77.022
4238,5D52627,Multiple_Gunshots,2015-07-05,00:42:50,WashingtonDC5D,38.921,-76.981
4239,6D137024,Gunshot_or_Firecracker,2015-07-05,00:42:53,WashingtonDC6D,38.889,-76.94
4240,7D172557,Single_Gunshot,2015-07-05,00:42:55,WashingtonDC7D,38.861,-76.982
4241,3D51000,Single_Gunshot,2015-07-05,00:43:01,WashingtonDC3D,38.916,-77.01
4242,6D137028,Multiple_Gunshots,2015-07-05,00:43:06,WashingtonDC6D,38.889,-76.94
4243,4D46233,Single_Gunshot,2015-07-05,00:43:31,WashingtonDC4D,38.943,-77.024
4244,7D172559,Single_Gunshot,2015-07-05,00:43:35,WashingtonDC7D,38.861,-76.982
4245,3D51002,Multiple_Gunshots,2015-07-05,00:44:16,WashingtonDC3D,38.94,-77.026
4246,6D137035,Multiple_Gunshots,2015-07-05,00:44:19,WashingtonDC6D,38.894,-76.924
4247,4D46237,Multiple_Gunshots,2015-07-05,00:44:31,WashingtonDC4D,38.948,-77.019
4248,6D137037,Multiple_Gunshots,2015-07-05,00:44:37,WashingtonDC6D,38.894,-76.925
4249,1D69370,Single_Gunshot,2015-07-05,00:44:42,WashingtonDC1D,38.9,-76.969
4250,6D137038,Single_Gunshot,2015-07-05,00:44:46,WashingtonDC6D,38.893,-76.951
4251,5D52631,Single_Gunshot,2015-07-05,00:44:55,WashingtonDC5D,38.926,-76.963
4252,7D172563,Multiple_Gunshots,2015-07-05,00:44:57,WashingtonDC7D,38.858,-76.965
4253,3D51003,Gunshot_or_Firecracker,2015-07-05,00:45:02,WashingtonDC3D,38.918,-77.016
4254,6D137039,Single_Gunshot,2015-07-05,00:45:04,WashingtonDC6D,38.893,-76.923
4255,1D69371,Multiple_Gunshots,2015-07-05,00:45:10,WashingtonDC1D,38.896,-76.973
4256,3D51004,Single_Gunshot,2015-07-05,00:45:11,WashingtonDC3D,38.921,-77.032
4257,5D52632,Single_Gunshot,2015-07-05,00:45:13,WashingtonDC5D,38.903,-77.011
4258,7D172564,Multiple_Gunshots,2015-07-05,00:45:15,WashingtonDC7D,38.832,-77.005
4259,6D137041,Single_Gunshot,2015-07-05,00:45:23,WashingtonDC6D,38.893,-76.951
4260,3D51005,Single_Gunshot,2015-07-05,00:45:24,WashingtonDC3D,38.913,-77.022
4261,3D51006,Single_Gunshot,2015-07-05,00:45:30,WashingtonDC3D,38.919,-77.016
4262,6D137043,Single_Gunshot,2015-07-05,00:45:35,WashingtonDC6D,38.877,-76.931
4263,5D52634,Single_Gunshot,2015-07-05,00:45:36,WashingtonDC5D,38.921,-76.978
4264,3D51008,Single_Gunshot,2015-07-05,00:45:41,WashingtonDC3D,38.918,-77.016
4265,7D172565,Multiple_Gunshots,2015-07-05,00:45:43,WashingtonDC7D,38.832,-77.005
4266,7D172566,Multiple_Gunshots,2015-07-05,00:45:52,WashingtonDC7D,38.832,-77.005
4267,4D46240,Multiple_Gunshots,2015-07-05,00:45:56,WashingtonDC4D,38.955,-77.022
4268,7D172567,Multiple_Gunshots,2015-07-05,00:46:02,WashingtonDC7D,38.832,-77.005
4269,5D52636,Multiple_Gunshots,2015-07-05,00:46:02,WashingtonDC5D,38.921,-76.978
4270,4D46241,Single_Gunshot,2015-07-05,00:46:16,WashingtonDC4D,38.948,-77.025
4271,5D52639,Multiple_Gunshots,2015-07-05,00:46:19,WashingtonDC5D,38.921,-76.981
4272,7D172570,Multiple_Gunshots,2015-07-05,00:46:22,WashingtonDC7D,38.842,-76.99
4273,6D137049,Multiple_Gunshots,2015-07-05,00:46:23,WashingtonDC6D,38.898,-76.932
4274,5D52640,Gunshot_or_Firecracker,2015-07-05,00:46:25,WashingtonDC5D,38.936,-76.979
4275,5D52641,Multiple_Gunshots,2015-07-05,00:46:30,WashingtonDC5D,38.926,-76.964
4276,4D46242,Single_Gunshot,2015-07-05,00:46:42,WashingtonDC4D,38.948,-77.019
4277,7D172572,Single_Gunshot,2015-07-05,00:46:45,WashingtonDC7D,38.847,-76.975
4278,5D52642,Single_Gunshot,2015-07-05,00:46:46,WashingtonDC5D,38.936,-76.979
4279,4D46243,Single_Gunshot,2015-07-05,00:46:51,WashingtonDC4D,38.948,-77.025
4280,7D172574,Single_Gunshot,2015-07-05,00:47:07,WashingtonDC7D,38.85,-76.985
4281,7D172576,Single_Gunshot,2015-07-05,00:47:23,WashingtonDC7D,38.85,-76.985
4282,6D137057,Multiple_Gunshots,2015-07-05,00:47:28,WashingtonDC6D,38.891,-76.953
4283,7D172577,Single_Gunshot,2015-07-05,00:47:30,WashingtonDC7D,38.834,-76.988
4284,6D137058,Multiple_Gunshots,2015-07-05,00:47:38,WashingtonDC6D,38.891,-76.953
4285,6D137060,Multiple_Gunshots,2015-07-05,00:47:42,WashingtonDC6D,38.893,-76.951
4286,7D172579,Single_Gunshot,2015-07-05,00:48:01,WashingtonDC7D,38.842,-76.99
4287,4D46245,Single_Gunshot,2015-07-05,00:48:16,WashingtonDC4D,38.948,-77.025
4288,7D172580,Multiple_Gunshots,2015-07-05,00:48:19,WashingtonDC7D,38.83,-76.995
4289,5D52650,Multiple_Gunshots,2015-07-05,00:48:32,WashingtonDC5D,38.921,-76.981
4290,4D46246,Single_Gunshot,2015-07-05,00:48:40,WashingtonDC4D,38.949,-77.024
4291,5D52651,Multiple_Gunshots,2015-07-05,00:48:42,WashingtonDC5D,38.921,-76.981
4292,4D46247,Single_Gunshot,2015-07-05,00:48:52,WashingtonDC4D,38.948,-77.025
4293,5D52652,Multiple_Gunshots,2015-07-05,00:48:55,WashingtonDC5D,38.921,-76.981
4294,7D172584,Multiple_Gunshots,2015-07-05,00:49:00,WashingtonDC7D,38.829,-76.994
4295,5D52654,Gunshot_or_Firecracker,2015-07-05,00:49:06,WashingtonDC5D,38.92,-76.981
4296,7D172586,Multiple_Gunshots,2015-07-05,00:49:15,WashingtonDC7D,38.862,-76.99
4297,4D46249,Single_Gunshot,2015-07-05,00:49:18,WashingtonDC4D,38.948,-77.019
4298,7D172587,Multiple_Gunshots,2015-07-05,00:49:34,WashingtonDC7D,38.862,-76.99
4299,3D51009,Single_Gunshot,2015-07-05,00:49:44,WashingtonDC3D,38.933,-77.035
4300,6D137075,Multiple_Gunshots,2015-07-05,00:49:46,WashingtonDC6D,38.882,-76.942
4301,5D52660,Gunshot_or_Firecracker,2015-07-05,00:49:47,WashingtonDC5D,38.913,-77.013
4302,1D69372,Multiple_Gunshots,2015-07-05,00:49:50,WashingtonDC1D,38.896,-76.986
4303,7D172590,Single_Gunshot,2015-07-05,00:50:01,WashingtonDC7D,38.834,-76.988
4304,6D137077,Multiple_Gunshots,2015-07-05,00:50:03,WashingtonDC6D,38.909,-76.93
4305,1D69373,Single_Gunshot,2015-07-05,00:50:04,WashingtonDC1D,38.896,-76.973
4306,3D51011,Single_Gunshot,2015-07-05,00:50:05,WashingtonDC3D,38.913,-77.013
4307,1D69374,Multiple_Gunshots,2015-07-05,00:50:10,WashingtonDC1D,38.896,-76.986
4308,3D51012,Single_Gunshot,2015-07-05,00:50:11,WashingtonDC3D,38.913,-77.013
4309,1D69375,Multiple_Gunshots,2015-07-05,00:50:15,WashingtonDC1D,38.896,-76.986
4310,1D69376,Multiple_Gunshots,2015-07-05,00:50:26,WashingtonDC1D,38.896,-76.985
4311,5D52662,Multiple_Gunshots,2015-07-05,00:50:27,WashingtonDC5D,38.913,-77.013
4312,3D51013,Multiple_Gunshots,2015-07-05,00:50:27,WashingtonDC3D,38.913,-77.013
4313,4D46251,Single_Gunshot,2015-07-05,00:50:35,WashingtonDC4D,38.948,-77.019
4314,1D69377,Multiple_Gunshots,2015-07-05,00:50:36,WashingtonDC1D,38.896,-76.985
4315,4D46252,Multiple_Gunshots,2015-07-05,00:50:43,WashingtonDC4D,38.941,-77.02
4316,3D51015,Multiple_Gunshots,2015-07-05,00:50:44,WashingtonDC3D,38.909,-77.018
4317,5D52664,Single_Gunshot,2015-07-05,00:50:49,WashingtonDC5D,38.916,-77.01
4318,3D51016,Single_Gunshot,2015-07-05,00:50:49,WashingtonDC3D,38.916,-77.01
4319,3D51017,Single_Gunshot,2015-07-05,00:50:56,WashingtonDC3D,38.913,-77.013
4320,5D52665,Multiple_Gunshots,2015-07-05,00:50:57,WashingtonDC5D,38.921,-76.978
4321,7D172595,Single_Gunshot,2015-07-05,00:51:08,WashingtonDC7D,38.865,-76.984
4322,3D51018,Single_Gunshot,2015-07-05,00:51:12,WashingtonDC3D,38.917,-77.012
4323,3D51019,Single_Gunshot,2015-07-05,00:51:20,WashingtonDC3D,38.934,-77.035
4324,3D51020,Single_Gunshot,2015-07-05,00:51:26,WashingtonDC3D,38.934,-77.035
4325,7D172596,Multiple_Gunshots,2015-07-05,00:51:35,WashingtonDC7D,38.833,-77.004
4326,7D172597,Single_Gunshot,2015-07-05,00:51:43,WashingtonDC7D,38.834,-76.993
4327,7D172598,Multiple_Gunshots,2015-07-05,00:51:51,WashingtonDC7D,38.842,-77.001
4328,3D51022,Single_Gunshot,2015-07-05,00:51:54,WashingtonDC3D,38.943,-77.024
4329,3D51023,Multiple_Gunshots,2015-07-05,00:52:09,WashingtonDC3D,38.922,-77.036
4330,5D52671,Multiple_Gunshots,2015-07-05,00:52:10,WashingtonDC5D,38.926,-76.963
4331,6D137086,Multiple_Gunshots,2015-07-05,00:52:11,WashingtonDC6D,38.893,-76.923
4332,7D172600,Single_Gunshot,2015-07-05,00:52:13,WashingtonDC7D,38.85,-76.984
4333,3D51024,Multiple_Gunshots,2015-07-05,00:52:19,WashingtonDC3D,38.922,-77.036
4334,5D52672,Multiple_Gunshots,2015-07-05,00:52:21,WashingtonDC5D,38.926,-76.963
4335,5D52673,Multiple_Gunshots,2015-07-05,00:52:29,WashingtonDC5D,38.926,-76.963
4336,7D172602,Multiple_Gunshots,2015-07-05,00:52:39,WashingtonDC7D,38.842,-77.001
4337,3D51025,Single_Gunshot,2015-07-05,00:52:42,WashingtonDC3D,38.934,-77.035
4338,7D172603,Single_Gunshot,2015-07-05,00:52:50,WashingtonDC7D,38.846,-77.0
4339,6D137091,Multiple_Gunshots,2015-07-05,00:52:58,WashingtonDC6D,38.909,-76.931
4340,6D137092,Multiple_Gunshots,2015-07-05,00:53:01,WashingtonDC6D,38.908,-76.932
4341,6D137093,Multiple_Gunshots,2015-07-05,00:53:04,WashingtonDC6D,38.904,-76.933
4342,7D172604,Single_Gunshot,2015-07-05,00:53:05,WashingtonDC7D,38.825,-77.001
4343,4D46265,Single_Gunshot,2015-07-05,00:53:14,WashingtonDC4D,38.95,-77.014
4344,5D52677,Single_Gunshot,2015-07-05,00:53:16,WashingtonDC5D,38.919,-77.016
4345,5D52678,Multiple_Gunshots,2015-07-05,00:53:19,WashingtonDC5D,38.919,-77.016
4346,6D137097,Multiple_Gunshots,2015-07-05,00:53:22,WashingtonDC6D,38.893,-76.923
4347,6D137098,Multiple_Gunshots,2015-07-05,00:53:25,WashingtonDC6D,38.893,-76.923
4348,1D69378,Single_Gunshot,2015-07-05,00:53:27,WashingtonDC1D,38.878,-77.006
4349,7D172607,Multiple_Gunshots,2015-07-05,00:53:30,WashingtonDC7D,38.828,-76.994
4350,7D172608,Multiple_Gunshots,2015-07-05,00:53:38,WashingtonDC7D,38.829,-76.994
4351,4D46267,Multiple_Gunshots,2015-07-05,00:53:38,WashingtonDC4D,38.95,-77.014
4352,4D46268,Multiple_Gunshots,2015-07-05,00:53:41,WashingtonDC4D,38.95,-77.014
4353,1D69379,Multiple_Gunshots,2015-07-05,00:53:41,WashingtonDC1D,38.896,-76.977
4354,4D46269,Single_Gunshot,2015-07-05,00:53:50,WashingtonDC4D,38.955,-77.022
4355,4D46270,Multiple_Gunshots,2015-07-05,00:53:57,WashingtonDC4D,38.955,-77.022
4356,6D137102,Multiple_Gunshots,2015-07-05,00:54:07,WashingtonDC6D,38.865,-76.983
4357,4D46272,Gunshot_or_Firecracker,2015-07-05,00:54:14,WashingtonDC4D,38.936,-77.021
4358,7D172612,Single_Gunshot,2015-07-05,00:54:20,WashingtonDC7D,38.85,-76.984
4359,5D52682,Multiple_Gunshots,2015-07-05,00:54:20,WashingtonDC5D,38.919,-77.016
4360,1D69380,Multiple_Gunshots,2015-07-05,00:54:27,WashingtonDC1D,38.86,-77.001
4361,4D46274,Multiple_Gunshots,2015-07-05,00:54:30,WashingtonDC4D,38.936,-77.021
4362,5D52683,Multiple_Gunshots,2015-07-05,00:54:36,WashingtonDC5D,38.921,-76.982
4363,4D46275,Multiple_Gunshots,2015-07-05,00:54:43,WashingtonDC4D,38.955,-77.022
4364,4D46276,Multiple_Gunshots,2015-07-05,00:54:48,WashingtonDC4D,38.955,-77.022
4365,5D52686,Multiple_Gunshots,2015-07-05,00:54:50,WashingtonDC5D,38.921,-76.982
4366,1D69384,Single_Gunshot,2015-07-05,00:54:52,WashingtonDC1D,38.9,-76.984
4367,5D52687,Single_Gunshot,2015-07-05,00:54:57,WashingtonDC5D,38.936,-76.979
4368,7D172616,Multiple_Gunshots,2015-07-05,00:55:04,WashingtonDC7D,38.85,-76.984
4369,6D137106,Multiple_Gunshots,2015-07-05,00:55:05,WashingtonDC6D,38.889,-76.926
4370,4D46277,Single_Gunshot,2015-07-05,00:55:06,WashingtonDC4D,38.948,-77.025
4371,1D69385,Multiple_Gunshots,2015-07-05,00:55:10,WashingtonDC1D,38.904,-76.975
4372,7D172617,Multiple_Gunshots,2015-07-05,00:55:12,WashingtonDC7D,38.85,-76.985
4373,4D46278,Single_Gunshot,2015-07-05,00:55:14,WashingtonDC4D,38.948,-77.025
4374,6D137108,Multiple_Gunshots,2015-07-05,00:55:19,WashingtonDC6D,38.875,-76.934
4375,6D137109,Single_Gunshot,2015-07-05,00:55:27,WashingtonDC6D,38.868,-76.947
4376,4D46280,Multiple_Gunshots,2015-07-05,00:55:29,WashingtonDC4D,38.955,-77.022
4377,7D172619,Single_Gunshot,2015-07-05,00:55:41,WashingtonDC7D,38.842,-76.987
4378,7D172620,Single_Gunshot,2015-07-05,00:55:51,WashingtonDC7D,38.832,-76.989
4379,6D137114,Multiple_Gunshots,2015-07-05,00:56:04,WashingtonDC6D,38.893,-76.951
4380,6D137116,Multiple_Gunshots,2015-07-05,00:56:11,WashingtonDC6D,38.893,-76.923
4381,7D172621,Multiple_Gunshots,2015-07-05,00:56:21,WashingtonDC7D,38.833,-77.004
4382,1D69387,Single_Gunshot,2015-07-05,00:56:39,WashingtonDC1D,38.902,-76.992
4383,6D137121,Multiple_Gunshots,2015-07-05,00:56:59,WashingtonDC6D,38.893,-76.923
4384,7D172626,Multiple_Gunshots,2015-07-05,00:57:03,WashingtonDC7D,38.848,-76.974
4385,4D46289,Single_Gunshot,2015-07-05,00:57:06,WashingtonDC4D,38.95,-77.014
4386,6D137122,Multiple_Gunshots,2015-07-05,00:57:09,WashingtonDC6D,38.893,-76.923
4387,6D137123,Multiple_Gunshots,2015-07-05,00:57:18,WashingtonDC6D,38.893,-76.951
4388,7D172628,Gunshot_or_Firecracker,2015-07-05,00:57:35,WashingtonDC7D,38.844,-76.989
4389,6D137124,Multiple_Gunshots,2015-07-05,00:57:37,WashingtonDC6D,38.875,-76.969
4390,4D46291,Multiple_Gunshots,2015-07-05,00:57:44,WashingtonDC4D,38.936,-77.021
4391,4D46292,Multiple_Gunshots,2015-07-05,00:57:49,WashingtonDC4D,38.936,-77.021
4392,5D52698,Gunshot_or_Firecracker,2015-07-05,00:57:53,WashingtonDC5D,38.9,-76.984
4393,4D46293,Multiple_Gunshots,2015-07-05,00:57:54,WashingtonDC4D,38.936,-77.021
4394,4D46294,Multiple_Gunshots,2015-07-05,00:58:00,WashingtonDC4D,38.935,-77.022
4395,6D137129,Single_Gunshot,2015-07-05,00:58:31,WashingtonDC6D,38.904,-76.933
4396,6D137130,Multiple_Gunshots,2015-07-05,00:58:36,WashingtonDC6D,38.904,-76.933
4397,4D46298,Single_Gunshot,2015-07-05,00:58:38,WashingtonDC4D,38.936,-77.021
4398,5D52702,Multiple_Gunshots,2015-07-05,00:58:39,WashingtonDC5D,38.921,-76.983
4399,7D172632,Multiple_Gunshots,2015-07-05,00:58:41,WashingtonDC7D,38.846,-77.003
4400,5D52703,Multiple_Gunshots,2015-07-05,00:58:43,WashingtonDC5D,38.921,-76.983
4401,4D46299,Multiple_Gunshots,2015-07-05,00:58:45,WashingtonDC4D,38.936,-77.021
4402,6D137131,Multiple_Gunshots,2015-07-05,00:58:52,WashingtonDC6D,38.904,-76.933
4403,7D172633,Single_Gunshot,2015-07-05,00:58:56,WashingtonDC7D,38.832,-76.989
4404,4D46300,Single_Gunshot,2015-07-05,00:59:09,WashingtonDC4D,38.967,-77.022
4405,4D46303,Single_Gunshot,2015-07-05,00:59:31,WashingtonDC4D,38.965,-77.021
4406,3D51026,Single_Gunshot,2015-07-05,00:59:52,WashingtonDC3D,38.921,-77.032
4407,5D52706,Multiple_Gunshots,2015-07-05,01:00:04,WashingtonDC5D,38.906,-76.977
4408,6D137137,Multiple_Gunshots,2015-07-05,01:00:05,WashingtonDC6D,38.896,-76.931
4409,4D46304,Multiple_Gunshots,2015-07-05,01:00:12,WashingtonDC4D,38.958,-77.029
4410,6D137138,Multiple_Gunshots,2015-07-05,01:00:20,WashingtonDC6D,38.875,-76.965
4411,7D172638,Multiple_Gunshots,2015-07-05,01:00:25,WashingtonDC7D,38.827,-77.006
4412,3D51028,Single_Gunshot,2015-07-05,01:00:30,WashingtonDC3D,38.932,-77.033
4413,7D172640,Multiple_Gunshots,2015-07-05,01:00:46,WashingtonDC7D,38.827,-76.998
4414,3D51029,Single_Gunshot,2015-07-05,01:00:47,WashingtonDC3D,38.943,-77.024
4415,6D137142,Multiple_Gunshots,2015-07-05,01:01:04,WashingtonDC6D,38.909,-76.93
4416,7D172642,Single_Gunshot,2015-07-05,01:01:09,WashingtonDC7D,38.832,-77.002
4417,6D137143,Multiple_Gunshots,2015-07-05,01:01:11,WashingtonDC6D,38.897,-76.94
4418,3D51030,Single_Gunshot,2015-07-05,01:01:13,WashingtonDC3D,38.921,-77.032
4419,7D172643,Single_Gunshot,2015-07-05,01:01:17,WashingtonDC7D,38.832,-77.002
4420,6D137144,Multiple_Gunshots,2015-07-05,01:01:22,WashingtonDC6D,38.897,-76.94
4421,7D172644,Single_Gunshot,2015-07-05,01:01:23,WashingtonDC7D,38.841,-76.989
4422,7D172645,Single_Gunshot,2015-07-05,01:01:28,WashingtonDC7D,38.865,-76.984
4423,3D51032,Single_Gunshot,2015-07-05,01:01:32,WashingtonDC3D,38.919,-77.016
4424,7D172646,Multiple_Gunshots,2015-07-05,01:01:35,WashingtonDC7D,38.846,-77.003
4425,4D46309,Single_Gunshot,2015-07-05,01:01:37,WashingtonDC4D,38.959,-77.017
4426,7D172647,Multiple_Gunshots,2015-07-05,01:01:53,WashingtonDC7D,38.827,-77.006
4427,3D51033,Single_Gunshot,2015-07-05,01:01:57,WashingtonDC3D,38.932,-77.033
4428,7D172648,Single_Gunshot,2015-07-05,01:01:58,WashingtonDC7D,38.827,-77.006
4429,6D137146,Single_Gunshot,2015-07-05,01:01:58,WashingtonDC6D,38.884,-76.956
4430,6D137147,Multiple_Gunshots,2015-07-05,01:02:06,WashingtonDC6D,38.889,-76.926
4431,4D46311,Gunshot_or_Firecracker,2015-07-05,01:02:10,WashingtonDC4D,38.958,-77.029
4432,1D69392,Multiple_Gunshots,2015-07-05,01:02:25,WashingtonDC1D,38.9,-76.985
4433,3D51035,Single_Gunshot,2015-07-05,01:02:38,WashingtonDC3D,38.921,-77.032
4434,4D46314,Single_Gunshot,2015-07-05,01:02:49,WashingtonDC4D,38.953,-77.009
4435,5D52707,Gunshot_or_Firecracker,2015-07-05,01:02:57,WashingtonDC5D,38.903,-77.013
4436,3D51036,Single_Gunshot,2015-07-05,01:02:57,WashingtonDC3D,38.903,-77.013
4437,7D172650,Multiple_Gunshots,2015-07-05,01:02:59,WashingtonDC7D,38.868,-76.98
4438,4D46315,Single_Gunshot,2015-07-05,01:02:59,WashingtonDC4D,38.951,-77.032
4439,7D172651,Single_Gunshot,2015-07-05,01:03:17,WashingtonDC7D,38.841,-76.989
4440,4D46317,Gunshot_or_Firecracker,2015-07-05,01:03:37,WashingtonDC4D,38.955,-77.022
4441,4D46318,Multiple_Gunshots,2015-07-05,01:03:52,WashingtonDC4D,38.958,-77.029
4442,5D52709,Gunshot_or_Firecracker,2015-07-05,01:03:59,WashingtonDC5D,38.903,-77.013
4443,7D172653,Multiple_Gunshots,2015-07-05,01:04:04,WashingtonDC7D,38.85,-76.985
4444,6D137159,Multiple_Gunshots,2015-07-05,01:04:06,WashingtonDC6D,38.882,-76.938
4445,7D172654,Multiple_Gunshots,2015-07-05,01:04:11,WashingtonDC7D,38.84,-76.975
4446,6D137160,Single_Gunshot,2015-07-05,01:04:11,WashingtonDC6D,38.894,-76.92
4447,6D137161,Multiple_Gunshots,2015-07-05,01:04:18,WashingtonDC6D,38.896,-76.931
4448,5D52710,Gunshot_or_Firecracker,2015-07-05,01:04:20,WashingtonDC5D,38.906,-76.977
4449,6D137162,Multiple_Gunshots,2015-07-05,01:04:22,WashingtonDC6D,38.894,-76.92
4450,7D172655,Multiple_Gunshots,2015-07-05,01:04:23,WashingtonDC7D,38.84,-76.975
4451,6D137163,Multiple_Gunshots,2015-07-05,01:04:26,WashingtonDC6D,38.894,-76.92
4452,4D46320,Single_Gunshot,2015-07-05,01:04:35,WashingtonDC4D,38.955,-77.022
4453,6D137164,Multiple_Gunshots,2015-07-05,01:04:37,WashingtonDC6D,38.882,-76.933
4454,7D172657,Single_Gunshot,2015-07-05,01:04:39,WashingtonDC7D,38.858,-76.987
4455,7D172658,Single_Gunshot,2015-07-05,01:04:57,WashingtonDC7D,38.842,-76.99
4456,6D137166,Multiple_Gunshots,2015-07-05,01:05:03,WashingtonDC6D,38.882,-76.933
4457,5D52713,Gunshot_or_Firecracker,2015-07-05,01:05:04,WashingtonDC5D,38.906,-76.977
4458,6D137167,Gunshot_or_Firecracker,2015-07-05,01:05:09,WashingtonDC6D,38.882,-76.933
4459,6D137168,Multiple_Gunshots,2015-07-05,01:05:10,WashingtonDC6D,38.882,-76.933
4460,7D172660,Multiple_Gunshots,2015-07-05,01:05:12,WashingtonDC7D,38.845,-76.972
4461,5D52714,Gunshot_or_Firecracker,2015-07-05,01:05:12,WashingtonDC5D,38.912,-76.985
4462,6D137169,Single_Gunshot,2015-07-05,01:05:14,WashingtonDC6D,38.911,-76.934
4463,4D46322,Multiple_Gunshots,2015-07-05,01:05:18,WashingtonDC4D,38.937,-77.022
4464,3D51044,Single_Gunshot,2015-07-05,01:05:23,WashingtonDC3D,38.92,-77.032
4465,3D51045,Multiple_Gunshots,2015-07-05,01:05:24,WashingtonDC3D,38.937,-77.022
4466,7D172662,Single_Gunshot,2015-07-05,01:05:33,WashingtonDC7D,38.845,-76.972
4467,6D137171,Single_Gunshot,2015-07-05,01:05:35,WashingtonDC6D,38.884,-76.955
4468,3D51046,Multiple_Gunshots,2015-07-05,01:05:43,WashingtonDC3D,38.937,-77.022
4469,7D172666,Single_Gunshot,2015-07-05,01:06:16,WashingtonDC7D,38.853,-76.983
4470,7D172667,Gunshot_or_Firecracker,2015-07-05,01:06:18,WashingtonDC7D,38.842,-76.99
4471,5D52716,Gunshot_or_Firecracker,2015-07-05,01:06:19,WashingtonDC5D,38.903,-77.013
4472,3D51048,Single_Gunshot,2015-07-05,01:06:20,WashingtonDC3D,38.903,-77.013
4473,4D46325,Multiple_Gunshots,2015-07-05,01:06:38,WashingtonDC4D,38.958,-77.029
4474,3D51049,Single_Gunshot,2015-07-05,01:06:41,WashingtonDC3D,38.919,-77.016
4475,6D137175,Multiple_Gunshots,2015-07-05,01:06:44,WashingtonDC6D,38.892,-76.952
4476,4D46326,Multiple_Gunshots,2015-07-05,01:06:47,WashingtonDC4D,38.958,-77.029
4477,6D137177,Multiple_Gunshots,2015-07-05,01:06:52,WashingtonDC6D,38.893,-76.952
4478,4D46327,Multiple_Gunshots,2015-07-05,01:06:53,WashingtonDC4D,38.958,-77.029
4479,6D137178,Multiple_Gunshots,2015-07-05,01:06:55,WashingtonDC6D,38.889,-76.926
4480,7D172671,Multiple_Gunshots,2015-07-05,01:07:00,WashingtonDC7D,38.852,-76.966
4481,7D172672,Multiple_Gunshots,2015-07-05,01:07:04,WashingtonDC7D,38.852,-76.966
4482,4D46328,Single_Gunshot,2015-07-05,01:07:10,WashingtonDC4D,38.955,-77.022
4483,3D51052,Multiple_Gunshots,2015-07-05,01:07:12,WashingtonDC3D,38.917,-77.012
4484,3D51053,Single_Gunshot,2015-07-05,01:07:21,WashingtonDC3D,38.921,-77.034
4485,3D51054,Single_Gunshot,2015-07-05,01:07:22,WashingtonDC3D,38.923,-77.036
4486,3D51055,Single_Gunshot,2015-07-05,01:07:26,WashingtonDC3D,38.923,-77.036
4487,3D51056,Multiple_Gunshots,2015-07-05,01:07:35,WashingtonDC3D,38.919,-77.016
4488,3D51057,Multiple_Gunshots,2015-07-05,01:07:43,WashingtonDC3D,38.919,-77.016
4489,7D172676,Multiple_Gunshots,2015-07-05,01:07:59,WashingtonDC7D,38.859,-76.986
4490,3D51058,Multiple_Gunshots,2015-07-05,01:08:11,WashingtonDC3D,38.921,-77.032
4491,3D51059,Multiple_Gunshots,2015-07-05,01:08:24,WashingtonDC3D,38.921,-77.032
4492,3D51060,Single_Gunshot,2015-07-05,01:08:32,WashingtonDC3D,38.921,-77.032
4493,3D51061,Multiple_Gunshots,2015-07-05,01:08:35,WashingtonDC3D,38.921,-77.032
4494,3D51062,Single_Gunshot,2015-07-05,01:08:42,WashingtonDC3D,38.921,-77.032
4495,3D51063,Multiple_Gunshots,2015-07-05,01:08:45,WashingtonDC3D,38.921,-77.032
4496,6D137190,Gunshot_or_Firecracker,2015-07-05,01:08:48,WashingtonDC6D,38.883,-76.961
4497,3D51064,Multiple_Gunshots,2015-07-05,01:08:52,WashingtonDC3D,38.921,-77.032
4498,7D172678,Single_Gunshot,2015-07-05,01:08:54,WashingtonDC7D,38.861,-76.982
4499,6D137191,Multiple_Gunshots,2015-07-05,01:08:58,WashingtonDC6D,38.883,-76.961
4500,4D46332,Multiple_Gunshots,2015-07-05,01:08:58,WashingtonDC4D,38.943,-77.022
4501,6D137192,Multiple_Gunshots,2015-07-05,01:09:04,WashingtonDC6D,38.883,-76.962
4502,6D137193,Multiple_Gunshots,2015-07-05,01:09:12,WashingtonDC6D,38.882,-76.938
4503,4D46334,Multiple_Gunshots,2015-07-05,01:09:14,WashingtonDC4D,38.958,-77.029
4504,7D172679,Single_Gunshot,2015-07-05,01:09:23,WashingtonDC7D,38.857,-76.997
4505,5D52722,Gunshot_or_Firecracker,2015-07-05,01:09:23,WashingtonDC5D,38.921,-76.981
4506,5D52723,Gunshot_or_Firecracker,2015-07-05,01:09:42,WashingtonDC5D,38.921,-76.98
4507,7D172681,Multiple_Gunshots,2015-07-05,01:09:46,WashingtonDC7D,38.847,-77.004
4508,7D172682,Single_Gunshot,2015-07-05,01:09:54,WashingtonDC7D,38.842,-76.994
4509,7D172683,Single_Gunshot,2015-07-05,01:09:55,WashingtonDC7D,38.847,-77.004
4510,5D52725,Multiple_Gunshots,2015-07-05,01:09:56,WashingtonDC5D,38.9,-76.984
4511,1D69395,Multiple_Gunshots,2015-07-05,01:09:56,WashingtonDC1D,38.9,-76.984
4512,3D51068,Single_Gunshot,2015-07-05,01:09:59,WashingtonDC3D,38.919,-77.016
4513,7D172684,Multiple_Gunshots,2015-07-05,01:10:02,WashingtonDC7D,38.847,-77.004
4514,6D137197,Multiple_Gunshots,2015-07-05,01:10:06,WashingtonDC6D,38.883,-76.962
4515,4D46336,Single_Gunshot,2015-07-05,01:10:09,WashingtonDC4D,38.931,-77.024
4516,3D51069,Multiple_Gunshots,2015-07-05,01:10:12,WashingtonDC3D,38.913,-77.023
4517,3D51070,Gunshot_or_Firecracker,2015-07-05,01:10:17,WashingtonDC3D,38.913,-77.022
4518,3D51071,Multiple_Gunshots,2015-07-05,01:10:18,WashingtonDC3D,38.913,-77.022
4519,3D51072,Multiple_Gunshots,2015-07-05,01:10:21,WashingtonDC3D,38.913,-77.023
4520,1D69396,Multiple_Gunshots,2015-07-05,01:10:22,WashingtonDC1D,38.88,-76.99
4521,6D137198,Multiple_Gunshots,2015-07-05,01:10:25,WashingtonDC6D,38.883,-76.961
4522,4D46337,Multiple_Gunshots,2015-07-05,01:10:36,WashingtonDC4D,38.948,-77.019
4523,6D137199,Multiple_Gunshots,2015-07-05,01:10:43,WashingtonDC6D,38.883,-76.961
4524,7D172687,Single_Gunshot,2015-07-05,01:11:00,WashingtonDC7D,38.85,-76.985
4525,1D69398,Multiple_Gunshots,2015-07-05,01:11:02,WashingtonDC1D,38.897,-76.992
4526,7D172688,Single_Gunshot,2015-07-05,01:11:08,WashingtonDC7D,38.861,-76.982
4527,3D51076,Single_Gunshot,2015-07-05,01:11:17,WashingtonDC3D,38.938,-77.033
4528,6D137205,Single_Gunshot,2015-07-05,01:11:23,WashingtonDC6D,38.89,-76.954
4529,1D69399,Multiple_Gunshots,2015-07-05,01:11:35,WashingtonDC1D,38.9,-76.984
4530,7D172690,Gunshot_or_Firecracker,2015-07-05,01:11:38,WashingtonDC7D,38.847,-77.004
4531,6D137211,Single_Gunshot,2015-07-05,01:11:43,WashingtonDC6D,38.895,-76.931
4532,6D137212,Multiple_Gunshots,2015-07-05,01:11:45,WashingtonDC6D,38.896,-76.931
4533,4D46341,Multiple_Gunshots,2015-07-05,01:11:47,WashingtonDC4D,38.955,-77.022
4534,7D172692,Gunshot_or_Firecracker,2015-07-05,01:12:02,WashingtonDC7D,38.858,-76.987
4535,6D137213,Single_Gunshot,2015-07-05,01:12:05,WashingtonDC6D,38.879,-76.934
4536,3D51080,Single_Gunshot,2015-07-05,01:12:07,WashingtonDC3D,38.903,-77.013
4537,6D137214,Multiple_Gunshots,2015-07-05,01:12:14,WashingtonDC6D,38.889,-76.926
4538,6D137215,Multiple_Gunshots,2015-07-05,01:12:31,WashingtonDC6D,38.882,-76.938
4539,7D172694,Gunshot_or_Firecracker,2015-07-05,01:12:46,WashingtonDC7D,38.847,-77.004
4540,4D46342,Single_Gunshot,2015-07-05,01:12:48,WashingtonDC4D,38.95,-77.024
4541,6D137217,Multiple_Gunshots,2015-07-05,01:13:03,WashingtonDC6D,38.882,-76.938
4542,4D46343,Single_Gunshot,2015-07-05,01:13:03,WashingtonDC4D,38.96,-77.03
4543,6D137218,Multiple_Gunshots,2015-07-05,01:13:18,WashingtonDC6D,38.889,-76.952
4544,4D46344,Single_Gunshot,2015-07-05,01:13:31,WashingtonDC4D,38.966,-77.021
4545,4D46345,Gunshot_or_Firecracker,2015-07-05,01:13:39,WashingtonDC4D,38.953,-77.009
4546,3D51085,Single_Gunshot,2015-07-05,01:13:45,WashingtonDC3D,38.941,-77.025
4547,7D172696,Single_Gunshot,2015-07-05,01:13:51,WashingtonDC7D,38.854,-76.972
4548,6D137221,Multiple_Gunshots,2015-07-05,01:13:56,WashingtonDC6D,38.882,-76.938
4549,6D137222,Gunshot_or_Firecracker,2015-07-05,01:14:03,WashingtonDC6D,38.881,-76.939
4550,6D137224,Multiple_Gunshots,2015-07-05,01:14:18,WashingtonDC6D,38.901,-76.933
4551,7D172698,Multiple_Gunshots,2015-07-05,01:14:37,WashingtonDC7D,38.829,-77.003
4552,7D172702,Multiple_Gunshots,2015-07-05,01:15:10,WashingtonDC7D,38.855,-76.969
4553,7D172704,Single_Gunshot,2015-07-05,01:15:25,WashingtonDC7D,38.845,-76.973
4554,1D69405,Single_Gunshot,2015-07-05,01:15:25,WashingtonDC1D,38.897,-76.979
4555,1D69406,Single_Gunshot,2015-07-05,01:15:32,WashingtonDC1D,38.905,-76.988
4556,6D137229,Multiple_Gunshots,2015-07-05,01:15:36,WashingtonDC6D,38.893,-76.93
4557,7D172705,Single_Gunshot,2015-07-05,01:15:38,WashingtonDC7D,38.845,-76.973
4558,6D137230,Multiple_Gunshots,2015-07-05,01:15:43,WashingtonDC6D,38.893,-76.93
4559,4D46348,Single_Gunshot,2015-07-05,01:15:43,WashingtonDC4D,38.966,-77.021
4560,4D46349,Single_Gunshot,2015-07-05,01:15:50,WashingtonDC4D,38.948,-77.019
4561,5D52734,Single_Gunshot,2015-07-05,01:16:05,WashingtonDC5D,38.905,-76.988
4562,1D69408,Single_Gunshot,2015-07-05,01:16:08,WashingtonDC1D,38.905,-76.988
4563,6D137232,Multiple_Gunshots,2015-07-05,01:16:17,WashingtonDC6D,38.89,-76.954
4564,1D69409,Multiple_Gunshots,2015-07-05,01:16:37,WashingtonDC1D,38.9,-76.985
4565,5D52735,Multiple_Gunshots,2015-07-05,01:16:38,WashingtonDC5D,38.9,-76.984
4566,4D46351,Single_Gunshot,2015-07-05,01:16:41,WashingtonDC4D,38.966,-77.021
4567,1D69410,Single_Gunshot,2015-07-05,01:16:49,WashingtonDC1D,38.875,-77.013
4568,6D137235,Single_Gunshot,2015-07-05,01:17:02,WashingtonDC6D,38.889,-76.925
4569,4D46352,Single_Gunshot,2015-07-05,01:17:02,WashingtonDC4D,38.966,-77.021
4570,5D52737,Gunshot_or_Firecracker,2015-07-05,01:17:06,WashingtonDC5D,38.905,-76.988
4571,3D51088,Single_Gunshot,2015-07-05,01:17:08,WashingtonDC3D,38.908,-77.023
4572,7D172706,Single_Gunshot,2015-07-05,01:17:20,WashingtonDC7D,38.85,-76.985
4573,6D137236,Multiple_Gunshots,2015-07-05,01:17:21,WashingtonDC6D,38.883,-76.961
4574,5D52738,Single_Gunshot,2015-07-05,01:17:21,WashingtonDC5D,38.924,-76.969
4575,3D51089,Multiple_Gunshots,2015-07-05,01:17:41,WashingtonDC3D,38.921,-77.032
4576,6D137238,Multiple_Gunshots,2015-07-05,01:17:46,WashingtonDC6D,38.882,-76.938
4577,4D46353,Multiple_Gunshots,2015-07-05,01:17:51,WashingtonDC4D,38.953,-77.008
4578,5D52740,Single_Gunshot,2015-07-05,01:18:04,WashingtonDC5D,38.939,-76.967
4579,1D69411,Multiple_Gunshots,2015-07-05,01:18:08,WashingtonDC1D,38.9,-76.984
4580,7D172708,Single_Gunshot,2015-07-05,01:18:21,WashingtonDC7D,38.844,-76.974
4581,7D172709,Multiple_Gunshots,2015-07-05,01:18:27,WashingtonDC7D,38.844,-76.973
4582,6D137242,Multiple_Gunshots,2015-07-05,01:18:27,WashingtonDC6D,38.884,-76.93
4583,6D137244,Multiple_Gunshots,2015-07-05,01:18:39,WashingtonDC6D,38.884,-76.93
4584,4D46354,Single_Gunshot,2015-07-05,01:18:50,WashingtonDC4D,38.948,-77.025
4585,4D46355,Multiple_Gunshots,2015-07-05,01:18:57,WashingtonDC4D,38.953,-77.008
4586,6D137245,Multiple_Gunshots,2015-07-05,01:19:00,WashingtonDC6D,38.884,-76.929
4587,4D46356,Single_Gunshot,2015-07-05,01:19:11,WashingtonDC4D,38.946,-77.033
4588,3D51091,Gunshot_or_Firecracker,2015-07-05,01:19:16,WashingtonDC3D,38.918,-77.016
4589,5D52742,Single_Gunshot,2015-07-05,01:19:20,WashingtonDC5D,38.92,-77.016
4590,6D137247,Single_Gunshot,2015-07-05,01:19:26,WashingtonDC6D,38.893,-76.923
4591,6D137248,Gunshot_or_Firecracker,2015-07-05,01:19:37,WashingtonDC6D,38.883,-76.961
4592,6D137249,Single_Gunshot,2015-07-05,01:19:39,WashingtonDC6D,38.883,-76.961
4593,4D46357,Single_Gunshot,2015-07-05,01:19:42,WashingtonDC4D,38.957,-77.031
4594,6D137250,Multiple_Gunshots,2015-07-05,01:19:43,WashingtonDC6D,38.883,-76.962
4595,4D46358,Multiple_Gunshots,2015-07-05,01:19:54,WashingtonDC4D,38.95,-77.014
4596,3D51092,Single_Gunshot,2015-07-05,01:20:14,WashingtonDC3D,38.907,-77.023
4597,5D52744,Multiple_Gunshots,2015-07-05,01:20:19,WashingtonDC5D,38.92,-77.012
4598,6D137253,Multiple_Gunshots,2015-07-05,01:20:21,WashingtonDC6D,38.882,-76.938
4599,6D137254,Single_Gunshot,2015-07-05,01:20:35,WashingtonDC6D,38.893,-76.923
4600,5D52745,Gunshot_or_Firecracker,2015-07-05,01:20:37,WashingtonDC5D,38.921,-76.981
4601,4D46359,Gunshot_or_Firecracker,2015-07-05,01:20:55,WashingtonDC4D,38.95,-77.014
4602,6D137255,Multiple_Gunshots,2015-07-05,01:20:56,WashingtonDC6D,38.87,-76.982
4603,4D46360,Multiple_Gunshots,2015-07-05,01:21:05,WashingtonDC4D,38.966,-77.021
4604,6D137258,Single_Gunshot,2015-07-05,01:21:10,WashingtonDC6D,38.893,-76.951
4605,6D137259,Multiple_Gunshots,2015-07-05,01:21:12,WashingtonDC6D,38.893,-76.951
4606,1D69412,Multiple_Gunshots,2015-07-05,01:21:18,WashingtonDC1D,38.9,-76.985
4607,3D51093,Multiple_Gunshots,2015-07-05,01:21:35,WashingtonDC3D,38.921,-77.033
4608,3D51094,Single_Gunshot,2015-07-05,01:21:49,WashingtonDC3D,38.918,-77.016
4609,6D137261,Multiple_Gunshots,2015-07-05,01:21:51,WashingtonDC6D,38.882,-76.938
4610,3D51095,Single_Gunshot,2015-07-05,01:21:53,WashingtonDC3D,38.921,-77.033
4611,4D46362,Multiple_Gunshots,2015-07-05,01:21:54,WashingtonDC4D,38.955,-77.022
4612,4D46363,Multiple_Gunshots,2015-07-05,01:22:00,WashingtonDC4D,38.947,-77.026
4613,7D172711,Multiple_Gunshots,2015-07-05,01:22:06,WashingtonDC7D,38.833,-77.004
4614,4D46364,Multiple_Gunshots,2015-07-05,01:22:10,WashingtonDC4D,38.956,-77.022
4615,6D137263,Multiple_Gunshots,2015-07-05,01:22:13,WashingtonDC6D,38.893,-76.93
4616,5D52751,Multiple_Gunshots,2015-07-05,01:22:14,WashingtonDC5D,38.921,-76.983
4617,7D172712,Multiple_Gunshots,2015-07-05,01:22:22,WashingtonDC7D,38.833,-77.004
4618,6D137266,Multiple_Gunshots,2015-07-05,01:22:22,WashingtonDC6D,38.893,-76.93
4619,1D69413,Multiple_Gunshots,2015-07-05,01:22:23,WashingtonDC1D,38.9,-76.985
4620,6D137267,Multiple_Gunshots,2015-07-05,01:22:28,WashingtonDC6D,38.893,-76.93
4621,7D172713,Multiple_Gunshots,2015-07-05,01:22:30,WashingtonDC7D,38.854,-76.971
4622,7D172714,Single_Gunshot,2015-07-05,01:22:34,WashingtonDC7D,38.844,-76.978
4623,5D52752,Multiple_Gunshots,2015-07-05,01:22:34,WashingtonDC5D,38.921,-76.981
4624,6D137269,Multiple_Gunshots,2015-07-05,01:22:35,WashingtonDC6D,38.905,-76.931
4625,6D137270,Multiple_Gunshots,2015-07-05,01:22:41,WashingtonDC6D,38.893,-76.93
4626,6D137271,Single_Gunshot,2015-07-05,01:22:52,WashingtonDC6D,38.883,-76.961
4627,5D52753,Multiple_Gunshots,2015-07-05,01:23:07,WashingtonDC5D,38.921,-76.981
4628,5D52754,Multiple_Gunshots,2015-07-05,01:23:12,WashingtonDC5D,38.921,-76.981
4629,4D46366,Single_Gunshot,2015-07-05,01:23:14,WashingtonDC4D,38.943,-77.024
4630,6D137273,Single_Gunshot,2015-07-05,01:23:24,WashingtonDC6D,38.893,-76.923
4631,5D52755,Multiple_Gunshots,2015-07-05,01:23:31,WashingtonDC5D,38.921,-76.981
4632,6D137274,Single_Gunshot,2015-07-05,01:23:32,WashingtonDC6D,38.871,-76.979
4633,6D137276,Multiple_Gunshots,2015-07-05,01:23:47,WashingtonDC6D,38.905,-76.932
4634,4D46367,Gunshot_or_Firecracker,2015-07-05,01:24:05,WashingtonDC4D,38.943,-77.024
4635,4D46368,Multiple_Gunshots,2015-07-05,01:24:20,WashingtonDC4D,38.965,-77.021
4636,6D137280,Single_Gunshot,2015-07-05,01:24:30,WashingtonDC6D,38.893,-76.923
4637,6D137284,Single_Gunshot,2015-07-05,01:25:02,WashingtonDC6D,38.893,-76.923
4638,6D137285,Single_Gunshot,2015-07-05,01:25:05,WashingtonDC6D,38.893,-76.923
4639,6D137286,Multiple_Gunshots,2015-07-05,01:25:06,WashingtonDC6D,38.905,-76.932
4640,7D172717,Single_Gunshot,2015-07-05,01:25:28,WashingtonDC7D,38.842,-76.987
4641,6D137288,Multiple_Gunshots,2015-07-05,01:25:35,WashingtonDC6D,38.889,-76.957
4642,7D172718,Gunshot_or_Firecracker,2015-07-05,01:25:54,WashingtonDC7D,38.84,-76.997
4643,5D52760,Multiple_Gunshots,2015-07-05,01:25:55,WashingtonDC5D,38.921,-76.981
4644,5D52761,Multiple_Gunshots,2015-07-05,01:26:16,WashingtonDC5D,38.908,-76.982
4645,1D69414,Multiple_Gunshots,2015-07-05,01:26:23,WashingtonDC1D,38.9,-76.985
4646,5D52762,Multiple_Gunshots,2015-07-05,01:26:24,WashingtonDC5D,38.9,-76.984
4647,5D52763,Multiple_Gunshots,2015-07-05,01:26:41,WashingtonDC5D,38.908,-76.982
4648,6D137293,Multiple_Gunshots,2015-07-05,01:26:45,WashingtonDC6D,38.893,-76.923
4649,7D172719,Single_Gunshot,2015-07-05,01:26:59,WashingtonDC7D,38.842,-76.987
4650,6D137294,Gunshot_or_Firecracker,2015-07-05,01:27:01,WashingtonDC6D,38.882,-76.961
4651,6D137297,Gunshot_or_Firecracker,2015-07-05,01:28:16,WashingtonDC6D,38.893,-76.951
4652,6D137298,Multiple_Gunshots,2015-07-05,01:28:39,WashingtonDC6D,38.883,-76.962
4653,6D137299,Multiple_Gunshots,2015-07-05,01:28:41,WashingtonDC6D,38.883,-76.961
4654,6D137300,Multiple_Gunshots,2015-07-05,01:28:49,WashingtonDC6D,38.883,-76.961
4655,6D137301,Multiple_Gunshots,2015-07-05,01:29:02,WashingtonDC6D,38.883,-76.961
4656,1D69416,Single_Gunshot,2015-07-05,01:29:05,WashingtonDC1D,38.886,-76.97
4657,5D52768,Single_Gunshot,2015-07-05,01:29:08,WashingtonDC5D,38.906,-76.977
4658,6D137302,Multiple_Gunshots,2015-07-05,01:29:10,WashingtonDC6D,38.882,-76.938
4659,4D46371,Gunshot_or_Firecracker,2015-07-05,01:29:10,WashingtonDC4D,38.946,-77.027
4660,7D172724,Multiple_Gunshots,2015-07-05,01:29:21,WashingtonDC7D,38.847,-77.005
4661,5D52770,Multiple_Gunshots,2015-07-05,01:29:30,WashingtonDC5D,38.904,-77.011
4662,4D46372,Multiple_Gunshots,2015-07-05,01:29:34,WashingtonDC4D,38.934,-77.035
4663,6D137307,Single_Gunshot,2015-07-05,01:30:05,WashingtonDC6D,38.891,-76.953
4664,7D172726,Single_Gunshot,2015-07-05,01:30:14,WashingtonDC7D,38.861,-76.984
4665,6D137310,Multiple_Gunshots,2015-07-05,01:30:17,WashingtonDC6D,38.911,-76.936
4666,6D137313,Multiple_Gunshots,2015-07-05,01:30:34,WashingtonDC6D,38.882,-76.938
4667,6D137317,Single_Gunshot,2015-07-05,01:31:45,WashingtonDC6D,38.883,-76.961
4668,6D137319,Single_Gunshot,2015-07-05,01:31:56,WashingtonDC6D,38.891,-76.936
4669,6D137322,Single_Gunshot,2015-07-05,01:32:43,WashingtonDC6D,38.882,-76.936
4670,5D52779,Single_Gunshot,2015-07-05,01:32:48,WashingtonDC5D,38.913,-77.013
4671,5D52781,Gunshot_or_Firecracker,2015-07-05,01:33:15,WashingtonDC5D,38.913,-77.013
4672,5D52782,Gunshot_or_Firecracker,2015-07-05,01:33:25,WashingtonDC5D,38.913,-77.013
4673,7D172732,Multiple_Gunshots,2015-07-05,01:33:29,WashingtonDC7D,38.84,-76.997
4674,6D137326,Multiple_Gunshots,2015-07-05,01:33:36,WashingtonDC6D,38.889,-76.928
4675,7D172734,Multiple_Gunshots,2015-07-05,01:33:38,WashingtonDC7D,38.84,-76.997
4676,6D137328,Gunshot_or_Firecracker,2015-07-05,01:33:47,WashingtonDC6D,38.887,-76.925
4677,4D46374,Gunshot_or_Firecracker,2015-07-05,01:34:06,WashingtonDC4D,38.955,-77.022
4678,6D137333,Single_Gunshot,2015-07-05,01:35:26,WashingtonDC6D,38.885,-76.924
4679,6D137337,Multiple_Gunshots,2015-07-05,01:36:00,WashingtonDC6D,38.889,-76.928
4680,6D137338,Gunshot_or_Firecracker,2015-07-05,01:36:12,WashingtonDC6D,38.889,-76.928
4681,6D137339,Single_Gunshot,2015-07-05,01:36:15,WashingtonDC6D,38.889,-76.928
4682,6D137340,Multiple_Gunshots,2015-07-05,01:36:16,WashingtonDC6D,38.889,-76.928
4683,6D137341,Single_Gunshot,2015-07-05,01:36:18,WashingtonDC6D,38.889,-76.928
4684,5D52787,Multiple_Gunshots,2015-07-05,01:36:28,WashingtonDC5D,38.929,-76.995
4685,5D52788,Single_Gunshot,2015-07-05,01:36:38,WashingtonDC5D,38.929,-76.995
4686,1D69420,Single_Gunshot,2015-07-05,01:36:39,WashingtonDC1D,38.895,-76.973
4687,5D52789,Multiple_Gunshots,2015-07-05,01:36:40,WashingtonDC5D,38.929,-76.995
4688,5D52790,Gunshot_or_Firecracker,2015-07-05,01:36:48,WashingtonDC5D,38.929,-76.995
4689,5D52791,Multiple_Gunshots,2015-07-05,01:36:52,WashingtonDC5D,38.929,-76.995
4690,4D46377,Single_Gunshot,2015-07-05,01:36:58,WashingtonDC4D,38.946,-77.031
4691,6D137347,Multiple_Gunshots,2015-07-05,01:37:06,WashingtonDC6D,38.909,-76.931
4692,1D69421,Single_Gunshot,2015-07-05,01:37:20,WashingtonDC1D,38.895,-76.973
4693,6D137348,Single_Gunshot,2015-07-05,01:37:21,WashingtonDC6D,38.89,-76.954
4694,7D172747,Multiple_Gunshots,2015-07-05,01:37:32,WashingtonDC7D,38.827,-77.01
4695,6D137350,Multiple_Gunshots,2015-07-05,01:37:38,WashingtonDC6D,38.883,-76.961
4696,5D52794,Gunshot_or_Firecracker,2015-07-05,01:37:50,WashingtonDC5D,38.921,-76.982
4697,6D137353,Multiple_Gunshots,2015-07-05,01:38:17,WashingtonDC6D,38.882,-76.938
4698,6D137360,Single_Gunshot,2015-07-05,01:39:01,WashingtonDC6D,38.909,-76.931
4699,4D46383,Single_Gunshot,2015-07-05,01:39:04,WashingtonDC4D,38.966,-77.021
4700,6D137361,Multiple_Gunshots,2015-07-05,01:39:07,WashingtonDC6D,38.89,-76.955
4701,6D137362,Single_Gunshot,2015-07-05,01:39:28,WashingtonDC6D,38.909,-76.931
4702,7D172751,Multiple_Gunshots,2015-07-05,01:40:03,WashingtonDC7D,38.847,-77.005
4703,7D172752,Single_Gunshot,2015-07-05,01:40:12,WashingtonDC7D,38.826,-77.002
4704,5D52798,Multiple_Gunshots,2015-07-05,01:40:15,WashingtonDC5D,38.929,-76.995
4705,5D52799,Multiple_Gunshots,2015-07-05,01:40:26,WashingtonDC5D,38.929,-76.995
4706,4D46384,Single_Gunshot,2015-07-05,01:40:45,WashingtonDC4D,38.946,-77.031
4707,5D52800,Multiple_Gunshots,2015-07-05,01:40:50,WashingtonDC5D,38.929,-76.995
4708,4D46385,Single_Gunshot,2015-07-05,01:41:14,WashingtonDC4D,38.965,-77.021
4709,6D137372,Multiple_Gunshots,2015-07-05,01:41:15,WashingtonDC6D,38.89,-76.954
4710,6D137373,Multiple_Gunshots,2015-07-05,01:41:30,WashingtonDC6D,38.89,-76.954
4711,5D52802,Single_Gunshot,2015-07-05,01:42:01,WashingtonDC5D,38.936,-76.979
4712,7D172759,Single_Gunshot,2015-07-05,01:42:17,WashingtonDC7D,38.844,-76.979
4713,4D46386,Single_Gunshot,2015-07-05,01:42:20,WashingtonDC4D,38.947,-77.025
4714,4D46387,Multiple_Gunshots,2015-07-05,01:42:39,WashingtonDC4D,38.956,-77.022
4715,1D69423,Single_Gunshot,2015-07-05,01:42:53,WashingtonDC1D,38.903,-76.987
4716,4D46388,Gunshot_or_Firecracker,2015-07-05,01:42:58,WashingtonDC4D,38.956,-77.022
4717,6D137382,Multiple_Gunshots,2015-07-05,01:43:10,WashingtonDC6D,38.871,-76.971
4718,6D137383,Multiple_Gunshots,2015-07-05,01:43:17,WashingtonDC6D,38.886,-76.959
4719,1D69424,Single_Gunshot,2015-07-05,01:43:19,WashingtonDC1D,38.904,-76.988
4720,5D52804,Single_Gunshot,2015-07-05,01:43:21,WashingtonDC5D,38.936,-76.979
4721,6D137384,Multiple_Gunshots,2015-07-05,01:43:25,WashingtonDC6D,38.886,-76.959
4722,6D137385,Multiple_Gunshots,2015-07-05,01:43:30,WashingtonDC6D,38.886,-76.959
4723,5D52805,Multiple_Gunshots,2015-07-05,01:43:35,WashingtonDC5D,38.926,-76.967
4724,6D137387,Multiple_Gunshots,2015-07-05,01:43:57,WashingtonDC6D,38.885,-76.924
4725,6D137389,Single_Gunshot,2015-07-05,01:44:15,WashingtonDC6D,38.883,-76.961
4726,5D52806,Single_Gunshot,2015-07-05,01:44:20,WashingtonDC5D,38.936,-76.979
4727,7D172764,Multiple_Gunshots,2015-07-05,01:44:23,WashingtonDC7D,38.826,-77.002
4728,1D69426,Multiple_Gunshots,2015-07-05,01:44:38,WashingtonDC1D,38.899,-76.991
4729,5D52807,Multiple_Gunshots,2015-07-05,01:44:44,WashingtonDC5D,38.899,-76.991
4730,6D137392,Multiple_Gunshots,2015-07-05,01:45:10,WashingtonDC6D,38.889,-76.952
4731,6D137393,Multiple_Gunshots,2015-07-05,01:45:23,WashingtonDC6D,38.877,-76.932
4732,4D46390,Single_Gunshot,2015-07-05,01:45:45,WashingtonDC4D,38.948,-77.025
4733,4D46391,Single_Gunshot,2015-07-05,01:45:50,WashingtonDC4D,38.948,-77.025
4734,4D46392,Multiple_Gunshots,2015-07-05,01:45:55,WashingtonDC4D,38.948,-77.025
4735,7D172769,Single_Gunshot,2015-07-05,01:45:57,WashingtonDC7D,38.839,-77.005
4736,5D52808,Gunshot_or_Firecracker,2015-07-05,01:45:57,WashingtonDC5D,38.913,-77.013
4737,6D137395,Multiple_Gunshots,2015-07-05,01:46:05,WashingtonDC6D,38.891,-76.923
4738,4D46393,Single_Gunshot,2015-07-05,01:46:06,WashingtonDC4D,38.947,-77.025
4739,5D52809,Single_Gunshot,2015-07-05,01:46:07,WashingtonDC5D,38.913,-77.013
4740,4D46394,Single_Gunshot,2015-07-05,01:46:12,WashingtonDC4D,38.948,-77.025
4741,5D52810,Single_Gunshot,2015-07-05,01:46:17,WashingtonDC5D,38.913,-77.013
4742,5D52814,Multiple_Gunshots,2015-07-05,01:46:44,WashingtonDC5D,38.921,-76.983
4743,5D52815,Gunshot_or_Firecracker,2015-07-05,01:46:51,WashingtonDC5D,38.92,-76.983
4744,5D52816,Multiple_Gunshots,2015-07-05,01:46:56,WashingtonDC5D,38.92,-76.983
4745,6D137397,Single_Gunshot,2015-07-05,01:47:01,WashingtonDC6D,38.89,-76.951
4746,1D69427,Single_Gunshot,2015-07-05,01:47:02,WashingtonDC1D,38.88,-76.99
4747,7D172771,Single_Gunshot,2015-07-05,01:47:03,WashingtonDC7D,38.847,-77.005
4748,3D51096,Single_Gunshot,2015-07-05,01:47:05,WashingtonDC3D,38.913,-77.014
4749,5D52817,Multiple_Gunshots,2015-07-05,01:47:11,WashingtonDC5D,38.92,-76.983
4750,7D172773,Multiple_Gunshots,2015-07-05,01:47:21,WashingtonDC7D,38.833,-76.989
4751,6D137399,Single_Gunshot,2015-07-05,01:47:22,WashingtonDC6D,38.91,-76.936
4752,3D51097,Single_Gunshot,2015-07-05,01:47:25,WashingtonDC3D,38.913,-77.013
4753,3D51098,Single_Gunshot,2015-07-05,01:47:46,WashingtonDC3D,38.913,-77.013
4754,6D137402,Single_Gunshot,2015-07-05,01:48:14,WashingtonDC6D,38.882,-76.938
4755,6D137403,Gunshot_or_Firecracker,2015-07-05,01:48:24,WashingtonDC6D,38.89,-76.938
4756,6D137404,Single_Gunshot,2015-07-05,01:48:34,WashingtonDC6D,38.893,-76.951
4757,3D51099,Single_Gunshot,2015-07-05,01:48:43,WashingtonDC3D,38.921,-77.033
4758,4D46395,Multiple_Gunshots,2015-07-05,01:49:44,WashingtonDC4D,38.948,-77.025
4759,4D46396,Single_Gunshot,2015-07-05,01:49:47,WashingtonDC4D,38.948,-77.025
4760,4D46397,Single_Gunshot,2015-07-05,01:49:48,WashingtonDC4D,38.949,-77.025
4761,4D46398,Multiple_Gunshots,2015-07-05,01:49:49,WashingtonDC4D,38.948,-77.025
4762,4D46399,Multiple_Gunshots,2015-07-05,01:49:51,WashingtonDC4D,38.948,-77.025
4763,4D46401,Multiple_Gunshots,2015-07-05,01:49:53,WashingtonDC4D,38.948,-77.025
4764,3D51103,Single_Gunshot,2015-07-05,01:49:55,WashingtonDC3D,38.934,-77.035
4765,4D46402,Multiple_Gunshots,2015-07-05,01:50:09,WashingtonDC4D,38.948,-77.025
4766,5D52821,Multiple_Gunshots,2015-07-05,01:50:12,WashingtonDC5D,38.905,-77.011
4767,3D51104,Single_Gunshot,2015-07-05,01:50:22,WashingtonDC3D,38.931,-77.024
4768,5D52822,Multiple_Gunshots,2015-07-05,01:50:29,WashingtonDC5D,38.905,-77.011
4769,5D52824,Single_Gunshot,2015-07-05,01:50:40,WashingtonDC5D,38.904,-77.007
4770,6D137412,Single_Gunshot,2015-07-05,01:50:41,WashingtonDC6D,38.883,-76.961
4771,6D137413,Gunshot_or_Firecracker,2015-07-05,01:50:47,WashingtonDC6D,38.882,-76.938
4772,7D172778,Single_Gunshot,2015-07-05,01:51:00,WashingtonDC7D,38.831,-76.999
4773,5D52826,Multiple_Gunshots,2015-07-05,01:51:25,WashingtonDC5D,38.92,-76.983
4774,5D52827,Multiple_Gunshots,2015-07-05,01:51:36,WashingtonDC5D,38.921,-76.983
4775,5D52828,Multiple_Gunshots,2015-07-05,01:51:45,WashingtonDC5D,38.921,-76.983
4776,5D52829,Multiple_Gunshots,2015-07-05,01:51:51,WashingtonDC5D,38.921,-76.983
4777,6D137416,Single_Gunshot,2015-07-05,01:51:53,WashingtonDC6D,38.905,-76.935
4778,7D172780,Multiple_Gunshots,2015-07-05,01:52:05,WashingtonDC7D,38.847,-77.005
4779,6D137418,Single_Gunshot,2015-07-05,01:52:17,WashingtonDC6D,38.891,-76.923
4780,6D137420,Multiple_Gunshots,2015-07-05,01:52:21,WashingtonDC6D,38.882,-76.936
4781,5D52830,Single_Gunshot,2015-07-05,01:52:23,WashingtonDC5D,38.929,-76.992
4782,1D69434,Multiple_Gunshots,2015-07-05,01:52:31,WashingtonDC1D,38.906,-76.986
4783,4D46403,Single_Gunshot,2015-07-05,01:52:35,WashingtonDC4D,38.948,-77.025
4784,7D172782,Single_Gunshot,2015-07-05,01:52:55,WashingtonDC7D,38.839,-76.996
4785,4D46406,Single_Gunshot,2015-07-05,01:52:59,WashingtonDC4D,38.948,-77.025
4786,4D46405,Single_Gunshot,2015-07-05,01:52:59,WashingtonDC4D,38.948,-77.025
4787,7D172783,Multiple_Gunshots,2015-07-05,01:53:00,WashingtonDC7D,38.84,-76.995
4788,7D172788,Single_Gunshot,2015-07-05,01:54:41,WashingtonDC7D,38.82,-76.994
4789,1D69436,Single_Gunshot,2015-07-05,01:55:00,WashingtonDC1D,38.905,-76.981
4790,4D46408,Multiple_Gunshots,2015-07-05,01:55:08,WashingtonDC4D,38.946,-77.032
4791,7D172792,Single_Gunshot,2015-07-05,01:55:46,WashingtonDC7D,38.843,-76.993
4792,1D69437,Single_Gunshot,2015-07-05,01:55:56,WashingtonDC1D,38.896,-76.976
4793,5D52839,Multiple_Gunshots,2015-07-05,01:56:08,WashingtonDC5D,38.926,-76.967
4794,7D172796,Single_Gunshot,2015-07-05,01:56:12,WashingtonDC7D,38.821,-76.994
4795,7D172797,Multiple_Gunshots,2015-07-05,01:56:35,WashingtonDC7D,38.847,-77.005
4796,7D172801,Single_Gunshot,2015-07-05,01:58:21,WashingtonDC7D,38.847,-77.005
4797,7D172802,Gunshot_or_Firecracker,2015-07-05,01:58:58,WashingtonDC7D,38.843,-76.993
4798,5D52842,Multiple_Gunshots,2015-07-05,01:59:27,WashingtonDC5D,38.921,-76.983
4799,7D172804,Single_Gunshot,2015-07-05,01:59:29,WashingtonDC7D,38.843,-76.993
4800,5D52843,Multiple_Gunshots,2015-07-05,01:59:34,WashingtonDC5D,38.921,-76.983
4801,3D51107,Multiple_Gunshots,2015-07-05,02:00:00,WashingtonDC3D,38.921,-77.033
4802,3D51108,Multiple_Gunshots,2015-07-05,02:00:19,WashingtonDC3D,38.919,-77.016
4803,7D172808,Multiple_Gunshots,2015-07-05,02:00:42,WashingtonDC7D,38.828,-77.003
4804,6D137449,Single_Gunshot,2015-07-05,02:00:47,WashingtonDC6D,38.911,-76.937
4805,3D51109,Gunshot_or_Firecracker,2015-07-05,02:01:03,WashingtonDC3D,38.927,-77.035
4806,7D172811,Single_Gunshot,2015-07-05,02:01:05,WashingtonDC7D,38.843,-76.993
4807,7D172816,Single_Gunshot,2015-07-05,02:01:27,WashingtonDC7D,38.847,-77.005
4808,6D137453,Gunshot_or_Firecracker,2015-07-05,02:01:30,WashingtonDC6D,38.871,-76.971
4809,3D51110,Single_Gunshot,2015-07-05,02:01:31,WashingtonDC3D,38.919,-77.016
4810,4D46416,Single_Gunshot,2015-07-05,02:01:45,WashingtonDC4D,38.943,-77.024
4811,7D172818,Single_Gunshot,2015-07-05,02:02:07,WashingtonDC7D,38.847,-77.005
4812,3D51111,Single_Gunshot,2015-07-05,02:02:46,WashingtonDC3D,38.906,-77.022
4813,5D52848,Single_Gunshot,2015-07-05,02:02:48,WashingtonDC5D,38.906,-77.022
4814,5D52850,Multiple_Gunshots,2015-07-05,02:03:52,WashingtonDC5D,38.926,-76.967
4815,7D172823,Single_Gunshot,2015-07-05,02:04:27,WashingtonDC7D,38.844,-76.986
4816,7D172824,Single_Gunshot,2015-07-05,02:04:38,WashingtonDC7D,38.856,-76.968
4817,6D137464,Gunshot_or_Firecracker,2015-07-05,02:04:45,WashingtonDC6D,38.881,-76.938
4818,1D69452,Multiple_Gunshots,2015-07-05,02:05:05,WashingtonDC1D,38.874,-77.011
4819,4D46424,Multiple_Gunshots,2015-07-05,02:05:13,WashingtonDC4D,38.934,-77.035
4820,4D46425,Multiple_Gunshots,2015-07-05,02:05:17,WashingtonDC4D,38.934,-77.035
4821,7D172828,Multiple_Gunshots,2015-07-05,02:05:26,WashingtonDC7D,38.822,-77.008
4822,4D46426,Single_Gunshot,2015-07-05,02:05:28,WashingtonDC4D,38.941,-77.024
4823,1D69454,Multiple_Gunshots,2015-07-05,02:05:42,WashingtonDC1D,38.874,-77.011
4824,4D46431,Single_Gunshot,2015-07-05,02:06:25,WashingtonDC4D,38.949,-77.016
4825,7D172830,Single_Gunshot,2015-07-05,02:06:36,WashingtonDC7D,38.845,-76.996
4826,6D137472,Multiple_Gunshots,2015-07-05,02:07:31,WashingtonDC6D,38.911,-76.937
4827,5D52851,Gunshot_or_Firecracker,2015-07-05,02:07:36,WashingtonDC5D,38.926,-76.967
4828,7D172835,Single_Gunshot,2015-07-05,02:08:05,WashingtonDC7D,38.847,-77.005
4829,1D69458,Multiple_Gunshots,2015-07-05,02:08:06,WashingtonDC1D,38.9,-76.982
4830,6D137476,Multiple_Gunshots,2015-07-05,02:08:28,WashingtonDC6D,38.889,-76.926
4831,7D172837,Single_Gunshot,2015-07-05,02:08:37,WashingtonDC7D,38.822,-77.008
4832,4D46438,Multiple_Gunshots,2015-07-05,02:09:17,WashingtonDC4D,38.934,-77.035
4833,7D172839,Multiple_Gunshots,2015-07-05,02:09:22,WashingtonDC7D,38.855,-76.971
4834,6D137477,Multiple_Gunshots,2015-07-05,02:09:26,WashingtonDC6D,38.882,-76.938
4835,4D46439,Multiple_Gunshots,2015-07-05,02:09:33,WashingtonDC4D,38.934,-77.035
4836,6D137478,Multiple_Gunshots,2015-07-05,02:09:38,WashingtonDC6D,38.87,-76.982
4837,4D46440,Multiple_Gunshots,2015-07-05,02:09:42,WashingtonDC4D,38.934,-77.035
4838,7D172842,Multiple_Gunshots,2015-07-05,02:10:03,WashingtonDC7D,38.87,-76.982
4839,7D172845,Single_Gunshot,2015-07-05,02:11:00,WashingtonDC7D,38.843,-76.993
4840,7D172846,Single_Gunshot,2015-07-05,02:11:03,WashingtonDC7D,38.843,-76.993
4841,6D137487,Multiple_Gunshots,2015-07-05,02:11:37,WashingtonDC6D,38.883,-76.961
4842,6D137488,Multiple_Gunshots,2015-07-05,02:11:43,WashingtonDC6D,38.883,-76.961
4843,6D137489,Multiple_Gunshots,2015-07-05,02:11:46,WashingtonDC6D,38.883,-76.961
4844,6D137500,Multiple_Gunshots,2015-07-05,02:14:50,WashingtonDC6D,38.882,-76.938
4845,6D137501,Multiple_Gunshots,2015-07-05,02:15:05,WashingtonDC6D,38.883,-76.961
4846,6D137504,Single_Gunshot,2015-07-05,02:15:21,WashingtonDC6D,38.878,-76.965
4847,7D172858,Single_Gunshot,2015-07-05,02:15:23,WashingtonDC7D,38.843,-76.976
4848,7D172861,Multiple_Gunshots,2015-07-05,02:15:47,WashingtonDC7D,38.845,-76.979
4849,4D46447,Multiple_Gunshots,2015-07-05,02:16:03,WashingtonDC4D,38.945,-77.026
4850,5D52860,Single_Gunshot,2015-07-05,02:16:26,WashingtonDC5D,38.92,-76.971
4851,6D137518,Multiple_Gunshots,2015-07-05,02:17:56,WashingtonDC6D,38.883,-76.961
4852,5D52863,Single_Gunshot,2015-07-05,02:18:01,WashingtonDC5D,38.928,-76.982
4853,4D46448,Multiple_Gunshots,2015-07-05,02:18:26,WashingtonDC4D,38.945,-77.026
4854,3D51128,Gunshot_or_Firecracker,2015-07-05,02:18:28,WashingtonDC3D,38.944,-77.026
4855,7D172868,Gunshot_or_Firecracker,2015-07-05,02:19:00,WashingtonDC7D,38.845,-76.987
4856,6D137530,Multiple_Gunshots,2015-07-05,02:19:31,WashingtonDC6D,38.889,-76.919
4857,4D46449,Single_Gunshot,2015-07-05,02:20:15,WashingtonDC4D,38.937,-77.003
4858,4D46450,Single_Gunshot,2015-07-05,02:20:35,WashingtonDC4D,38.956,-77.026
4859,7D172875,Multiple_Gunshots,2015-07-05,02:20:53,WashingtonDC7D,38.845,-76.987
4860,4D46451,Multiple_Gunshots,2015-07-05,02:21:09,WashingtonDC4D,38.945,-77.026
4861,6D137539,Multiple_Gunshots,2015-07-05,02:21:16,WashingtonDC6D,38.883,-76.961
4862,4D46452,Single_Gunshot,2015-07-05,02:21:25,WashingtonDC4D,38.945,-77.026
4863,7D172879,Multiple_Gunshots,2015-07-05,02:21:39,WashingtonDC7D,38.838,-76.991
4864,4D46453,Gunshot_or_Firecracker,2015-07-05,02:21:41,WashingtonDC4D,38.945,-77.026
4865,3D51134,Single_Gunshot,2015-07-05,02:21:42,WashingtonDC3D,38.945,-77.026
4866,4D46454,Single_Gunshot,2015-07-05,02:22:02,WashingtonDC4D,38.945,-77.026
4867,4D46455,Single_Gunshot,2015-07-05,02:22:18,WashingtonDC4D,38.945,-77.026
4868,3D51137,Single_Gunshot,2015-07-05,02:22:19,WashingtonDC3D,38.945,-77.026
4869,6D137542,Multiple_Gunshots,2015-07-05,02:22:29,WashingtonDC6D,38.889,-76.919
4870,6D137543,Multiple_Gunshots,2015-07-05,02:22:38,WashingtonDC6D,38.874,-76.95
4871,4D46456,Single_Gunshot,2015-07-05,02:22:39,WashingtonDC4D,38.945,-77.026
4872,6D137544,Multiple_Gunshots,2015-07-05,02:22:55,WashingtonDC6D,38.883,-76.961
4873,6D137545,Single_Gunshot,2015-07-05,02:23:00,WashingtonDC6D,38.878,-76.974
4874,7D172884,Multiple_Gunshots,2015-07-05,02:23:16,WashingtonDC7D,38.832,-76.997
4875,4D46457,Single_Gunshot,2015-07-05,02:23:26,WashingtonDC4D,38.945,-77.026
4876,4D46458,Single_Gunshot,2015-07-05,02:23:35,WashingtonDC4D,38.945,-77.026
4877,7D172886,Multiple_Gunshots,2015-07-05,02:23:41,WashingtonDC7D,38.838,-76.991
4878,4D46459,Single_Gunshot,2015-07-05,02:24:02,WashingtonDC4D,38.945,-77.026
4879,7D172889,Single_Gunshot,2015-07-05,02:24:05,WashingtonDC7D,38.838,-76.991
4880,5D52870,Gunshot_or_Firecracker,2015-07-05,02:24:06,WashingtonDC5D,38.934,-76.979
4881,6D137549,Gunshot_or_Firecracker,2015-07-05,02:24:13,WashingtonDC6D,38.882,-76.942
4882,5D52871,Single_Gunshot,2015-07-05,02:24:19,WashingtonDC5D,38.934,-76.979
4883,7D172891,Multiple_Gunshots,2015-07-05,02:24:32,WashingtonDC7D,38.836,-77.005
4884,4D46460,Single_Gunshot,2015-07-05,02:24:49,WashingtonDC4D,38.945,-77.026
4885,6D137555,Multiple_Gunshots,2015-07-05,02:25:04,WashingtonDC6D,38.894,-76.924
4886,4D46461,Multiple_Gunshots,2015-07-05,02:25:08,WashingtonDC4D,38.957,-77.025
4887,6D137556,Multiple_Gunshots,2015-07-05,02:25:09,WashingtonDC6D,38.889,-76.919
4888,6D137557,Multiple_Gunshots,2015-07-05,02:25:14,WashingtonDC6D,38.883,-76.961
4889,4D46462,Gunshot_or_Firecracker,2015-07-05,02:25:14,WashingtonDC4D,38.957,-77.025
4890,6D137558,Single_Gunshot,2015-07-05,02:25:18,WashingtonDC6D,38.892,-76.929
4891,4D46463,Multiple_Gunshots,2015-07-05,02:25:18,WashingtonDC4D,38.957,-77.025
4892,6D137559,Multiple_Gunshots,2015-07-05,02:25:31,WashingtonDC6D,38.883,-76.961
4893,6D137560,Single_Gunshot,2015-07-05,02:25:34,WashingtonDC6D,38.883,-76.961
4894,1D69473,Multiple_Gunshots,2015-07-05,02:25:34,WashingtonDC1D,38.905,-76.988
4895,6D137561,Single_Gunshot,2015-07-05,02:25:35,WashingtonDC6D,38.883,-76.961
4896,6D137562,Multiple_Gunshots,2015-07-05,02:25:37,WashingtonDC6D,38.883,-76.961
4897,6D137563,Multiple_Gunshots,2015-07-05,02:25:43,WashingtonDC6D,38.883,-76.961
4898,7D172893,Single_Gunshot,2015-07-05,02:25:50,WashingtonDC7D,38.848,-76.984
4899,6D137564,Multiple_Gunshots,2015-07-05,02:25:51,WashingtonDC6D,38.883,-76.961
4900,6D137565,Multiple_Gunshots,2015-07-05,02:25:53,WashingtonDC6D,38.883,-76.961
4901,7D172894,Multiple_Gunshots,2015-07-05,02:26:06,WashingtonDC7D,38.843,-76.993
4902,1D69475,Single_Gunshot,2015-07-05,02:26:09,WashingtonDC1D,38.905,-76.988
4903,7D172896,Multiple_Gunshots,2015-07-05,02:26:31,WashingtonDC7D,38.846,-76.981
4904,7D172897,Single_Gunshot,2015-07-05,02:26:51,WashingtonDC7D,38.855,-76.991
4905,6D137573,Multiple_Gunshots,2015-07-05,02:27:17,WashingtonDC6D,38.882,-76.938
4906,7D172899,Multiple_Gunshots,2015-07-05,02:27:30,WashingtonDC7D,38.841,-76.989
4907,6D137574,Multiple_Gunshots,2015-07-05,02:27:30,WashingtonDC6D,38.889,-76.919
4908,4D46464,Single_Gunshot,2015-07-05,02:27:44,WashingtonDC4D,38.945,-77.026
4909,7D172901,Single_Gunshot,2015-07-05,02:27:50,WashingtonDC7D,38.849,-76.976
4910,6D137577,Single_Gunshot,2015-07-05,02:28:09,WashingtonDC6D,38.883,-76.961
4911,6D137576,Single_Gunshot,2015-07-05,02:28:09,WashingtonDC6D,38.883,-76.961
4912,4D46465,Single_Gunshot,2015-07-05,02:28:34,WashingtonDC4D,38.945,-77.026
4913,6D137583,Single_Gunshot,2015-07-05,02:29:53,WashingtonDC6D,38.893,-76.93
4914,7D172910,Single_Gunshot,2015-07-05,02:30:16,WashingtonDC7D,38.843,-76.986
4915,6D137585,Multiple_Gunshots,2015-07-05,02:30:20,WashingtonDC6D,38.882,-76.938
4916,7D172912,Single_Gunshot,2015-07-05,02:30:33,WashingtonDC7D,38.821,-77.006
4917,5D52878,Single_Gunshot,2015-07-05,02:30:33,WashingtonDC5D,38.929,-77.005
4918,5D52879,Single_Gunshot,2015-07-05,02:30:43,WashingtonDC5D,38.92,-77.015
4919,7D172915,Single_Gunshot,2015-07-05,02:31:21,WashingtonDC7D,38.861,-76.987
4920,6D137589,Single_Gunshot,2015-07-05,02:31:58,WashingtonDC6D,38.882,-76.938
4921,6D137590,Single_Gunshot,2015-07-05,02:32:12,WashingtonDC6D,38.887,-76.924
4922,4D46476,Multiple_Gunshots,2015-07-05,02:33:48,WashingtonDC4D,38.957,-77.025
4923,7D172927,Multiple_Gunshots,2015-07-05,02:34:02,WashingtonDC7D,38.838,-76.991
4924,7D172928,Single_Gunshot,2015-07-05,02:34:19,WashingtonDC7D,38.861,-76.987
4925,7D172929,Single_Gunshot,2015-07-05,02:34:28,WashingtonDC7D,38.854,-76.966
4926,7D172930,Single_Gunshot,2015-07-05,02:34:37,WashingtonDC7D,38.854,-76.966
4927,7D172931,Single_Gunshot,2015-07-05,02:34:43,WashingtonDC7D,38.854,-76.966
4928,4D46479,Multiple_Gunshots,2015-07-05,02:34:47,WashingtonDC4D,38.957,-77.025
4929,7D172933,Multiple_Gunshots,2015-07-05,02:35:04,WashingtonDC7D,38.854,-76.966
4930,7D172934,Single_Gunshot,2015-07-05,02:35:19,WashingtonDC7D,38.854,-76.966
4931,7D172935,Single_Gunshot,2015-07-05,02:35:27,WashingtonDC7D,38.85,-76.974
4932,4D46481,Multiple_Gunshots,2015-07-05,02:35:46,WashingtonDC4D,38.945,-77.026
4933,7D172937,Single_Gunshot,2015-07-05,02:35:57,WashingtonDC7D,38.838,-76.991
4934,1D69488,Multiple_Gunshots,2015-07-05,02:35:58,WashingtonDC1D,38.891,-76.98
4935,5D52881,Multiple_Gunshots,2015-07-05,02:36:01,WashingtonDC5D,38.891,-76.98
4936,5D52882,Multiple_Gunshots,2015-07-05,02:36:13,WashingtonDC5D,38.891,-76.98
4937,6D137608,Gunshot_or_Firecracker,2015-07-05,02:36:17,WashingtonDC6D,38.892,-76.929
4938,1D69489,Multiple_Gunshots,2015-07-05,02:36:17,WashingtonDC1D,38.891,-76.98
4939,4D46482,Single_Gunshot,2015-07-05,02:36:26,WashingtonDC4D,38.945,-77.026
4940,4D46483,Single_Gunshot,2015-07-05,02:36:32,WashingtonDC4D,38.936,-77.02
4941,6D137609,Single_Gunshot,2015-07-05,02:37:13,WashingtonDC6D,38.901,-76.905
4942,4D46484,Single_Gunshot,2015-07-05,02:37:32,WashingtonDC4D,38.945,-77.026
4943,7D172942,Single_Gunshot,2015-07-05,02:38:20,WashingtonDC7D,38.864,-76.983
4944,6D137610,Single_Gunshot,2015-07-05,02:39:29,WashingtonDC6D,38.902,-76.905
4945,3D51140,Single_Gunshot,2015-07-05,02:39:47,WashingtonDC3D,38.92,-77.016
4946,5D52883,Single_Gunshot,2015-07-05,02:39:48,WashingtonDC5D,38.92,-77.016
4947,4D46485,Single_Gunshot,2015-07-05,02:39:49,WashingtonDC4D,38.92,-77.016
4948,7D172947,Multiple_Gunshots,2015-07-05,02:39:50,WashingtonDC7D,38.833,-76.989
4949,1D69490,Single_Gunshot,2015-07-05,02:39:59,WashingtonDC1D,38.9,-76.993
4950,4D46486,Multiple_Gunshots,2015-07-05,02:40:09,WashingtonDC4D,38.936,-77.02
4951,3D51141,Single_Gunshot,2015-07-05,02:40:09,WashingtonDC3D,38.937,-77.02
4952,4D46487,Gunshot_or_Firecracker,2015-07-05,02:40:32,WashingtonDC4D,38.945,-77.026
4953,7D172949,Multiple_Gunshots,2015-07-05,02:40:37,WashingtonDC7D,38.843,-76.993
4954,4D46488,Single_Gunshot,2015-07-05,02:40:37,WashingtonDC4D,38.945,-77.026
4955,7D172950,Single_Gunshot,2015-07-05,02:40:40,WashingtonDC7D,38.843,-76.993
4956,4D46489,Single_Gunshot,2015-07-05,02:41:17,WashingtonDC4D,38.937,-77.02
4957,1D69492,Single_Gunshot,2015-07-05,02:41:41,WashingtonDC1D,38.899,-76.99
4958,7D172956,Multiple_Gunshots,2015-07-05,02:41:46,WashingtonDC7D,38.86,-76.99
4959,4D46490,Multiple_Gunshots,2015-07-05,02:41:52,WashingtonDC4D,38.956,-77.026
4960,7D172957,Single_Gunshot,2015-07-05,02:41:54,WashingtonDC7D,38.86,-76.99
4961,7D172958,Multiple_Gunshots,2015-07-05,02:41:55,WashingtonDC7D,38.86,-76.99
4962,7D172959,Multiple_Gunshots,2015-07-05,02:41:59,WashingtonDC7D,38.86,-76.99
4963,7D172960,Multiple_Gunshots,2015-07-05,02:42:18,WashingtonDC7D,38.828,-77.008
4964,6D137617,Multiple_Gunshots,2015-07-05,02:42:36,WashingtonDC6D,38.906,-76.935
4965,6D137618,Multiple_Gunshots,2015-07-05,02:42:48,WashingtonDC6D,38.906,-76.935
4966,4D46491,Single_Gunshot,2015-07-05,02:42:55,WashingtonDC4D,38.956,-77.026
4967,3D51144,Single_Gunshot,2015-07-05,02:43:01,WashingtonDC3D,38.945,-77.026
4968,1D69493,Single_Gunshot,2015-07-05,02:43:06,WashingtonDC1D,38.9,-76.989
4969,5D52884,Single_Gunshot,2015-07-05,02:43:07,WashingtonDC5D,38.926,-76.967
4970,4D46492,Single_Gunshot,2015-07-05,02:43:16,WashingtonDC4D,38.945,-77.026
4971,3D51145,Single_Gunshot,2015-07-05,02:43:17,WashingtonDC3D,38.945,-77.026
4972,6D137622,Multiple_Gunshots,2015-07-05,02:43:18,WashingtonDC6D,38.866,-76.962
4973,6D137623,Multiple_Gunshots,2015-07-05,02:43:24,WashingtonDC6D,38.906,-76.935
4974,6D137625,Multiple_Gunshots,2015-07-05,02:43:30,WashingtonDC6D,38.906,-76.935
4975,7D172963,Single_Gunshot,2015-07-05,02:43:39,WashingtonDC7D,38.854,-76.966
4976,6D137626,Gunshot_or_Firecracker,2015-07-05,02:43:40,WashingtonDC6D,38.906,-76.935
4977,6D137627,Single_Gunshot,2015-07-05,02:43:43,WashingtonDC6D,38.906,-76.935
4978,4D46494,Multiple_Gunshots,2015-07-05,02:43:44,WashingtonDC4D,38.937,-77.02
4979,7D172964,Multiple_Gunshots,2015-07-05,02:43:50,WashingtonDC7D,38.86,-76.99
4980,3D51147,Single_Gunshot,2015-07-05,02:43:56,WashingtonDC3D,38.945,-77.026
4981,4D46496,Single_Gunshot,2015-07-05,02:44:04,WashingtonDC4D,38.945,-77.026
4982,3D51148,Single_Gunshot,2015-07-05,02:44:08,WashingtonDC3D,38.945,-77.026
4983,7D172965,Multiple_Gunshots,2015-07-05,02:44:10,WashingtonDC7D,38.86,-76.99
4984,7D172966,Single_Gunshot,2015-07-05,02:44:27,WashingtonDC7D,38.86,-76.997
4985,4D46497,Multiple_Gunshots,2015-07-05,02:44:28,WashingtonDC4D,38.956,-77.025
4986,3D51149,Gunshot_or_Firecracker,2015-07-05,02:44:33,WashingtonDC3D,38.943,-77.031
4987,5D52886,Multiple_Gunshots,2015-07-05,02:44:51,WashingtonDC5D,38.926,-76.967
4988,4D46498,Multiple_Gunshots,2015-07-05,02:44:53,WashingtonDC4D,38.945,-77.026
4989,4D46499,Multiple_Gunshots,2015-07-05,02:45:25,WashingtonDC4D,38.956,-77.026
4990,6D137629,Multiple_Gunshots,2015-07-05,02:45:32,WashingtonDC6D,38.904,-76.934
4991,3D51151,Multiple_Gunshots,2015-07-05,02:45:39,WashingtonDC3D,38.937,-77.02
4992,4D46500,Multiple_Gunshots,2015-07-05,02:45:40,WashingtonDC4D,38.937,-77.02
4993,6D137630,Multiple_Gunshots,2015-07-05,02:45:41,WashingtonDC6D,38.906,-76.935
4994,7D172968,Multiple_Gunshots,2015-07-05,02:45:56,WashingtonDC7D,38.833,-76.989
4995,7D172970,Gunshot_or_Firecracker,2015-07-05,02:46:17,WashingtonDC7D,38.833,-76.989
4996,4D46501,Gunshot_or_Firecracker,2015-07-05,02:46:17,WashingtonDC4D,38.936,-77.02
4997,3D51153,Single_Gunshot,2015-07-05,02:46:17,WashingtonDC3D,38.936,-77.02
4998,7D172973,Multiple_Gunshots,2015-07-05,02:46:42,WashingtonDC7D,38.833,-76.989
4999,4D46502,Multiple_Gunshots,2015-07-05,02:46:54,WashingtonDC4D,38.936,-77.02
5000,6D137631,Single_Gunshot,2015-07-05,02:47:03,WashingtonDC6D,38.891,-76.931
5001,4D46503,Single_Gunshot,2015-07-05,02:47:25,WashingtonDC4D,38.945,-77.026
5002,3D51156,Single_Gunshot,2015-07-05,02:47:30,WashingtonDC3D,38.945,-77.026
5003,3D51161,Gunshot_or_Firecracker,2015-07-05,02:50:42,WashingtonDC3D,38.92,-77.024
5004,7D172998,Single_Gunshot,2015-07-05,02:52:58,WashingtonDC7D,38.86,-76.99
5005,4D46508,Multiple_Gunshots,2015-07-05,02:53:35,WashingtonDC4D,38.952,-77.025
5006,4D46509,Multiple_Gunshots,2015-07-05,02:53:57,WashingtonDC4D,38.936,-77.02
5007,4D46515,Multiple_Gunshots,2015-07-05,02:55:55,WashingtonDC4D,38.945,-77.026
5008,4D46516,Multiple_Gunshots,2015-07-05,02:56:08,WashingtonDC4D,38.945,-77.026
5009,7D173009,Single_Gunshot,2015-07-05,02:56:46,WashingtonDC7D,38.854,-76.966
5010,3D51167,Single_Gunshot,2015-07-05,02:58:01,WashingtonDC3D,38.919,-77.017
5011,4D46519,Multiple_Gunshots,2015-07-05,02:59:53,WashingtonDC4D,38.945,-77.026
5012,4D46520,Single_Gunshot,2015-07-05,02:59:57,WashingtonDC4D,38.945,-77.026
5013,4D46521,Single_Gunshot,2015-07-05,02:59:59,WashingtonDC4D,38.944,-77.025
5014,7D173014,Single_Gunshot,2015-07-05,03:00:38,WashingtonDC7D,38.843,-76.988
5015,1D69495,Single_Gunshot,2015-07-05,03:00:45,WashingtonDC1D,38.887,-76.978
5016,7D173015,Single_Gunshot,2015-07-05,03:00:47,WashingtonDC7D,38.842,-76.988
5017,1D69496,Multiple_Gunshots,2015-07-05,03:01:17,WashingtonDC1D,38.887,-76.978
5018,6D137656,Multiple_Gunshots,2015-07-05,03:01:35,WashingtonDC6D,38.882,-76.938
5019,3D51172,Single_Gunshot,2015-07-05,03:01:42,WashingtonDC3D,38.936,-77.02
5020,4D46522,Gunshot_or_Firecracker,2015-07-05,03:01:43,WashingtonDC4D,38.936,-77.02
5021,4D46523,Multiple_Gunshots,2015-07-05,03:02:20,WashingtonDC4D,38.936,-77.02
5022,3D51173,Gunshot_or_Firecracker,2015-07-05,03:02:20,WashingtonDC3D,38.937,-77.02
5023,6D137658,Gunshot_or_Firecracker,2015-07-05,03:02:22,WashingtonDC6D,38.882,-76.939
5024,7D173016,Single_Gunshot,2015-07-05,03:02:30,WashingtonDC7D,38.86,-76.99
5025,5D52902,Single_Gunshot,2015-07-05,03:02:32,WashingtonDC5D,38.921,-76.984
5026,3D51174,Single_Gunshot,2015-07-05,03:03:02,WashingtonDC3D,38.937,-77.02
5027,6D137660,Multiple_Gunshots,2015-07-05,03:03:43,WashingtonDC6D,38.899,-76.931
5028,4D46527,Gunshot_or_Firecracker,2015-07-05,03:04:05,WashingtonDC4D,38.945,-77.026
5029,7D173019,Single_Gunshot,2015-07-05,03:04:18,WashingtonDC7D,38.836,-77.005
5030,4D46528,Multiple_Gunshots,2015-07-05,03:04:44,WashingtonDC4D,38.936,-77.02
5031,5D52903,Single_Gunshot,2015-07-05,03:05:03,WashingtonDC5D,38.921,-76.985
5032,6D137662,Single_Gunshot,2015-07-05,03:05:36,WashingtonDC6D,38.904,-76.923
5033,4D46529,Gunshot_or_Firecracker,2015-07-05,03:05:49,WashingtonDC4D,38.955,-77.022
5034,4D46530,Multiple_Gunshots,2015-07-05,03:06:04,WashingtonDC4D,38.955,-77.025
5035,5D52906,Multiple_Gunshots,2015-07-05,03:06:44,WashingtonDC5D,38.921,-76.984
5036,5D52907,Single_Gunshot,2015-07-05,03:06:53,WashingtonDC5D,38.921,-76.984
5037,4D46531,Gunshot_or_Firecracker,2015-07-05,03:07:54,WashingtonDC4D,38.945,-77.026
5038,3D51176,Single_Gunshot,2015-07-05,03:07:56,WashingtonDC3D,38.945,-77.026
5039,7D173021,Multiple_Gunshots,2015-07-05,03:08:01,WashingtonDC7D,38.836,-77.005
5040,7D173022,Gunshot_or_Firecracker,2015-07-05,03:08:06,WashingtonDC7D,38.836,-77.005
5041,4D46534,Single_Gunshot,2015-07-05,03:09:59,WashingtonDC4D,38.945,-77.026
5042,3D51180,Single_Gunshot,2015-07-05,03:10:01,WashingtonDC3D,38.945,-77.026
5043,6D137667,Single_Gunshot,2015-07-05,03:10:36,WashingtonDC6D,38.903,-76.94
5044,6D137668,Multiple_Gunshots,2015-07-05,03:11:22,WashingtonDC6D,38.906,-76.945
5045,6D137670,Multiple_Gunshots,2015-07-05,03:11:49,WashingtonDC6D,38.906,-76.951
5046,5D52911,Gunshot_or_Firecracker,2015-07-05,03:11:57,WashingtonDC5D,38.921,-76.984
5047,3D51184,Gunshot_or_Firecracker,2015-07-05,03:13:30,WashingtonDC3D,38.917,-77.03
5048,1D69498,Multiple_Gunshots,2015-07-05,03:13:35,WashingtonDC1D,38.874,-77.012
5049,5D52912,Gunshot_or_Firecracker,2015-07-05,03:14:26,WashingtonDC5D,38.921,-76.984
5050,6D137674,Gunshot_or_Firecracker,2015-07-05,03:15:41,WashingtonDC6D,38.88,-76.928
5051,7D173032,Gunshot_or_Firecracker,2015-07-05,03:18:07,WashingtonDC7D,38.86,-76.99
5052,5D52915,Single_Gunshot,2015-07-05,03:19:15,WashingtonDC5D,38.924,-76.998
5053,6D137680,Single_Gunshot,2015-07-05,03:19:31,WashingtonDC6D,38.881,-76.929
5054,6D137681,Multiple_Gunshots,2015-07-05,03:20:22,WashingtonDC6D,38.881,-76.929
5055,5D52918,Gunshot_or_Firecracker,2015-07-05,03:20:56,WashingtonDC5D,38.898,-76.989
5056,1D69505,Single_Gunshot,2015-07-05,03:22:51,WashingtonDC1D,38.899,-76.989
5057,6D137688,Multiple_Gunshots,2015-07-05,03:23:59,WashingtonDC6D,38.901,-76.94
5058,4D46536,Single_Gunshot,2015-07-05,03:24:38,WashingtonDC4D,38.943,-77.015
5059,4D46537,Gunshot_or_Firecracker,2015-07-05,03:24:52,WashingtonDC4D,38.953,-77.009
5060,4D46539,Multiple_Gunshots,2015-07-05,03:26:38,WashingtonDC4D,38.953,-77.008
5061,7D173037,Multiple_Gunshots,2015-07-05,03:26:59,WashingtonDC7D,38.853,-76.966
5062,7D173039,Multiple_Gunshots,2015-07-05,03:27:22,WashingtonDC7D,38.844,-76.978
5063,7D173042,Multiple_Gunshots,2015-07-05,03:28:00,WashingtonDC7D,38.853,-76.966
5064,3D51185,Single_Gunshot,2015-07-05,03:28:19,WashingtonDC3D,38.91,-77.024
5065,4D46540,Multiple_Gunshots,2015-07-05,03:29:59,WashingtonDC4D,38.953,-77.009
5066,4D46541,Multiple_Gunshots,2015-07-05,03:30:07,WashingtonDC4D,38.946,-77.033
5067,4D46542,Single_Gunshot,2015-07-05,03:30:14,WashingtonDC4D,38.954,-77.044
5068,4D46543,Multiple_Gunshots,2015-07-05,03:30:15,WashingtonDC4D,38.946,-77.033
5069,4D46544,Gunshot_or_Firecracker,2015-07-05,03:30:21,WashingtonDC4D,38.944,-77.025
5070,4D46545,Multiple_Gunshots,2015-07-05,03:30:24,WashingtonDC4D,38.946,-77.033
5071,1D69510,Single_Gunshot,2015-07-05,03:30:28,WashingtonDC1D,38.901,-76.976
5072,3D51190,Single_Gunshot,2015-07-05,03:30:30,WashingtonDC3D,38.946,-77.033
5073,4D46546,Multiple_Gunshots,2015-07-05,03:30:32,WashingtonDC4D,38.946,-77.033
5074,4D46547,Multiple_Gunshots,2015-07-05,03:30:38,WashingtonDC4D,38.946,-77.033
5075,1D69511,Single_Gunshot,2015-07-05,03:30:56,WashingtonDC1D,38.888,-76.971
5076,6D137690,Single_Gunshot,2015-07-05,03:30:58,WashingtonDC6D,38.888,-76.971
5077,6D137691,Single_Gunshot,2015-07-05,03:31:16,WashingtonDC6D,38.888,-76.971
5078,4D46548,Single_Gunshot,2015-07-05,03:32:54,WashingtonDC4D,38.957,-77.012
5079,3D51193,Single_Gunshot,2015-07-05,03:33:27,WashingtonDC3D,38.91,-77.024
5080,4D46549,Single_Gunshot,2015-07-05,03:33:44,WashingtonDC4D,38.957,-77.012
5081,4D46550,Single_Gunshot,2015-07-05,03:34:50,WashingtonDC4D,38.957,-77.013
5082,4D46553,Single_Gunshot,2015-07-05,03:35:42,WashingtonDC4D,38.953,-77.009
5083,4D46554,Gunshot_or_Firecracker,2015-07-05,03:36:13,WashingtonDC4D,38.953,-77.009
5084,4D46556,Multiple_Gunshots,2015-07-05,03:36:51,WashingtonDC4D,38.956,-77.013
5085,4D46557,Gunshot_or_Firecracker,2015-07-05,03:37:03,WashingtonDC4D,38.94,-77.019
5086,3D51196,Single_Gunshot,2015-07-05,03:37:03,WashingtonDC3D,38.94,-77.019
5087,4D46558,Single_Gunshot,2015-07-05,03:37:24,WashingtonDC4D,38.957,-77.012
5088,4D46559,Single_Gunshot,2015-07-05,03:37:37,WashingtonDC4D,38.957,-77.012
5089,4D46560,Multiple_Gunshots,2015-07-05,03:38:07,WashingtonDC4D,38.953,-77.011
5090,4D46561,Multiple_Gunshots,2015-07-05,03:38:22,WashingtonDC4D,38.957,-77.012
5091,6D137694,Multiple_Gunshots,2015-07-05,03:39:30,WashingtonDC6D,38.909,-76.932
5092,1D69513,Multiple_Gunshots,2015-07-05,03:39:39,WashingtonDC1D,38.899,-76.974
5093,6D137696,Multiple_Gunshots,2015-07-05,03:39:42,WashingtonDC6D,38.909,-76.932
5094,3D51207,Single_Gunshot,2015-07-05,03:40:53,WashingtonDC3D,38.939,-77.019
5095,1D69514,Multiple_Gunshots,2015-07-05,03:42:54,WashingtonDC1D,38.887,-76.97
5096,7D173052,Multiple_Gunshots,2015-07-05,03:43:08,WashingtonDC7D,38.867,-76.988
5097,7D173053,Single_Gunshot,2015-07-05,03:43:14,WashingtonDC7D,38.867,-76.988
5098,6D137700,Multiple_Gunshots,2015-07-05,03:43:52,WashingtonDC6D,38.911,-76.918
5099,6D137702,Multiple_Gunshots,2015-07-05,03:44:46,WashingtonDC6D,38.911,-76.918
5100,7D173064,Multiple_Gunshots,2015-07-05,03:50:11,WashingtonDC7D,38.833,-76.989
5101,7D173066,Multiple_Gunshots,2015-07-05,03:50:40,WashingtonDC7D,38.833,-76.989
5102,3D51251,Single_Gunshot,2015-07-05,04:15:04,WashingtonDC3D,38.917,-77.044
5103,7D173090,Single_Gunshot,2015-07-05,04:22:24,WashingtonDC7D,38.83,-77.012
5104,5D52933,Single_Gunshot,2015-07-05,04:24:44,WashingtonDC5D,38.924,-76.998
5105,6D137716,Single_Gunshot,2015-07-05,04:32:18,WashingtonDC6D,38.892,-76.938
5106,7D173095,Multiple_Gunshots,2015-07-05,04:32:57,WashingtonDC7D,38.83,-77.012
5107,7D173096,Multiple_Gunshots,2015-07-05,04:33:18,WashingtonDC7D,38.841,-76.988
5108,6D137717,Gunshot_or_Firecracker,2015-07-05,04:33:28,WashingtonDC6D,38.891,-76.936
5109,7D173098,Single_Gunshot,2015-07-05,04:33:31,WashingtonDC7D,38.84,-76.989
5110,3D51253,Multiple_Gunshots,2015-07-05,04:36:42,WashingtonDC3D,38.943,-77.023
5111,6D137726,Multiple_Gunshots,2015-07-05,04:50:45,WashingtonDC6D,38.87,-76.969
5112,3D51259,Gunshot_or_Firecracker,2015-07-05,05:16:25,WashingtonDC3D,38.913,-77.022
5113,5D52938,Single_Gunshot,2015-07-05,05:35:59,WashingtonDC5D,38.916,-77.01
5114,3D51261,Single_Gunshot,2015-07-05,05:36:00,WashingtonDC3D,38.916,-77.01
5115,7D173106,Single_Gunshot,2015-07-05,05:50:57,WashingtonDC7D,38.842,-76.987
5116,7D173107,Single_Gunshot,2015-07-05,05:51:56,WashingtonDC7D,38.842,-76.987
5117,6D137738,Multiple_Gunshots,2015-07-05,05:59:20,WashingtonDC6D,38.882,-76.96
5118,7D173110,Multiple_Gunshots,2015-07-05,06:41:17,WashingtonDC7D,38.834,-76.996
5119,5D52940,Multiple_Gunshots,2015-07-05,06:49:03,WashingtonDC5D,38.925,-76.986
5120,4D46572,Multiple_Gunshots,2015-07-05,09:06:57,WashingtonDC4D,38.956,-77.023
5121,5D52943,Multiple_Gunshots,2015-07-05,09:17:38,WashingtonDC5D,38.934,-76.96
5122,6D137770,Multiple_Gunshots,2015-07-05,10:34:49,WashingtonDC6D,38.895,-76.94
5123,3D51267,Multiple_Gunshots,2015-07-05,11:13:38,WashingtonDC3D,38.911,-77.018
5124,7D173138,Multiple_Gunshots,2015-07-05,11:17:07,WashingtonDC7D,38.826,-76.999
5125,6D137794,Multiple_Gunshots,2015-07-05,11:19:13,WashingtonDC6D,38.902,-76.948
5126,7D173153,Gunshot_or_Firecracker,2015-07-05,11:29:27,WashingtonDC7D,38.83,-76.994
5127,7D173156,Multiple_Gunshots,2015-07-05,11:31:13,WashingtonDC7D,38.83,-76.994
5128,7D173167,Multiple_Gunshots,2015-07-05,11:35:20,WashingtonDC7D,38.828,-76.996
5129,7D173173,Multiple_Gunshots,2015-07-05,11:38:49,WashingtonDC7D,38.83,-76.99
5130,3D51268,Multiple_Gunshots,2015-07-05,11:49:44,WashingtonDC3D,38.945,-77.042
5131,7D173212,Multiple_Gunshots,2015-07-05,12:09:54,WashingtonDC7D,38.843,-76.987
5132,6D137956,Multiple_Gunshots,2015-07-05,12:55:49,WashingtonDC6D,38.898,-76.938
5133,7D173265,Gunshot_or_Firecracker,2015-07-05,12:57:03,WashingtonDC7D,38.86,-76.991
5134,7D173267,Multiple_Gunshots,2015-07-05,13:02:08,WashingtonDC7D,38.828,-76.994
5135,7D173268,Multiple_Gunshots,2015-07-05,13:02:11,WashingtonDC7D,38.828,-76.994
5136,6D137969,Multiple_Gunshots,2015-07-05,13:06:42,WashingtonDC6D,38.891,-76.921
5137,1D69584,Gunshot_or_Firecracker,2015-07-05,13:07:08,WashingtonDC1D,38.895,-76.973
5138,6D138010,Multiple_Gunshots,2015-07-05,13:26:36,WashingtonDC6D,38.897,-76.938
5139,7D173299,Multiple_Gunshots,2015-07-05,13:45:23,WashingtonDC7D,38.827,-77.007
5140,7D173306,Multiple_Gunshots,2015-07-05,13:50:26,WashingtonDC7D,38.828,-77.003
5141,7D173349,Gunshot_or_Firecracker,2015-07-05,14:12:56,WashingtonDC7D,38.823,-77.007
5142,7D173355,Multiple_Gunshots,2015-07-05,14:16:06,WashingtonDC7D,38.827,-77.0
5143,7D173369,Multiple_Gunshots,2015-07-05,14:29:14,WashingtonDC7D,38.822,-77.007
5144,7D173404,Multiple_Gunshots,2015-07-05,14:44:17,WashingtonDC7D,38.824,-77.011
5145,3D51280,Gunshot_or_Firecracker,2015-07-05,15:08:16,WashingtonDC3D,38.913,-77.008
5146,4D46623,Multiple_Gunshots,2015-07-05,15:13:27,WashingtonDC4D,38.951,-77.03
5147,7D173507,Multiple_Gunshots,2015-07-05,15:50:33,WashingtonDC7D,38.833,-77.002
5148,7D173509,Multiple_Gunshots,2015-07-05,15:51:52,WashingtonDC7D,38.834,-76.995
5149,7D173533,Multiple_Gunshots,2015-07-05,15:59:43,WashingtonDC7D,38.823,-77.007
5150,7D173561,Multiple_Gunshots,2015-07-05,16:26:30,WashingtonDC7D,38.845,-77.002
5151,7D173562,Gunshot_or_Firecracker,2015-07-05,16:26:36,WashingtonDC7D,38.845,-77.002
5152,5D53040,Multiple_Gunshots,2015-07-05,16:35:52,WashingtonDC5D,38.905,-77.012
5153,7D173641,Multiple_Gunshots,2015-07-05,17:15:48,WashingtonDC7D,38.832,-77.012
5154,7D173659,Multiple_Gunshots,2015-07-05,17:34:39,WashingtonDC7D,38.832,-77.012
5155,3D51331,Single_Gunshot,2015-07-05,17:50:45,WashingtonDC3D,38.924,-77.006
5156,7D173694,Single_Gunshot,2015-07-05,17:55:22,WashingtonDC7D,38.827,-77.007
5157,7D173695,Multiple_Gunshots,2015-07-05,17:55:40,WashingtonDC7D,38.859,-76.997
5158,4D46683,Gunshot_or_Firecracker,2015-07-05,17:56:33,WashingtonDC4D,38.948,-77.016
5159,7D173699,Single_Gunshot,2015-07-05,17:57:08,WashingtonDC7D,38.827,-77.007
5160,4D46687,Gunshot_or_Firecracker,2015-07-05,17:58:46,WashingtonDC4D,38.948,-77.016
5161,7D173714,Multiple_Gunshots,2015-07-05,18:04:03,WashingtonDC7D,38.851,-76.977
5162,7D173716,Multiple_Gunshots,2015-07-05,18:04:09,WashingtonDC7D,38.851,-76.977
5163,7D173728,Single_Gunshot,2015-07-05,18:07:34,WashingtonDC7D,38.827,-77.007
5164,1D69703,Single_Gunshot,2015-07-05,18:13:16,WashingtonDC1D,38.903,-76.99
5165,1D69704,Single_Gunshot,2015-07-05,18:15:16,WashingtonDC1D,38.903,-76.99
5166,4D46704,Multiple_Gunshots,2015-07-05,18:25:15,WashingtonDC4D,38.948,-77.016
5167,7D173761,Multiple_Gunshots,2015-07-05,18:25:37,WashingtonDC7D,38.823,-77.002
5168,7D173764,Single_Gunshot,2015-07-05,18:28:12,WashingtonDC7D,38.843,-76.987
5169,1D69729,Single_Gunshot,2015-07-05,18:29:37,WashingtonDC1D,38.904,-76.991
5170,1D69731,Single_Gunshot,2015-07-05,18:34:29,WashingtonDC1D,38.892,-76.979
5171,7D173789,Multiple_Gunshots,2015-07-05,18:37:45,WashingtonDC7D,38.844,-77.0
5172,7D173837,Multiple_Gunshots,2015-07-05,18:53:10,WashingtonDC7D,38.849,-76.968
5173,7D173841,Single_Gunshot,2015-07-05,18:54:19,WashingtonDC7D,38.862,-76.998
5174,1D69748,Single_Gunshot,2015-07-05,18:54:21,WashingtonDC1D,38.862,-76.998
5175,1D69758,Multiple_Gunshots,2015-07-05,18:56:29,WashingtonDC1D,38.904,-76.984
5176,1D69759,Multiple_Gunshots,2015-07-05,18:56:40,WashingtonDC1D,38.904,-76.984
5177,7D173851,Single_Gunshot,2015-07-05,18:58:47,WashingtonDC7D,38.824,-76.992
5178,7D173852,Gunshot_or_Firecracker,2015-07-05,18:59:00,WashingtonDC7D,38.86,-76.99
5179,4D46750,Gunshot_or_Firecracker,2015-07-05,19:01:25,WashingtonDC4D,38.944,-77.032
5180,7D173860,Multiple_Gunshots,2015-07-05,19:03:17,WashingtonDC7D,38.84,-76.997
5181,7D173877,Single_Gunshot,2015-07-05,19:08:42,WashingtonDC7D,38.827,-77.007
5182,6D138574,Multiple_Gunshots,2015-07-05,19:18:49,WashingtonDC6D,38.887,-76.956
5183,1D69778,Single_Gunshot,2015-07-05,19:19:14,WashingtonDC1D,38.874,-77.013
5184,7D173907,Single_Gunshot,2015-07-05,19:23:38,WashingtonDC7D,38.836,-76.988
5185,7D173947,Single_Gunshot,2015-07-05,20:00:38,WashingtonDC7D,38.835,-77.002
5186,7D173969,Multiple_Gunshots,2015-07-05,20:14:19,WashingtonDC7D,38.829,-76.995
5187,4D46801,Single_Gunshot,2015-07-05,20:17:11,WashingtonDC4D,38.952,-77.013
5188,6D138784,Multiple_Gunshots,2015-07-05,20:22:21,WashingtonDC6D,38.883,-76.939
5189,6D138785,Gunshot_or_Firecracker,2015-07-05,20:22:38,WashingtonDC6D,38.883,-76.939
5190,5D53287,Gunshot_or_Firecracker,2015-07-05,20:32:15,WashingtonDC5D,38.912,-77.012
5191,7D174021,Multiple_Gunshots,2015-07-05,20:34:41,WashingtonDC7D,38.847,-76.973
5192,6D138846,Multiple_Gunshots,2015-07-05,20:36:05,WashingtonDC6D,38.869,-76.975
5193,1D69838,Single_Gunshot,2015-07-05,20:37:02,WashingtonDC1D,38.903,-76.979
5194,6D138863,Multiple_Gunshots,2015-07-05,20:40:52,WashingtonDC6D,38.869,-76.976
5195,6D138866,Multiple_Gunshots,2015-07-05,20:41:10,WashingtonDC6D,38.892,-76.959
5196,1D69841,Multiple_Gunshots,2015-07-05,20:41:52,WashingtonDC1D,38.902,-76.979
5197,6D138880,Multiple_Gunshots,2015-07-05,20:43:49,WashingtonDC6D,38.895,-76.927
5198,7D174091,Multiple_Gunshots,2015-07-05,20:54:21,WashingtonDC7D,38.839,-76.997
5199,7D174092,Multiple_Gunshots,2015-07-05,20:54:29,WashingtonDC7D,38.839,-76.997
5200,6D138939,Multiple_Gunshots,2015-07-05,20:56:39,WashingtonDC6D,38.896,-76.926
5201,7D174112,Multiple_Gunshots,2015-07-05,21:00:23,WashingtonDC7D,38.839,-76.99
5202,7D174115,Multiple_Gunshots,2015-07-05,21:00:52,WashingtonDC7D,38.839,-76.99
5203,6D138983,Multiple_Gunshots,2015-07-05,21:04:05,WashingtonDC6D,38.884,-76.926
5204,6D138991,Multiple_Gunshots,2015-07-05,21:05:31,WashingtonDC6D,38.896,-76.926
5205,7D174134,Multiple_Gunshots,2015-07-05,21:14:36,WashingtonDC7D,38.825,-77.001
5206,5D53454,Gunshot_or_Firecracker,2015-07-05,21:23:50,WashingtonDC5D,38.926,-76.962
5207,1D69855,Multiple_Gunshots,2015-07-05,21:26:44,WashingtonDC1D,38.897,-76.976
5208,5D53459,Single_Gunshot,2015-07-05,21:27:00,WashingtonDC5D,38.904,-77.009
5209,5D53460,Multiple_Gunshots,2015-07-05,21:27:09,WashingtonDC5D,38.905,-76.972
5210,5D53467,Multiple_Gunshots,2015-07-05,21:29:10,WashingtonDC5D,38.899,-76.997
5211,6D139137,Multiple_Gunshots,2015-07-05,21:30:41,WashingtonDC6D,38.883,-76.939
5212,7D174153,Multiple_Gunshots,2015-07-05,21:30:56,WashingtonDC7D,38.844,-76.997
5213,6D139141,Multiple_Gunshots,2015-07-05,21:31:03,WashingtonDC6D,38.871,-76.968
5214,1D69860,Multiple_Gunshots,2015-07-05,21:42:49,WashingtonDC1D,38.901,-76.976
5215,7D174194,Multiple_Gunshots,2015-07-05,21:46:48,WashingtonDC7D,38.835,-76.997
5216,4D46878,Gunshot_or_Firecracker,2015-07-05,21:52:36,WashingtonDC4D,38.955,-77.023
5217,5D53537,Gunshot_or_Firecracker,2015-07-05,21:58:09,WashingtonDC5D,38.925,-77.002
5218,6D139297,Multiple_Gunshots,2015-07-05,21:58:21,WashingtonDC6D,38.891,-76.921
5219,6D139312,Multiple_Gunshots,2015-07-05,22:01:11,WashingtonDC6D,38.886,-76.924
5220,6D139313,Multiple_Gunshots,2015-07-05,22:01:16,WashingtonDC6D,38.886,-76.924
5221,6D139329,Multiple_Gunshots,2015-07-05,22:03:37,WashingtonDC6D,38.891,-76.921
5222,7D174288,Multiple_Gunshots,2015-07-05,22:27:16,WashingtonDC7D,38.837,-76.997
5223,7D174302,Multiple_Gunshots,2015-07-05,22:31:23,WashingtonDC7D,38.839,-76.998
5224,7D174394,Multiple_Gunshots,2015-07-05,23:02:11,WashingtonDC7D,38.835,-76.983
5225,6D139593,Multiple_Gunshots,2015-07-05,23:09:28,WashingtonDC6D,38.884,-76.94
5226,6D139595,Gunshot_or_Firecracker,2015-07-05,23:09:58,WashingtonDC6D,38.868,-76.941
5227,4D46948,Single_Gunshot,2015-07-05,23:11:28,WashingtonDC4D,38.946,-77.02
5228,7D174428,Multiple_Gunshots,2015-07-05,23:16:13,WashingtonDC7D,38.829,-77.001
5229,1D69890,Multiple_Gunshots,2015-07-05,23:20:24,WashingtonDC1D,38.891,-76.979
5230,4D46954,Single_Gunshot,2015-07-05,23:21:20,WashingtonDC4D,38.955,-77.02
5231,4D46957,Single_Gunshot,2015-07-05,23:25:35,WashingtonDC4D,38.955,-77.02
5232,6D139647,Single_Gunshot,2015-07-05,23:38:17,WashingtonDC6D,38.893,-76.952
5233,6D139657,Multiple_Gunshots,2015-07-05,23:40:33,WashingtonDC6D,38.894,-76.934
5234,4D46968,Single_Gunshot,2015-07-05,23:43:49,WashingtonDC4D,38.945,-77.019
5235,4D46970,Multiple_Gunshots,2015-07-05,23:54:56,WashingtonDC4D,38.956,-77.035
5236,4D46976,Multiple_Gunshots,2015-07-06,00:09:47,WashingtonDC4D,38.949,-77.016
5237,4D46984,Single_Gunshot,2015-07-06,00:24:08,WashingtonDC4D,38.955,-77.034
5238,4D46985,Single_Gunshot,2015-07-06,00:36:55,WashingtonDC4D,38.953,-77.008
5239,4D46986,Single_Gunshot,2015-07-06,00:40:18,WashingtonDC4D,38.965,-77.027
5240,1D69903,Multiple_Gunshots,2015-07-06,00:45:38,WashingtonDC1D,38.899,-76.974
5241,5D53711,Gunshot_or_Firecracker,2015-07-06,00:56:39,WashingtonDC5D,38.906,-77.01
5242,4D46988,Single_Gunshot,2015-07-06,00:58:32,WashingtonDC4D,38.932,-77.024
5243,7D174529,Single_Gunshot,2015-07-06,01:04:51,WashingtonDC7D,38.833,-77.009
5244,6D139740,Multiple_Gunshots,2015-07-06,01:07:57,WashingtonDC6D,38.908,-76.954
5245,5D53715,Single_Gunshot,2015-07-06,01:09:28,WashingtonDC5D,38.924,-76.992
5246,6D139744,Multiple_Gunshots,2015-07-06,01:09:49,WashingtonDC6D,38.908,-76.954
5247,5D53716,Multiple_Gunshots,2015-07-06,01:10:45,WashingtonDC5D,38.924,-76.992
5248,6D139751,Multiple_Gunshots,2015-07-06,01:13:26,WashingtonDC6D,38.908,-76.954
5249,7D174532,Single_Gunshot,2015-07-06,01:16:33,WashingtonDC7D,38.831,-76.993
5250,4D46989,Gunshot_or_Firecracker,2015-07-06,01:29:51,WashingtonDC4D,38.953,-77.009
5251,3D51365,Single_Gunshot,2015-07-06,01:35:38,WashingtonDC3D,38.916,-77.024
5252,1D69908,Multiple_Gunshots,2015-07-06,01:36:27,WashingtonDC1D,38.893,-76.975
5253,3D51366,Single_Gunshot,2015-07-06,01:37:55,WashingtonDC3D,38.916,-77.027
5254,6D139771,Single_Gunshot,2015-07-06,01:44:09,WashingtonDC6D,38.885,-76.925
5255,5D53723,Single_Gunshot,2015-07-06,01:49:27,WashingtonDC5D,38.924,-76.97
5256,5D53724,Single_Gunshot,2015-07-06,01:52:40,WashingtonDC5D,38.924,-76.969
5257,6D139773,Single_Gunshot,2015-07-06,01:52:49,WashingtonDC6D,38.896,-76.919
5258,6D139774,Single_Gunshot,2015-07-06,02:05:17,WashingtonDC6D,38.887,-76.953
5259,6D139776,Single_Gunshot,2015-07-06,02:13:37,WashingtonDC6D,38.869,-76.943
5260,6D139780,Single_Gunshot,2015-07-06,02:39:23,WashingtonDC6D,38.893,-76.924
5261,7D174537,Single_Gunshot,2015-07-06,02:43:37,WashingtonDC7D,38.868,-76.971
5262,1D69918,Single_Gunshot,2015-07-06,02:44:48,WashingtonDC1D,38.876,-77.018
5263,6D139784,Single_Gunshot,2015-07-06,04:19:31,WashingtonDC6D,38.887,-76.928
5264,7D174539,Multiple_Gunshots,2015-07-06,07:31:11,WashingtonDC7D,38.827,-77.006
5265,4D46991,Multiple_Gunshots,2015-07-06,08:53:54,WashingtonDC4D,38.956,-77.023
5266,4D46992,Multiple_Gunshots,2015-07-06,09:15:59,WashingtonDC4D,38.957,-77.028
5267,4D46997,Gunshot_or_Firecracker,2015-07-06,10:34:17,WashingtonDC4D,38.958,-77.021
5268,4D46999,Multiple_Gunshots,2015-07-06,10:34:32,WashingtonDC4D,38.958,-77.021
5269,6D139824,Multiple_Gunshots,2015-07-06,13:33:18,WashingtonDC6D,38.892,-76.912
5270,6D139825,Multiple_Gunshots,2015-07-06,13:33:32,WashingtonDC6D,38.892,-76.912
5271,6D139849,Multiple_Gunshots,2015-07-06,14:42:39,WashingtonDC6D,38.877,-76.938
5272,7D174607,Multiple_Gunshots,2015-07-06,16:29:07,WashingtonDC7D,38.84,-76.996
5273,7D174609,Multiple_Gunshots,2015-07-06,16:33:13,WashingtonDC7D,38.845,-76.973
5274,7D174654,Single_Gunshot,2015-07-06,18:09:35,WashingtonDC7D,38.834,-76.993
5275,7D174676,Multiple_Gunshots,2015-07-06,18:52:23,WashingtonDC7D,38.836,-76.991
5276,7D174678,Multiple_Gunshots,2015-07-06,18:52:45,WashingtonDC7D,38.838,-76.989
5277,7D174685,Multiple_Gunshots,2015-07-06,19:03:01,WashingtonDC7D,38.844,-76.978
5278,7D174713,Single_Gunshot,2015-07-06,19:42:34,WashingtonDC7D,38.829,-77.003
5279,1D69963,Single_Gunshot,2015-07-06,20:16:39,WashingtonDC1D,38.9,-76.974
5280,6D139995,Multiple_Gunshots,2015-07-06,20:36:01,WashingtonDC6D,38.884,-76.961
5281,3D51384,Single_Gunshot,2015-07-06,20:46:51,WashingtonDC3D,38.896,-77.013
5282,7D174796,Multiple_Gunshots,2015-07-06,20:51:23,WashingtonDC7D,38.821,-76.998
5283,6D140055,Multiple_Gunshots,2015-07-06,20:56:48,WashingtonDC6D,38.871,-76.946
5284,7D174827,Multiple_Gunshots,2015-07-06,21:04:24,WashingtonDC7D,38.858,-76.985
5285,7D174828,Single_Gunshot,2015-07-06,21:04:28,WashingtonDC7D,38.863,-76.989
5286,3D51389,Single_Gunshot,2015-07-06,21:07:40,WashingtonDC3D,38.896,-77.013
5287,7D174839,Multiple_Gunshots,2015-07-06,21:10:30,WashingtonDC7D,38.823,-77.002
5288,7D174840,Multiple_Gunshots,2015-07-06,21:10:34,WashingtonDC7D,38.823,-77.002
5289,5D53826,Gunshot_or_Firecracker,2015-07-06,21:17:04,WashingtonDC5D,38.905,-76.975
5290,7D174872,Multiple_Gunshots,2015-07-06,21:22:32,WashingtonDC7D,38.825,-77.009
5291,7D174874,Multiple_Gunshots,2015-07-06,21:22:52,WashingtonDC7D,38.834,-76.994
5292,1D69991,Multiple_Gunshots,2015-07-06,21:24:18,WashingtonDC1D,38.907,-76.977
5293,3D51392,Single_Gunshot,2015-07-06,21:26:25,WashingtonDC3D,38.925,-77.003
5294,6D140174,Multiple_Gunshots,2015-07-06,21:27:37,WashingtonDC6D,38.881,-76.94
5295,6D140175,Multiple_Gunshots,2015-07-06,21:27:44,WashingtonDC6D,38.881,-76.94
5296,7D174915,Single_Gunshot,2015-07-06,21:33:54,WashingtonDC7D,38.83,-77.002
5297,6D140217,Multiple_Gunshots,2015-07-06,21:45:50,WashingtonDC6D,38.885,-76.926
5298,7D174962,Multiple_Gunshots,2015-07-06,21:56:01,WashingtonDC7D,38.861,-76.981
5299,5D53867,Multiple_Gunshots,2015-07-06,21:56:19,WashingtonDC5D,38.905,-76.99
5300,1D70025,Single_Gunshot,2015-07-06,21:56:40,WashingtonDC1D,38.906,-76.99
5301,7D174975,Multiple_Gunshots,2015-07-06,21:59:24,WashingtonDC7D,38.851,-76.966
5302,7D174977,Single_Gunshot,2015-07-06,22:00:11,WashingtonDC7D,38.863,-76.979
5303,7D174978,Gunshot_or_Firecracker,2015-07-06,22:00:25,WashingtonDC7D,38.85,-76.966
5304,7D174981,Single_Gunshot,2015-07-06,22:00:54,WashingtonDC7D,38.863,-76.98
5305,7D174987,Single_Gunshot,2015-07-06,22:04:50,WashingtonDC7D,38.824,-77.009
5306,7D174989,Multiple_Gunshots,2015-07-06,22:06:03,WashingtonDC7D,38.83,-76.994
5307,5D53883,Gunshot_or_Firecracker,2015-07-06,22:07:43,WashingtonDC5D,38.908,-76.986
5308,7D175052,Gunshot_or_Firecracker,2015-07-06,22:25:57,WashingtonDC7D,38.83,-76.995
5309,7D175080,Gunshot_or_Firecracker,2015-07-06,22:33:18,WashingtonDC7D,38.824,-77.012
5310,6D140388,Single_Gunshot,2015-07-06,23:14:48,WashingtonDC6D,38.894,-76.935
5311,1D70105,Multiple_Gunshots,2015-07-06,23:31:01,WashingtonDC1D,38.87,-77.008
5312,1D70106,Multiple_Gunshots,2015-07-06,23:31:05,WashingtonDC1D,38.87,-77.008
5313,1D70110,Multiple_Gunshots,2015-07-06,23:31:16,WashingtonDC1D,38.87,-77.008
5314,1D70115,Multiple_Gunshots,2015-07-06,23:36:11,WashingtonDC1D,38.87,-77.008
5315,1D70116,Multiple_Gunshots,2015-07-06,23:36:39,WashingtonDC1D,38.873,-77.01
5316,6D140397,Single_Gunshot,2015-07-06,23:38:39,WashingtonDC6D,38.895,-76.911
5317,1D70120,Multiple_Gunshots,2015-07-06,23:38:45,WashingtonDC1D,38.87,-77.008
5318,7D175121,Multiple_Gunshots,2015-07-06,23:38:58,WashingtonDC7D,38.864,-76.996
5319,6D140398,Gunshot_or_Firecracker,2015-07-06,23:39:01,WashingtonDC6D,38.864,-76.996
5320,7D175122,Multiple_Gunshots,2015-07-06,23:40:12,WashingtonDC7D,38.864,-76.997
5321,6D140418,Single_Gunshot,2015-07-06,23:42:53,WashingtonDC6D,38.897,-76.916
5322,6D140419,Single_Gunshot,2015-07-06,23:45:46,WashingtonDC6D,38.903,-76.943
5323,7D175125,Multiple_Gunshots,2015-07-06,23:53:35,WashingtonDC7D,38.833,-76.996
5324,5D53958,Gunshot_or_Firecracker,2015-07-06,23:53:40,WashingtonDC5D,38.911,-76.985
5325,6D140452,Multiple_Gunshots,2015-07-07,00:37:16,WashingtonDC6D,38.898,-76.919
5326,6D140455,Single_Gunshot,2015-07-07,01:23:53,WashingtonDC6D,38.897,-76.917
5327,7D175139,Multiple_Gunshots,2015-07-07,01:58:02,WashingtonDC7D,38.838,-76.988
5328,6D140456,Single_Gunshot,2015-07-07,06:57:19,WashingtonDC6D,38.903,-76.938
5329,6D140467,Multiple_Gunshots,2015-07-07,11:51:51,WashingtonDC6D,38.891,-76.956
5330,4D47078,Multiple_Gunshots,2015-07-07,12:01:08,WashingtonDC4D,38.946,-77.033
5331,4D47079,Multiple_Gunshots,2015-07-07,12:01:38,WashingtonDC4D,38.946,-77.033
5332,6D140469,Single_Gunshot,2015-07-07,12:31:33,WashingtonDC6D,38.899,-76.931
5333,5D53984,Single_Gunshot,2015-07-07,12:33:15,WashingtonDC5D,38.922,-77.008
5334,5D53993,Multiple_Gunshots,2015-07-07,13:07:20,WashingtonDC5D,38.908,-77.009
5335,7D175170,Multiple_Gunshots,2015-07-07,14:58:51,WashingtonDC7D,38.855,-76.99
5336,4D47090,Multiple_Gunshots,2015-07-07,16:24:49,WashingtonDC4D,38.944,-77.032
5337,4D47093,Gunshot_or_Firecracker,2015-07-07,16:25:03,WashingtonDC4D,38.944,-77.032
5338,7D175214,Gunshot_or_Firecracker,2015-07-07,18:52:52,WashingtonDC7D,38.847,-76.972
5339,7D175215,Single_Gunshot,2015-07-07,18:53:26,WashingtonDC7D,38.836,-76.989
5340,7D175216,Single_Gunshot,2015-07-07,18:55:35,WashingtonDC7D,38.847,-76.972
5341,1D70165,Multiple_Gunshots,2015-07-07,19:15:35,WashingtonDC1D,38.87,-77.011
5342,7D175233,Multiple_Gunshots,2015-07-07,19:19:24,WashingtonDC7D,38.86,-76.999
5343,7D175247,Multiple_Gunshots,2015-07-07,19:56:44,WashingtonDC7D,38.828,-76.994
5344,7D175275,Single_Gunshot,2015-07-07,20:21:04,WashingtonDC7D,38.834,-76.991
5345,4D47098,Multiple_Gunshots,2015-07-07,20:21:31,WashingtonDC4D,38.953,-77.027
5346,6D140549,Multiple_Gunshots,2015-07-07,20:34:37,WashingtonDC6D,38.881,-76.957
5347,7D175347,Single_Gunshot,2015-07-07,20:49:33,WashingtonDC7D,38.86,-76.973
5348,7D175349,Multiple_Gunshots,2015-07-07,20:49:59,WashingtonDC7D,38.859,-76.973
5349,7D175353,Multiple_Gunshots,2015-07-07,20:51:33,WashingtonDC7D,38.859,-76.973
5350,7D175381,Multiple_Gunshots,2015-07-07,21:03:09,WashingtonDC7D,38.826,-76.999
5351,1D70191,Multiple_Gunshots,2015-07-07,21:07:38,WashingtonDC1D,38.881,-76.989
5352,7D175397,Multiple_Gunshots,2015-07-07,21:07:50,WashingtonDC7D,38.828,-76.994
5353,7D175400,Multiple_Gunshots,2015-07-07,21:08:32,WashingtonDC7D,38.848,-76.972
5354,5D54040,Gunshot_or_Firecracker,2015-07-07,21:09:47,WashingtonDC5D,38.905,-76.98
5355,1D70194,Multiple_Gunshots,2015-07-07,21:10:57,WashingtonDC1D,38.881,-76.989
5356,1D70195,Multiple_Gunshots,2015-07-07,21:11:15,WashingtonDC1D,38.881,-76.989
5357,6D140631,Multiple_Gunshots,2015-07-07,21:20:21,WashingtonDC6D,38.878,-76.971
5358,6D140632,Multiple_Gunshots,2015-07-07,21:20:36,WashingtonDC6D,38.878,-76.971
5359,5D54066,Multiple_Gunshots,2015-07-07,21:25:43,WashingtonDC5D,38.913,-76.985
5360,7D175467,Multiple_Gunshots,2015-07-07,21:31:41,WashingtonDC7D,38.825,-77.008
5361,5D54078,Multiple_Gunshots,2015-07-07,21:37:27,WashingtonDC5D,38.904,-76.983
5362,1D70219,Multiple_Gunshots,2015-07-07,21:37:29,WashingtonDC1D,38.904,-76.983
5363,3D51481,Gunshot_or_Firecracker,2015-07-07,21:37:39,WashingtonDC3D,38.913,-77.014
5364,1D70222,Multiple_Gunshots,2015-07-07,21:42:52,WashingtonDC1D,38.871,-77.013
5365,6D140728,Multiple_Gunshots,2015-07-07,22:09:31,WashingtonDC6D,38.899,-76.931
5366,6D140751,Multiple_Gunshots,2015-07-07,22:16:11,WashingtonDC6D,38.894,-76.926
5367,6D140793,Single_Gunshot,2015-07-07,22:40:43,WashingtonDC6D,38.893,-76.952
5368,5D54121,Multiple_Gunshots,2015-07-07,22:44:40,WashingtonDC5D,38.899,-76.993
5369,5D54122,Multiple_Gunshots,2015-07-07,22:45:08,WashingtonDC5D,38.899,-76.991
5370,1D70227,Multiple_Gunshots,2015-07-07,22:45:08,WashingtonDC1D,38.898,-76.994
5371,6D140807,Single_Gunshot,2015-07-07,22:51:38,WashingtonDC6D,38.901,-76.916
5372,6D140810,Multiple_Gunshots,2015-07-07,22:53:02,WashingtonDC6D,38.895,-76.93
5373,5D54126,Gunshot_or_Firecracker,2015-07-07,23:13:51,WashingtonDC5D,38.933,-76.977
5374,7D175551,Single_Gunshot,2015-07-07,23:30:20,WashingtonDC7D,38.845,-76.997
5375,7D175558,Multiple_Gunshots,2015-07-07,23:38:00,WashingtonDC7D,38.854,-76.974
5376,7D175561,Single_Gunshot,2015-07-07,23:39:54,WashingtonDC7D,38.854,-76.974
5377,1D70230,Single_Gunshot,2015-07-08,00:05:44,WashingtonDC1D,38.878,-76.99
5378,7D175564,Single_Gunshot,2015-07-08,00:08:22,WashingtonDC7D,38.829,-76.994
5379,7D175566,Multiple_Gunshots,2015-07-08,00:22:44,WashingtonDC7D,38.818,-77.01
5380,7D175568,Single_Gunshot,2015-07-08,00:53:40,WashingtonDC7D,38.827,-76.999
5381,7D175571,Multiple_Gunshots,2015-07-08,01:08:57,WashingtonDC7D,38.827,-77.0
5382,7D175572,Multiple_Gunshots,2015-07-08,01:09:09,WashingtonDC7D,38.827,-77.0
5383,7D175573,Multiple_Gunshots,2015-07-08,01:10:15,WashingtonDC7D,38.831,-77.003
5384,7D175574,Multiple_Gunshots,2015-07-08,01:10:47,WashingtonDC7D,38.832,-77.003
5385,6D140848,Single_Gunshot,2015-07-08,01:26:54,WashingtonDC6D,38.886,-76.935
5386,6D140849,Single_Gunshot,2015-07-08,01:33:46,WashingtonDC6D,38.882,-76.928
5387,4D47115,Single_Gunshot,2015-07-08,02:08:59,WashingtonDC4D,38.936,-77.032
5388,7D175577,Multiple_Gunshots,2015-07-08,02:44:35,WashingtonDC7D,38.827,-77.002
5389,1D70231,Multiple_Gunshots,2015-07-08,03:31:42,WashingtonDC1D,38.897,-76.982
5390,7D175582,Multiple_Gunshots,2015-07-08,12:53:32,WashingtonDC7D,38.86,-76.998
5391,6D140878,Multiple_Gunshots,2015-07-08,13:22:45,WashingtonDC6D,38.884,-76.958
5392,7D175608,Multiple_Gunshots,2015-07-08,15:40:02,WashingtonDC7D,38.83,-77.002
5393,3D51507,Multiple_Gunshots,2015-07-08,17:26:21,WashingtonDC3D,38.914,-77.023
5394,6D140922,Multiple_Gunshots,2015-07-08,17:44:35,WashingtonDC6D,38.892,-76.912
5395,4D47121,Multiple_Gunshots,2015-07-08,17:58:33,WashingtonDC4D,38.964,-77.026
5396,7D175622,Multiple_Gunshots,2015-07-08,18:06:22,WashingtonDC7D,38.857,-76.973
5397,5D54147,Multiple_Gunshots,2015-07-08,18:28:38,WashingtonDC5D,38.918,-76.979
5398,3D51516,Gunshot_or_Firecracker,2015-07-08,19:53:27,WashingtonDC3D,38.912,-77.013
5399,7D175677,Multiple_Gunshots,2015-07-08,21:24:41,WashingtonDC7D,38.827,-77.006
5400,7D175681,Multiple_Gunshots,2015-07-08,21:57:20,WashingtonDC7D,38.836,-76.988
5401,6D141038,Multiple_Gunshots,2015-07-08,22:31:38,WashingtonDC6D,38.881,-76.962
5402,7D175763,Multiple_Gunshots,2015-07-08,23:05:04,WashingtonDC7D,38.847,-77.005
5403,6D141054,Multiple_Gunshots,2015-07-08,23:24:44,WashingtonDC6D,38.906,-76.949
5404,3D51543,Gunshot_or_Firecracker,2015-07-08,23:44:36,WashingtonDC3D,38.929,-77.033
5405,6D141056,Multiple_Gunshots,2015-07-08,23:47:09,WashingtonDC6D,38.903,-76.948
5406,6D141059,Single_Gunshot,2015-07-08,23:58:04,WashingtonDC6D,38.88,-76.938
5407,1D70292,Gunshot_or_Firecracker,2015-07-09,00:00:33,WashingtonDC1D,38.908,-76.985
5408,4D47133,Single_Gunshot,2015-07-09,00:26:42,WashingtonDC4D,38.943,-77.024
5409,4D47134,Single_Gunshot,2015-07-09,00:26:43,WashingtonDC4D,38.943,-77.024
5410,4D47135,Single_Gunshot,2015-07-09,00:26:44,WashingtonDC4D,38.943,-77.024
5411,3D51547,Single_Gunshot,2015-07-09,00:26:51,WashingtonDC3D,38.943,-77.024
5412,4D47137,Multiple_Gunshots,2015-07-09,00:26:52,WashingtonDC4D,38.943,-77.024
5413,4D47138,Multiple_Gunshots,2015-07-09,00:26:55,WashingtonDC4D,38.943,-77.024
5414,7D175776,Multiple_Gunshots,2015-07-09,00:54:54,WashingtonDC7D,38.834,-77.006
5415,5D54192,Multiple_Gunshots,2015-07-09,01:19:05,WashingtonDC5D,38.904,-77.013
5416,7D175777,Single_Gunshot,2015-07-09,01:24:00,WashingtonDC7D,38.844,-76.974
5417,6D141067,Single_Gunshot,2015-07-09,01:43:43,WashingtonDC6D,38.861,-76.973
5418,6D141073,Multiple_Gunshots,2015-07-09,10:03:38,WashingtonDC6D,38.872,-76.995
5419,7D175785,Multiple_Gunshots,2015-07-09,10:04:03,WashingtonDC7D,38.872,-76.995
5420,7D175796,Gunshot_or_Firecracker,2015-07-09,14:39:53,WashingtonDC7D,38.825,-76.999
5421,7D175801,Multiple_Gunshots,2015-07-09,15:28:40,WashingtonDC7D,38.837,-76.989
5422,7D175809,Multiple_Gunshots,2015-07-09,16:59:52,WashingtonDC7D,38.824,-77.01
5423,7D175826,Multiple_Gunshots,2015-07-09,18:28:43,WashingtonDC7D,38.832,-76.998
5424,7D175835,Single_Gunshot,2015-07-09,18:48:36,WashingtonDC7D,38.844,-76.985
5425,1D70320,Gunshot_or_Firecracker,2015-07-09,19:01:19,WashingtonDC1D,38.878,-77.012
5426,6D141104,Multiple_Gunshots,2015-07-09,19:08:37,WashingtonDC6D,38.885,-76.947
5427,7D175854,Single_Gunshot,2015-07-09,20:24:54,WashingtonDC7D,38.842,-76.996
5428,7D175855,Single_Gunshot,2015-07-09,20:25:24,WashingtonDC7D,38.817,-76.997
5429,6D141123,Multiple_Gunshots,2015-07-09,20:27:54,WashingtonDC6D,38.882,-76.933
5430,7D175865,Gunshot_or_Firecracker,2015-07-09,20:30:24,WashingtonDC7D,38.827,-77.007
5431,3D51565,Gunshot_or_Firecracker,2015-07-09,20:35:05,WashingtonDC3D,38.943,-77.024
5432,1D70332,Gunshot_or_Firecracker,2015-07-09,20:52:57,WashingtonDC1D,38.882,-76.993
5433,7D175918,Single_Gunshot,2015-07-09,21:44:37,WashingtonDC7D,38.865,-76.984
5434,7D175929,Single_Gunshot,2015-07-09,21:52:45,WashingtonDC7D,38.823,-77.002
5435,6D141264,Gunshot_or_Firecracker,2015-07-09,21:54:32,WashingtonDC6D,38.894,-76.927
5436,7D175951,Gunshot_or_Firecracker,2015-07-09,22:18:58,WashingtonDC7D,38.858,-76.996
5437,1D70357,Gunshot_or_Firecracker,2015-07-09,22:58:05,WashingtonDC1D,38.865,-77.007
5438,5D54245,Multiple_Gunshots,2015-07-09,23:42:04,WashingtonDC5D,38.905,-77.004
5439,5D54247,Multiple_Gunshots,2015-07-09,23:42:12,WashingtonDC5D,38.905,-77.004
5440,7D175972,Single_Gunshot,2015-07-09,23:56:04,WashingtonDC7D,38.854,-76.972
5441,7D175977,Single_Gunshot,2015-07-10,00:02:24,WashingtonDC7D,38.857,-76.971
5442,4D47166,Single_Gunshot,2015-07-10,00:36:28,WashingtonDC4D,38.955,-77.02
5443,1D70366,Multiple_Gunshots,2015-07-10,04:21:27,WashingtonDC1D,38.87,-77.01
5444,7D176012,Multiple_Gunshots,2015-07-10,05:24:54,WashingtonDC7D,38.853,-76.974
5445,4D47171,Multiple_Gunshots,2015-07-10,10:22:35,WashingtonDC4D,38.948,-77.021
5446,4D47172,Multiple_Gunshots,2015-07-10,10:23:20,WashingtonDC4D,38.944,-77.006
5447,6D141340,Multiple_Gunshots,2015-07-10,10:58:28,WashingtonDC6D,38.895,-76.926
5448,6D141347,Multiple_Gunshots,2015-07-10,12:09:09,WashingtonDC6D,38.895,-76.926
5449,7D176023,Multiple_Gunshots,2015-07-10,14:08:07,WashingtonDC7D,38.848,-76.972
5450,7D176026,Multiple_Gunshots,2015-07-10,14:46:13,WashingtonDC7D,38.843,-76.98
5451,6D141357,Multiple_Gunshots,2015-07-10,15:37:27,WashingtonDC6D,38.877,-76.97
5452,7D176078,Multiple_Gunshots,2015-07-10,19:38:18,WashingtonDC7D,38.85,-76.974
5453,6D141417,Multiple_Gunshots,2015-07-10,19:38:45,WashingtonDC6D,38.876,-76.928
5454,6D141418,Multiple_Gunshots,2015-07-10,19:39:03,WashingtonDC6D,38.876,-76.928
5455,6D141428,Gunshot_or_Firecracker,2015-07-10,20:23:53,WashingtonDC6D,38.881,-76.932
5456,7D176104,Single_Gunshot,2015-07-10,20:28:47,WashingtonDC7D,38.83,-77.004
5457,7D176113,Single_Gunshot,2015-07-10,20:41:37,WashingtonDC7D,38.827,-77.009
5458,7D176129,Multiple_Gunshots,2015-07-10,20:55:13,WashingtonDC7D,38.842,-76.994
5459,7D176135,Single_Gunshot,2015-07-10,20:57:25,WashingtonDC7D,38.842,-76.994
5460,7D176151,Multiple_Gunshots,2015-07-10,21:03:18,WashingtonDC7D,38.842,-76.994
5461,7D176152,Single_Gunshot,2015-07-10,21:03:22,WashingtonDC7D,38.842,-76.994
5462,7D176161,Multiple_Gunshots,2015-07-10,21:06:52,WashingtonDC7D,38.842,-76.994
5463,7D176162,Multiple_Gunshots,2015-07-10,21:07:50,WashingtonDC7D,38.842,-76.994
5464,3D51593,Single_Gunshot,2015-07-10,21:09:20,WashingtonDC3D,38.936,-77.021
5465,7D176168,Multiple_Gunshots,2015-07-10,21:09:53,WashingtonDC7D,38.842,-76.994
5466,7D176169,Multiple_Gunshots,2015-07-10,21:09:56,WashingtonDC7D,38.842,-76.994
5467,7D176185,Single_Gunshot,2015-07-10,21:17:09,WashingtonDC7D,38.861,-76.981
5468,6D141471,Multiple_Gunshots,2015-07-10,21:19:11,WashingtonDC6D,38.884,-76.935
5469,6D141476,Multiple_Gunshots,2015-07-10,21:24:41,WashingtonDC6D,38.904,-76.935
5470,7D176192,Multiple_Gunshots,2015-07-10,21:27:03,WashingtonDC7D,38.842,-76.994
5471,5D54283,Multiple_Gunshots,2015-07-10,21:29:32,WashingtonDC5D,38.938,-76.96
5472,7D176217,Single_Gunshot,2015-07-10,21:37:30,WashingtonDC7D,38.842,-76.994
5473,7D176327,Multiple_Gunshots,2015-07-10,22:14:02,WashingtonDC7D,38.862,-76.988
5474,6D141542,Multiple_Gunshots,2015-07-10,22:22:13,WashingtonDC6D,38.889,-76.961
5475,7D176396,Multiple_Gunshots,2015-07-10,22:47:13,WashingtonDC7D,38.842,-77.002
5476,7D176397,Multiple_Gunshots,2015-07-10,22:47:35,WashingtonDC7D,38.842,-77.002
5477,3D51604,Single_Gunshot,2015-07-10,22:49:57,WashingtonDC3D,38.946,-77.028
5478,6D141584,Multiple_Gunshots,2015-07-10,22:50:02,WashingtonDC6D,38.887,-76.937
5479,1D70430,Multiple_Gunshots,2015-07-10,22:52:23,WashingtonDC1D,38.898,-76.979
5480,6D141585,Single_Gunshot,2015-07-10,22:54:42,WashingtonDC6D,38.9,-76.933
5481,6D141594,Single_Gunshot,2015-07-10,23:06:49,WashingtonDC6D,38.893,-76.926
5482,7D176421,Multiple_Gunshots,2015-07-10,23:25:20,WashingtonDC7D,38.857,-76.991
5483,7D176425,Single_Gunshot,2015-07-10,23:33:46,WashingtonDC7D,38.844,-76.986
5484,7D176436,Multiple_Gunshots,2015-07-10,23:48:03,WashingtonDC7D,38.832,-76.998
5485,1D70433,Single_Gunshot,2015-07-10,23:48:40,WashingtonDC1D,38.874,-77.012
5486,3D51609,Multiple_Gunshots,2015-07-10,23:50:42,WashingtonDC3D,38.92,-77.036
5487,3D51610,Single_Gunshot,2015-07-10,23:50:43,WashingtonDC3D,38.921,-77.036
5488,3D51611,Gunshot_or_Firecracker,2015-07-10,23:50:47,WashingtonDC3D,38.921,-77.036
5489,3D51612,Single_Gunshot,2015-07-10,23:50:48,WashingtonDC3D,38.921,-77.036
5490,7D176440,Multiple_Gunshots,2015-07-11,00:02:38,WashingtonDC7D,38.859,-76.991
5491,5D54316,Single_Gunshot,2015-07-11,00:42:23,WashingtonDC5D,38.921,-76.979
5492,1D70444,Single_Gunshot,2015-07-11,00:47:08,WashingtonDC1D,38.898,-76.968
5493,1D70445,Multiple_Gunshots,2015-07-11,01:12:04,WashingtonDC1D,38.879,-77.013
5494,6D141671,Single_Gunshot,2015-07-11,01:16:11,WashingtonDC6D,38.879,-76.93
5495,3D51627,Multiple_Gunshots,2015-07-11,01:42:43,WashingtonDC3D,38.92,-77.026
5496,7D176474,Multiple_Gunshots,2015-07-11,01:56:07,WashingtonDC7D,38.83,-76.994
5497,3D51628,Multiple_Gunshots,2015-07-11,02:35:36,WashingtonDC3D,38.918,-77.033
5498,6D141685,Single_Gunshot,2015-07-11,03:14:23,WashingtonDC6D,38.89,-76.94
5499,1D70447,Single_Gunshot,2015-07-11,03:42:42,WashingtonDC1D,38.896,-76.973
5500,6D141686,Single_Gunshot,2015-07-11,04:28:14,WashingtonDC6D,38.876,-76.932
5501,7D176494,Gunshot_or_Firecracker,2015-07-11,04:30:23,WashingtonDC7D,38.829,-77.001
5502,7D176495,Single_Gunshot,2015-07-11,04:37:26,WashingtonDC7D,38.829,-77.001
5503,6D141691,Multiple_Gunshots,2015-07-11,12:44:10,WashingtonDC6D,38.894,-76.938
5504,4D47220,Gunshot_or_Firecracker,2015-07-11,14:37:08,WashingtonDC4D,38.931,-77.021
5505,6D141711,Multiple_Gunshots,2015-07-11,15:02:06,WashingtonDC6D,38.881,-76.962
5506,6D141712,Multiple_Gunshots,2015-07-11,15:02:59,WashingtonDC6D,38.881,-76.962
5507,7D176523,Multiple_Gunshots,2015-07-11,17:28:58,WashingtonDC7D,38.837,-76.995
5508,1D70458,Single_Gunshot,2015-07-11,17:33:13,WashingtonDC1D,38.904,-76.995
5509,1D70465,Single_Gunshot,2015-07-11,19:45:57,WashingtonDC1D,38.875,-77.013
5510,7D176559,Single_Gunshot,2015-07-11,20:03:12,WashingtonDC7D,38.839,-76.996
5511,7D176564,Single_Gunshot,2015-07-11,20:05:10,WashingtonDC7D,38.839,-76.996
5512,7D176569,Single_Gunshot,2015-07-11,20:13:35,WashingtonDC7D,38.836,-77.005
5513,7D176571,Single_Gunshot,2015-07-11,20:13:45,WashingtonDC7D,38.836,-77.005
5514,7D176573,Single_Gunshot,2015-07-11,20:13:48,WashingtonDC7D,38.837,-77.004
5515,7D176574,Single_Gunshot,2015-07-11,20:16:58,WashingtonDC7D,38.848,-77.002
5516,7D176575,Single_Gunshot,2015-07-11,20:18:26,WashingtonDC7D,38.836,-77.005
5517,6D141801,Multiple_Gunshots,2015-07-11,20:36:54,WashingtonDC6D,38.886,-76.932
5518,7D176581,Single_Gunshot,2015-07-11,20:38:40,WashingtonDC7D,38.844,-76.987
5519,7D176595,Multiple_Gunshots,2015-07-11,20:55:20,WashingtonDC7D,38.836,-76.998
5520,7D176600,Multiple_Gunshots,2015-07-11,20:55:37,WashingtonDC7D,38.836,-76.998
5521,7D176602,Single_Gunshot,2015-07-11,20:55:45,WashingtonDC7D,38.833,-77.007
5522,6D141847,Multiple_Gunshots,2015-07-11,21:00:51,WashingtonDC6D,38.865,-76.948
5523,7D176610,Multiple_Gunshots,2015-07-11,21:06:36,WashingtonDC7D,38.838,-76.992
5524,4D47225,Multiple_Gunshots,2015-07-11,21:07:01,WashingtonDC4D,38.941,-77.016
5525,3D51651,Gunshot_or_Firecracker,2015-07-11,21:10:25,WashingtonDC3D,38.941,-77.016
5526,4D47235,Gunshot_or_Firecracker,2015-07-11,21:12:23,WashingtonDC4D,38.941,-77.016
5527,4D47240,Gunshot_or_Firecracker,2015-07-11,21:12:35,WashingtonDC4D,38.941,-77.016
5528,6D141878,Multiple_Gunshots,2015-07-11,21:14:56,WashingtonDC6D,38.886,-76.924
5529,6D141891,Gunshot_or_Firecracker,2015-07-11,21:17:19,WashingtonDC6D,38.883,-76.938
5530,7D176663,Single_Gunshot,2015-07-11,21:31:11,WashingtonDC7D,38.844,-76.978
5531,7D176684,Gunshot_or_Firecracker,2015-07-11,21:50:51,WashingtonDC7D,38.857,-76.973
5532,6D142033,Single_Gunshot,2015-07-11,22:10:10,WashingtonDC6D,38.877,-76.921
5533,1D70537,Gunshot_or_Firecracker,2015-07-11,22:19:34,WashingtonDC1D,38.889,-76.991
5534,1D70559,Multiple_Gunshots,2015-07-11,22:37:06,WashingtonDC1D,38.876,-77.015
5535,1D70581,Single_Gunshot,2015-07-11,23:20:45,WashingtonDC1D,38.876,-77.012
5536,1D70598,Single_Gunshot,2015-07-11,23:37:16,WashingtonDC1D,38.876,-77.011
5537,6D142086,Single_Gunshot,2015-07-11,23:41:19,WashingtonDC6D,38.894,-76.935
5538,1D70602,Multiple_Gunshots,2015-07-12,00:00:49,WashingtonDC1D,38.872,-77.014
5539,1D70604,Single_Gunshot,2015-07-12,00:00:53,WashingtonDC1D,38.872,-77.013
5540,6D142095,Single_Gunshot,2015-07-12,00:09:17,WashingtonDC6D,38.881,-76.926
5541,6D142096,Single_Gunshot,2015-07-12,00:18:13,WashingtonDC6D,38.906,-76.935
5542,6D142098,Single_Gunshot,2015-07-12,00:40:50,WashingtonDC6D,38.857,-76.995
5543,7D176892,Multiple_Gunshots,2015-07-12,00:41:44,WashingtonDC7D,38.844,-76.974
5544,7D176900,Multiple_Gunshots,2015-07-12,00:43:52,WashingtonDC7D,38.828,-76.998
5545,7D176901,Multiple_Gunshots,2015-07-12,00:43:53,WashingtonDC7D,38.828,-76.998
5546,7D176902,Single_Gunshot,2015-07-12,00:43:58,WashingtonDC7D,38.828,-76.998
5547,7D176904,Multiple_Gunshots,2015-07-12,00:44:02,WashingtonDC7D,38.828,-76.998
5548,7D176910,Multiple_Gunshots,2015-07-12,00:45:59,WashingtonDC7D,38.844,-76.973
5549,7D176943,Multiple_Gunshots,2015-07-12,01:08:10,WashingtonDC7D,38.844,-76.972
5550,6D142110,Single_Gunshot,2015-07-12,01:43:50,WashingtonDC6D,38.887,-76.929
5551,6D142112,Single_Gunshot,2015-07-12,01:50:13,WashingtonDC6D,38.886,-76.926
5552,6D142113,Single_Gunshot,2015-07-12,01:51:42,WashingtonDC6D,38.886,-76.926
5553,7D176949,Multiple_Gunshots,2015-07-12,02:17:38,WashingtonDC7D,38.848,-76.974
5554,6D142132,Single_Gunshot,2015-07-12,02:51:58,WashingtonDC6D,38.881,-76.932
5555,5D54363,Gunshot_or_Firecracker,2015-07-12,03:06:16,WashingtonDC5D,38.899,-76.985
5556,1D70623,Single_Gunshot,2015-07-12,03:06:30,WashingtonDC1D,38.899,-76.985
5557,5D54369,Multiple_Gunshots,2015-07-12,03:14:46,WashingtonDC5D,38.917,-76.971
5558,5D54370,Single_Gunshot,2015-07-12,04:21:54,WashingtonDC5D,38.92,-76.986
5559,6D142134,Multiple_Gunshots,2015-07-12,04:38:04,WashingtonDC6D,38.889,-76.961
5560,1D70629,Multiple_Gunshots,2015-07-12,04:38:05,WashingtonDC1D,38.889,-76.962
5561,1D70654,Gunshot_or_Firecracker,2015-07-12,16:48:53,WashingtonDC1D,38.895,-76.961
5562,7D177019,Multiple_Gunshots,2015-07-12,19:51:54,WashingtonDC7D,38.863,-76.988
5563,6D142219,Multiple_Gunshots,2015-07-12,20:18:12,WashingtonDC6D,38.888,-76.955
5564,6D142220,Multiple_Gunshots,2015-07-12,20:18:51,WashingtonDC6D,38.888,-76.955
5565,7D177178,Multiple_Gunshots,2015-07-12,23:47:13,WashingtonDC7D,38.842,-76.988
5566,5D54395,Multiple_Gunshots,2015-07-13,00:04:20,WashingtonDC5D,38.904,-76.975
5567,6D142443,Multiple_Gunshots,2015-07-13,00:13:16,WashingtonDC6D,38.881,-76.928
5568,7D177182,Multiple_Gunshots,2015-07-13,12:53:44,WashingtonDC7D,38.842,-76.987
5569,7D177183,Multiple_Gunshots,2015-07-13,12:53:55,WashingtonDC7D,38.842,-76.988
5570,1D70707,Single_Gunshot,2015-07-13,18:16:23,WashingtonDC1D,38.893,-76.981
5571,7D177248,Gunshot_or_Firecracker,2015-07-13,19:16:27,WashingtonDC7D,38.827,-76.999
5572,6D142501,Multiple_Gunshots,2015-07-13,19:53:26,WashingtonDC6D,38.877,-76.913
5573,7D177323,Multiple_Gunshots,2015-07-13,21:10:26,WashingtonDC7D,38.827,-77.001
5574,7D177329,Multiple_Gunshots,2015-07-13,21:31:33,WashingtonDC7D,38.846,-76.977
5575,7D177333,Multiple_Gunshots,2015-07-13,22:02:42,WashingtonDC7D,38.832,-76.998
5576,1D70718,Single_Gunshot,2015-07-13,22:03:08,WashingtonDC1D,38.895,-76.983
5577,6D142538,Single_Gunshot,2015-07-13,22:04:29,WashingtonDC6D,38.882,-76.926
5578,7D177345,Single_Gunshot,2015-07-13,22:11:31,WashingtonDC7D,38.837,-77.004
5579,7D177348,Single_Gunshot,2015-07-13,22:21:28,WashingtonDC7D,38.858,-76.991
5580,7D177351,Multiple_Gunshots,2015-07-13,22:43:18,WashingtonDC7D,38.854,-76.986
5581,7D177368,Multiple_Gunshots,2015-07-13,23:24:41,WashingtonDC7D,38.827,-77.003
5582,7D177369,Multiple_Gunshots,2015-07-13,23:24:48,WashingtonDC7D,38.827,-77.003
5583,7D177370,Multiple_Gunshots,2015-07-13,23:25:58,WashingtonDC7D,38.827,-77.003
5584,7D177371,Single_Gunshot,2015-07-13,23:26:05,WashingtonDC7D,38.821,-77.006
5585,6D142549,Multiple_Gunshots,2015-07-14,00:15:11,WashingtonDC6D,38.89,-76.956
5586,6D142550,Single_Gunshot,2015-07-14,01:05:32,WashingtonDC6D,38.89,-76.95
5587,7D177377,Multiple_Gunshots,2015-07-14,01:58:33,WashingtonDC7D,38.859,-76.993
5588,6D142551,Single_Gunshot,2015-07-14,02:29:51,WashingtonDC6D,38.891,-76.953
5589,6D142556,Multiple_Gunshots,2015-07-14,06:35:49,WashingtonDC6D,38.877,-76.953
5590,1D70728,Multiple_Gunshots,2015-07-14,11:47:51,WashingtonDC1D,38.876,-77.012
5591,6D142560,Single_Gunshot,2015-07-14,13:43:47,WashingtonDC6D,38.884,-76.928
5592,7D177421,Single_Gunshot,2015-07-14,21:20:00,WashingtonDC7D,38.86,-76.997
5593,7D177428,Multiple_Gunshots,2015-07-14,21:47:59,WashingtonDC7D,38.838,-76.991
5594,5D54450,Single_Gunshot,2015-07-14,21:52:42,WashingtonDC5D,38.904,-77.011
5595,6D142617,Multiple_Gunshots,2015-07-14,22:20:32,WashingtonDC6D,38.887,-76.922
5596,7D177449,Single_Gunshot,2015-07-15,00:18:14,WashingtonDC7D,38.84,-76.987
5597,6D142626,Single_Gunshot,2015-07-15,00:24:11,WashingtonDC6D,38.894,-76.936
5598,1D70778,Single_Gunshot,2015-07-15,00:52:41,WashingtonDC1D,38.894,-76.982
5599,6D142635,Multiple_Gunshots,2015-07-15,05:07:09,WashingtonDC6D,38.886,-76.955
5600,7D177462,Multiple_Gunshots,2015-07-15,18:54:01,WashingtonDC7D,38.827,-76.999
5601,6D142677,Multiple_Gunshots,2015-07-15,20:14:20,WashingtonDC6D,38.889,-76.919
5602,6D142724,Gunshot_or_Firecracker,2015-07-15,22:07:28,WashingtonDC6D,38.894,-76.93
5603,6D142726,Gunshot_or_Firecracker,2015-07-15,22:13:26,WashingtonDC6D,38.861,-76.981
5604,4D47387,Single_Gunshot,2015-07-15,22:16:40,WashingtonDC4D,38.945,-77.022
5605,4D47388,Single_Gunshot,2015-07-15,22:30:43,WashingtonDC4D,38.944,-77.02
5606,1D70869,Multiple_Gunshots,2015-07-15,22:57:43,WashingtonDC1D,38.904,-76.982
5607,5D54468,Single_Gunshot,2015-07-15,23:04:54,WashingtonDC5D,38.913,-76.985
5608,6D142732,Multiple_Gunshots,2015-07-15,23:12:41,WashingtonDC6D,38.893,-76.924
5609,6D142733,Multiple_Gunshots,2015-07-15,23:12:47,WashingtonDC6D,38.886,-76.922
5610,6D142734,Multiple_Gunshots,2015-07-15,23:12:48,WashingtonDC6D,38.884,-76.926
5611,6D142736,Multiple_Gunshots,2015-07-15,23:15:05,WashingtonDC6D,38.891,-76.928
5612,6D142737,Single_Gunshot,2015-07-15,23:15:06,WashingtonDC6D,38.891,-76.928
5613,6D142738,Single_Gunshot,2015-07-15,23:15:07,WashingtonDC6D,38.89,-76.928
5614,6D142739,Multiple_Gunshots,2015-07-15,23:15:10,WashingtonDC6D,38.89,-76.928
5615,6D142740,Multiple_Gunshots,2015-07-15,23:15:23,WashingtonDC6D,38.89,-76.931
5616,6D142741,Gunshot_or_Firecracker,2015-07-15,23:15:39,WashingtonDC6D,38.901,-76.908
5617,6D142744,Gunshot_or_Firecracker,2015-07-15,23:17:30,WashingtonDC6D,38.901,-76.908
5618,6D142752,Single_Gunshot,2015-07-15,23:39:49,WashingtonDC6D,38.894,-76.937
5619,7D177506,Single_Gunshot,2015-07-16,00:29:46,WashingtonDC7D,38.84,-76.989
5620,7D177507,Multiple_Gunshots,2015-07-16,01:11:31,WashingtonDC7D,38.84,-76.991
5621,6D142754,Single_Gunshot,2015-07-16,01:29:21,WashingtonDC6D,38.881,-76.938
5622,7D177509,Multiple_Gunshots,2015-07-16,02:14:40,WashingtonDC7D,38.841,-76.989
5623,6D142756,Single_Gunshot,2015-07-16,02:29:57,WashingtonDC6D,38.887,-76.928
5624,7D177533,Single_Gunshot,2015-07-16,20:22:06,WashingtonDC7D,38.849,-76.979
5625,7D177539,Single_Gunshot,2015-07-16,20:34:52,WashingtonDC7D,38.848,-76.98
5626,1D70902,Multiple_Gunshots,2015-07-16,20:48:56,WashingtonDC1D,38.879,-77.015
5627,1D70903,Multiple_Gunshots,2015-07-16,20:48:57,WashingtonDC1D,38.879,-77.016
5628,7D177570,Single_Gunshot,2015-07-16,21:33:03,WashingtonDC7D,38.85,-76.98
5629,7D177573,Single_Gunshot,2015-07-16,21:33:06,WashingtonDC7D,38.853,-76.98
5630,5D54480,Multiple_Gunshots,2015-07-16,21:33:22,WashingtonDC5D,38.904,-76.985
5631,6D142824,Multiple_Gunshots,2015-07-16,22:07:19,WashingtonDC6D,38.894,-76.931
5632,4D47441,Single_Gunshot,2015-07-16,23:05:17,WashingtonDC4D,38.942,-77.024
5633,4D47445,Single_Gunshot,2015-07-16,23:42:45,WashingtonDC4D,38.943,-77.033
5634,6D142830,Multiple_Gunshots,2015-07-16,23:43:59,WashingtonDC6D,38.883,-76.922
5635,6D142831,Multiple_Gunshots,2015-07-17,01:27:16,WashingtonDC6D,38.88,-76.943
5636,4D47446,Single_Gunshot,2015-07-17,01:29:58,WashingtonDC4D,38.944,-77.026
5637,5D54502,Single_Gunshot,2015-07-17,01:30:06,WashingtonDC5D,38.924,-76.998
5638,3D51788,Single_Gunshot,2015-07-17,01:43:47,WashingtonDC3D,38.931,-77.018
5639,4D47447,Single_Gunshot,2015-07-17,01:43:48,WashingtonDC4D,38.931,-77.018
5640,6D142833,Multiple_Gunshots,2015-07-17,03:39:58,WashingtonDC6D,38.875,-76.939
5641,6D142835,Multiple_Gunshots,2015-07-17,05:09:40,WashingtonDC6D,38.896,-76.92
5642,6D142836,Single_Gunshot,2015-07-17,05:09:48,WashingtonDC6D,38.896,-76.92
5643,6D142837,Single_Gunshot,2015-07-17,06:07:22,WashingtonDC6D,38.887,-76.928
5644,6D142844,Single_Gunshot,2015-07-17,11:37:11,WashingtonDC6D,38.88,-76.943
5645,6D142845,Single_Gunshot,2015-07-17,11:37:28,WashingtonDC6D,38.88,-76.943
5646,6D142854,Multiple_Gunshots,2015-07-17,14:36:29,WashingtonDC6D,38.899,-76.938
5647,6D142865,Multiple_Gunshots,2015-07-17,18:19:34,WashingtonDC6D,38.886,-76.955
5648,6D142869,Multiple_Gunshots,2015-07-17,18:43:43,WashingtonDC6D,38.861,-76.998
5649,7D177629,Multiple_Gunshots,2015-07-17,19:57:55,WashingtonDC7D,38.854,-76.985
5650,7D177632,Multiple_Gunshots,2015-07-17,20:19:54,WashingtonDC7D,38.83,-77.004
5651,4D47461,Gunshot_or_Firecracker,2015-07-17,20:43:30,WashingtonDC4D,38.943,-77.024
5652,7D177652,Gunshot_or_Firecracker,2015-07-17,21:13:14,WashingtonDC7D,38.838,-77.003
5653,7D177690,Multiple_Gunshots,2015-07-17,23:30:15,WashingtonDC7D,38.848,-76.968
5654,6D142967,Multiple_Gunshots,2015-07-17,23:58:10,WashingtonDC6D,38.87,-76.979
5655,6D142968,Multiple_Gunshots,2015-07-17,23:58:22,WashingtonDC6D,38.87,-76.978
5656,6D142972,Single_Gunshot,2015-07-18,00:20:03,WashingtonDC6D,38.887,-76.932
5657,6D142973,Single_Gunshot,2015-07-18,00:20:15,WashingtonDC6D,38.887,-76.932
5658,6D142975,Single_Gunshot,2015-07-18,00:26:58,WashingtonDC6D,38.894,-76.936
5659,4D47467,Multiple_Gunshots,2015-07-18,00:30:46,WashingtonDC4D,38.931,-77.021
5660,4D47469,Gunshot_or_Firecracker,2015-07-18,00:36:04,WashingtonDC4D,38.93,-77.028
5661,3D51820,Single_Gunshot,2015-07-18,00:36:39,WashingtonDC3D,38.93,-77.028
5662,6D142976,Multiple_Gunshots,2015-07-18,00:38:24,WashingtonDC6D,38.891,-76.939
5663,7D177699,Single_Gunshot,2015-07-18,00:55:28,WashingtonDC7D,38.841,-76.988
5664,3D51826,Multiple_Gunshots,2015-07-18,01:43:47,WashingtonDC3D,38.913,-77.03
5665,1D70983,Single_Gunshot,2015-07-18,01:57:16,WashingtonDC1D,38.895,-76.983
5666,5D54545,Single_Gunshot,2015-07-18,01:57:18,WashingtonDC5D,38.895,-76.983
5667,4D47477,Single_Gunshot,2015-07-18,02:03:03,WashingtonDC4D,38.956,-77.028
5668,4D47478,Single_Gunshot,2015-07-18,02:04:04,WashingtonDC4D,38.956,-77.027
5669,1D70986,Single_Gunshot,2015-07-18,02:48:28,WashingtonDC1D,38.898,-76.975
5670,5D54549,Multiple_Gunshots,2015-07-18,03:06:35,WashingtonDC5D,38.926,-76.977
5671,5D54550,Multiple_Gunshots,2015-07-18,03:06:42,WashingtonDC5D,38.93,-76.973
5672,7D177702,Multiple_Gunshots,2015-07-18,03:23:43,WashingtonDC7D,38.845,-76.972
5673,1D70993,Multiple_Gunshots,2015-07-18,03:26:46,WashingtonDC1D,38.873,-77.017
5674,3D51828,Multiple_Gunshots,2015-07-18,03:28:23,WashingtonDC3D,38.927,-77.024
5675,6D142980,Single_Gunshot,2015-07-18,03:29:01,WashingtonDC6D,38.885,-76.925
5676,6D142981,Multiple_Gunshots,2015-07-18,03:49:06,WashingtonDC6D,38.864,-76.981
5677,6D142982,Multiple_Gunshots,2015-07-18,03:50:16,WashingtonDC6D,38.891,-76.94
5678,1D70995,Multiple_Gunshots,2015-07-18,05:05:26,WashingtonDC1D,38.861,-77.0
5679,6D142984,Single_Gunshot,2015-07-18,05:55:31,WashingtonDC6D,38.881,-76.927
5680,7D177709,Multiple_Gunshots,2015-07-18,09:28:53,WashingtonDC7D,38.86,-76.998
5681,7D177719,Multiple_Gunshots,2015-07-18,16:15:31,WashingtonDC7D,38.83,-77.002
5682,7D177733,Multiple_Gunshots,2015-07-18,21:07:03,WashingtonDC7D,38.822,-77.006
5683,7D177779,Multiple_Gunshots,2015-07-18,22:12:34,WashingtonDC7D,38.861,-76.998
5684,7D177785,Single_Gunshot,2015-07-18,22:18:35,WashingtonDC7D,38.844,-76.987
5685,7D177786,Single_Gunshot,2015-07-18,22:21:24,WashingtonDC7D,38.844,-76.987
5686,7D177817,Single_Gunshot,2015-07-18,22:55:40,WashingtonDC7D,38.83,-76.994
5687,6D143066,Single_Gunshot,2015-07-18,23:03:53,WashingtonDC6D,38.884,-76.934
5688,7D177824,Multiple_Gunshots,2015-07-18,23:27:25,WashingtonDC7D,38.845,-76.984
5689,7D177827,Multiple_Gunshots,2015-07-18,23:27:40,WashingtonDC7D,38.844,-76.984
5690,1D71035,Multiple_Gunshots,2015-07-18,23:48:15,WashingtonDC1D,38.876,-77.012
5691,7D177831,Multiple_Gunshots,2015-07-18,23:50:11,WashingtonDC7D,38.819,-77.009
5692,1D71052,Multiple_Gunshots,2015-07-18,23:57:03,WashingtonDC1D,38.876,-77.012
5693,3D51843,Multiple_Gunshots,2015-07-19,00:21:17,WashingtonDC3D,38.932,-77.021
5694,4D47493,Multiple_Gunshots,2015-07-19,00:21:20,WashingtonDC4D,38.934,-77.021
5695,5D54601,Single_Gunshot,2015-07-19,01:01:25,WashingtonDC5D,38.909,-76.984
5696,7D177835,Multiple_Gunshots,2015-07-19,01:03:24,WashingtonDC7D,38.845,-76.972
5697,7D177836,Multiple_Gunshots,2015-07-19,01:04:01,WashingtonDC7D,38.845,-76.972
5698,7D177837,Multiple_Gunshots,2015-07-19,01:04:14,WashingtonDC7D,38.845,-76.972
5699,1D71081,Multiple_Gunshots,2015-07-19,01:25:41,WashingtonDC1D,38.876,-77.012
5700,6D143081,Single_Gunshot,2015-07-19,02:34:28,WashingtonDC6D,38.884,-76.925
5701,1D71091,Single_Gunshot,2015-07-19,02:58:47,WashingtonDC1D,38.897,-76.994
5702,1D71092,Multiple_Gunshots,2015-07-19,02:58:48,WashingtonDC1D,38.897,-76.994
5703,5D54604,Multiple_Gunshots,2015-07-19,02:58:49,WashingtonDC5D,38.897,-76.994
5704,7D177847,Multiple_Gunshots,2015-07-19,03:33:22,WashingtonDC7D,38.863,-76.989
5705,5D54608,Multiple_Gunshots,2015-07-19,03:49:22,WashingtonDC5D,38.921,-76.984
5706,6D143082,Multiple_Gunshots,2015-07-19,04:10:59,WashingtonDC6D,38.869,-76.964
5707,3D51844,Multiple_Gunshots,2015-07-19,06:03:25,WashingtonDC3D,38.922,-77.027
5708,3D51845,Multiple_Gunshots,2015-07-19,06:03:27,WashingtonDC3D,38.922,-77.027
5709,3D51846,Multiple_Gunshots,2015-07-19,06:03:32,WashingtonDC3D,38.921,-77.027
5710,7D177850,Multiple_Gunshots,2015-07-19,10:36:02,WashingtonDC7D,38.82,-77.011
5711,7D177851,Multiple_Gunshots,2015-07-19,10:36:17,WashingtonDC7D,38.82,-77.011
5712,6D143114,Multiple_Gunshots,2015-07-19,12:07:40,WashingtonDC6D,38.878,-76.964
5713,6D143118,Multiple_Gunshots,2015-07-19,14:15:53,WashingtonDC6D,38.908,-76.937
5714,7D177867,Multiple_Gunshots,2015-07-19,19:27:50,WashingtonDC7D,38.826,-77.015
5715,7D177869,Multiple_Gunshots,2015-07-19,19:28:13,WashingtonDC7D,38.826,-77.015
5716,7D177871,Multiple_Gunshots,2015-07-19,19:28:29,WashingtonDC7D,38.826,-77.015
5717,6D143231,Single_Gunshot,2015-07-20,03:25:03,WashingtonDC6D,38.885,-76.958
5718,7D177921,Multiple_Gunshots,2015-07-20,15:32:48,WashingtonDC7D,38.866,-76.99
5719,6D143312,Multiple_Gunshots,2015-07-20,21:38:17,WashingtonDC6D,38.856,-76.973
5720,7D177962,Multiple_Gunshots,2015-07-20,21:41:52,WashingtonDC7D,38.821,-76.994
5721,6D143320,Single_Gunshot,2015-07-20,22:37:04,WashingtonDC6D,38.881,-76.935
5722,7D177966,Multiple_Gunshots,2015-07-20,23:55:50,WashingtonDC7D,38.846,-76.973
5723,7D177967,Multiple_Gunshots,2015-07-21,00:10:12,WashingtonDC7D,38.826,-76.999
5724,7D177971,Single_Gunshot,2015-07-21,06:15:55,WashingtonDC7D,38.852,-76.981
5725,3D51871,Single_Gunshot,2015-07-21,12:59:09,WashingtonDC3D,38.934,-77.02
5726,4D47502,Single_Gunshot,2015-07-21,12:59:11,WashingtonDC4D,38.934,-77.02
5727,6D143345,Multiple_Gunshots,2015-07-21,21:19:03,WashingtonDC6D,38.875,-76.964
5728,6D143348,Multiple_Gunshots,2015-07-21,21:19:40,WashingtonDC6D,38.875,-76.964
5729,6D143349,Multiple_Gunshots,2015-07-21,21:19:48,WashingtonDC6D,38.875,-76.964
5730,6D143351,Multiple_Gunshots,2015-07-21,21:20:06,WashingtonDC6D,38.875,-76.964
5731,4D47505,Gunshot_or_Firecracker,2015-07-21,21:35:58,WashingtonDC4D,38.959,-77.027
5732,6D143358,Single_Gunshot,2015-07-21,22:07:28,WashingtonDC6D,38.885,-76.956
5733,7D178023,Multiple_Gunshots,2015-07-21,22:58:21,WashingtonDC7D,38.846,-76.998
5734,7D178024,Multiple_Gunshots,2015-07-21,22:58:27,WashingtonDC7D,38.845,-76.999
5735,5D54629,Multiple_Gunshots,2015-07-21,23:37:18,WashingtonDC5D,38.928,-76.979
5736,7D178027,Multiple_Gunshots,2015-07-22,00:06:57,WashingtonDC7D,38.827,-76.998
5737,3D51882,Gunshot_or_Firecracker,2015-07-22,00:15:11,WashingtonDC3D,38.913,-77.023
5738,3D51883,Multiple_Gunshots,2015-07-22,00:15:14,WashingtonDC3D,38.913,-77.024
5739,7D178028,Multiple_Gunshots,2015-07-22,00:15:34,WashingtonDC7D,38.832,-76.998
5740,4D47512,Single_Gunshot,2015-07-22,00:26:46,WashingtonDC4D,38.955,-77.027
5741,7D178029,Single_Gunshot,2015-07-22,00:28:51,WashingtonDC7D,38.847,-77.004
5742,7D178030,Multiple_Gunshots,2015-07-22,00:28:57,WashingtonDC7D,38.847,-77.005
5743,4D47513,Single_Gunshot,2015-07-22,01:13:55,WashingtonDC4D,38.965,-77.031
5744,5D54630,Single_Gunshot,2015-07-22,01:14:37,WashingtonDC5D,38.904,-76.983
5745,1D71171,Single_Gunshot,2015-07-22,01:14:38,WashingtonDC1D,38.903,-76.983
5746,7D178031,Multiple_Gunshots,2015-07-22,01:29:58,WashingtonDC7D,38.845,-76.999
5747,7D178032,Multiple_Gunshots,2015-07-22,01:40:27,WashingtonDC7D,38.841,-76.997
5748,5D54632,Single_Gunshot,2015-07-22,02:10:29,WashingtonDC5D,38.921,-76.977
5749,7D178069,Multiple_Gunshots,2015-07-22,19:49:33,WashingtonDC7D,38.843,-76.998
5750,7D178070,Multiple_Gunshots,2015-07-22,19:49:37,WashingtonDC7D,38.838,-76.995
5751,7D178071,Multiple_Gunshots,2015-07-22,19:49:38,WashingtonDC7D,38.842,-76.997
5752,7D178073,Single_Gunshot,2015-07-22,19:53:36,WashingtonDC7D,38.85,-76.974
5753,6D143387,Multiple_Gunshots,2015-07-22,21:33:48,WashingtonDC6D,38.905,-76.946
5754,7D178091,Multiple_Gunshots,2015-07-22,21:37:27,WashingtonDC7D,38.839,-76.997
5755,7D178092,Multiple_Gunshots,2015-07-22,21:38:33,WashingtonDC7D,38.846,-76.998
5756,7D178109,Multiple_Gunshots,2015-07-22,22:03:36,WashingtonDC7D,38.848,-76.971
5757,7D178120,Single_Gunshot,2015-07-22,22:49:37,WashingtonDC7D,38.845,-76.984
5758,7D178121,Multiple_Gunshots,2015-07-22,23:14:08,WashingtonDC7D,38.846,-76.998
5759,6D143441,Single_Gunshot,2015-07-22,23:38:34,WashingtonDC6D,38.876,-76.933
5760,6D143442,Single_Gunshot,2015-07-22,23:48:38,WashingtonDC6D,38.887,-76.953
5761,3D51895,Multiple_Gunshots,2015-07-22,23:51:40,WashingtonDC3D,38.932,-77.019
5762,4D47523,Single_Gunshot,2015-07-22,23:51:41,WashingtonDC4D,38.931,-77.019
5763,3D51896,Single_Gunshot,2015-07-23,00:07:31,WashingtonDC3D,38.943,-77.032
5764,6D143450,Multiple_Gunshots,2015-07-23,00:49:18,WashingtonDC6D,38.866,-76.976
5765,7D178122,Multiple_Gunshots,2015-07-23,00:49:19,WashingtonDC7D,38.866,-76.976
5766,7D178123,Single_Gunshot,2015-07-23,02:24:44,WashingtonDC7D,38.826,-76.987
5767,6D143455,Multiple_Gunshots,2015-07-23,02:45:07,WashingtonDC6D,38.864,-76.979
5768,7D178124,Multiple_Gunshots,2015-07-23,02:46:49,WashingtonDC7D,38.827,-76.998
5769,7D178125,Multiple_Gunshots,2015-07-23,03:01:55,WashingtonDC7D,38.854,-76.986
5770,6D143456,Multiple_Gunshots,2015-07-23,03:59:49,WashingtonDC6D,38.91,-76.925
5771,7D178140,Multiple_Gunshots,2015-07-23,16:41:10,WashingtonDC7D,38.831,-77.007
5772,7D178141,Multiple_Gunshots,2015-07-23,16:55:19,WashingtonDC7D,38.828,-77.017
5773,1D71297,Single_Gunshot,2015-07-23,20:00:05,WashingtonDC1D,38.901,-76.977
5774,7D178158,Multiple_Gunshots,2015-07-23,21:22:08,WashingtonDC7D,38.838,-76.994
5775,3D51910,Gunshot_or_Firecracker,2015-07-23,21:47:23,WashingtonDC3D,38.935,-77.021
5776,7D178165,Multiple_Gunshots,2015-07-23,22:52:23,WashingtonDC7D,38.85,-76.975
5777,6D143507,Multiple_Gunshots,2015-07-23,23:12:07,WashingtonDC6D,38.913,-76.936
5778,7D178166,Single_Gunshot,2015-07-23,23:17:09,WashingtonDC7D,38.843,-76.986
5779,1D71316,Multiple_Gunshots,2015-07-23,23:25:45,WashingtonDC1D,38.901,-76.976
5780,1D71323,Single_Gunshot,2015-07-23,23:34:11,WashingtonDC1D,38.896,-76.983
5781,5D54655,Gunshot_or_Firecracker,2015-07-23,23:34:13,WashingtonDC5D,38.896,-76.983
5782,7D178171,Single_Gunshot,2015-07-24,00:18:12,WashingtonDC7D,38.834,-76.987
5783,1D71324,Multiple_Gunshots,2015-07-24,01:12:21,WashingtonDC1D,38.899,-76.974
5784,7D178172,Multiple_Gunshots,2015-07-24,01:30:14,WashingtonDC7D,38.828,-77.002
5785,7D178173,Multiple_Gunshots,2015-07-24,01:30:20,WashingtonDC7D,38.829,-77.002
5786,6D143526,Multiple_Gunshots,2015-07-24,14:17:58,WashingtonDC6D,38.898,-76.916
5787,6D143561,Single_Gunshot,2015-07-24,21:53:15,WashingtonDC6D,38.899,-76.938
5788,7D178245,Multiple_Gunshots,2015-07-24,22:25:45,WashingtonDC7D,38.827,-77.001
5789,4D47535,Multiple_Gunshots,2015-07-24,23:59:41,WashingtonDC4D,38.955,-77.029
5790,6D143579,Multiple_Gunshots,2015-07-25,00:31:45,WashingtonDC6D,38.892,-76.952
5791,6D143580,Single_Gunshot,2015-07-25,00:33:52,WashingtonDC6D,38.869,-76.936
5792,6D143581,Single_Gunshot,2015-07-25,01:34:47,WashingtonDC6D,38.894,-76.937
5793,6D143582,Single_Gunshot,2015-07-25,01:35:25,WashingtonDC6D,38.894,-76.937
5794,6D143583,Single_Gunshot,2015-07-25,01:36:01,WashingtonDC6D,38.894,-76.937
5795,6D143584,Multiple_Gunshots,2015-07-25,01:36:33,WashingtonDC6D,38.894,-76.937
5796,6D143585,Single_Gunshot,2015-07-25,01:37:48,WashingtonDC6D,38.894,-76.937
5797,6D143587,Single_Gunshot,2015-07-25,01:46:34,WashingtonDC6D,38.894,-76.937
5798,7D178265,Single_Gunshot,2015-07-25,02:35:17,WashingtonDC7D,38.839,-76.999
5799,5D54673,Single_Gunshot,2015-07-25,02:50:53,WashingtonDC5D,38.925,-77.004
5800,5D54674,Multiple_Gunshots,2015-07-25,02:51:34,WashingtonDC5D,38.925,-77.004
5801,5D54675,Multiple_Gunshots,2015-07-25,03:10:49,WashingtonDC5D,38.904,-76.986
5802,7D178266,Single_Gunshot,2015-07-25,04:18:38,WashingtonDC7D,38.827,-76.998
5803,1D71403,Multiple_Gunshots,2015-07-25,04:28:12,WashingtonDC1D,38.9,-76.981
5804,3D51933,Multiple_Gunshots,2015-07-25,04:54:50,WashingtonDC3D,38.908,-77.022
5805,7D178267,Multiple_Gunshots,2015-07-25,06:10:59,WashingtonDC7D,38.832,-76.99
5806,7D178268,Multiple_Gunshots,2015-07-25,06:11:13,WashingtonDC7D,38.833,-76.989
5807,7D178275,Multiple_Gunshots,2015-07-25,16:16:06,WashingtonDC7D,38.849,-76.983
5808,4D47541,Single_Gunshot,2015-07-25,22:04:29,WashingtonDC4D,38.952,-77.026
5809,6D143731,Multiple_Gunshots,2015-07-25,22:15:18,WashingtonDC6D,38.876,-76.932
5810,7D178325,Multiple_Gunshots,2015-07-25,22:18:39,WashingtonDC7D,38.85,-76.983
5811,7D178326,Multiple_Gunshots,2015-07-25,22:18:43,WashingtonDC7D,38.85,-76.983
5812,7D178327,Multiple_Gunshots,2015-07-25,22:18:45,WashingtonDC7D,38.85,-76.983
5813,7D178328,Multiple_Gunshots,2015-07-25,22:18:52,WashingtonDC7D,38.826,-76.999
5814,7D178329,Single_Gunshot,2015-07-25,22:37:19,WashingtonDC7D,38.834,-76.995
5815,7D178334,Single_Gunshot,2015-07-25,22:53:28,WashingtonDC7D,38.82,-76.997
5816,6D143762,Single_Gunshot,2015-07-25,23:49:31,WashingtonDC6D,38.893,-76.926
5817,7D178343,Multiple_Gunshots,2015-07-26,00:04:48,WashingtonDC7D,38.824,-77.002
5818,7D178344,Multiple_Gunshots,2015-07-26,00:04:54,WashingtonDC7D,38.824,-77.002
5819,3D51941,Single_Gunshot,2015-07-26,00:18:18,WashingtonDC3D,38.919,-77.018
5820,7D178345,Multiple_Gunshots,2015-07-26,00:40:08,WashingtonDC7D,38.861,-76.984
5821,4D47545,Multiple_Gunshots,2015-07-26,01:02:35,WashingtonDC4D,38.946,-77.033
5822,4D47546,Multiple_Gunshots,2015-07-26,01:02:43,WashingtonDC4D,38.945,-77.034
5823,5D54678,Single_Gunshot,2015-07-26,01:18:06,WashingtonDC5D,38.928,-76.983
5824,5D54679,Multiple_Gunshots,2015-07-26,02:08:31,WashingtonDC5D,38.904,-77.012
5825,3D51943,Multiple_Gunshots,2015-07-26,02:08:32,WashingtonDC3D,38.904,-77.01
5826,3D51944,Multiple_Gunshots,2015-07-26,02:24:36,WashingtonDC3D,38.922,-77.027
5827,3D51945,Single_Gunshot,2015-07-26,02:24:43,WashingtonDC3D,38.922,-77.027
5828,3D51947,Multiple_Gunshots,2015-07-26,02:24:47,WashingtonDC3D,38.923,-77.027
5829,3D51946,Single_Gunshot,2015-07-26,02:24:47,WashingtonDC3D,38.922,-77.027
5830,3D51948,Multiple_Gunshots,2015-07-26,02:24:50,WashingtonDC3D,38.923,-77.027
5831,6D143785,Single_Gunshot,2015-07-26,02:42:24,WashingtonDC6D,38.894,-76.929
5832,6D143786,Single_Gunshot,2015-07-26,02:42:27,WashingtonDC6D,38.894,-76.929
5833,6D143788,Multiple_Gunshots,2015-07-26,02:42:34,WashingtonDC6D,38.894,-76.929
5834,7D178347,Single_Gunshot,2015-07-26,03:41:07,WashingtonDC7D,38.84,-76.988
5835,7D178351,Multiple_Gunshots,2015-07-26,03:58:11,WashingtonDC7D,38.854,-76.993
5836,6D143810,Multiple_Gunshots,2015-07-26,03:58:12,WashingtonDC6D,38.855,-76.992
5837,1D71419,Multiple_Gunshots,2015-07-26,03:58:15,WashingtonDC1D,38.861,-77.003
5838,7D178352,Single_Gunshot,2015-07-26,03:58:51,WashingtonDC7D,38.827,-76.999
5839,4D47548,Single_Gunshot,2015-07-26,04:35:20,WashingtonDC4D,38.949,-77.014
5840,6D143818,Single_Gunshot,2015-07-26,04:53:12,WashingtonDC6D,38.875,-76.948
5841,6D143949,Gunshot_or_Firecracker,2015-07-26,19:35:09,WashingtonDC6D,38.885,-76.971
5842,7D178361,Multiple_Gunshots,2015-07-26,20:25:54,WashingtonDC7D,38.832,-77.006
5843,6D143973,Multiple_Gunshots,2015-07-26,21:04:44,WashingtonDC6D,38.879,-76.936
5844,1D71438,Multiple_Gunshots,2015-07-26,21:44:38,WashingtonDC1D,38.874,-77.011
5845,6D144041,Multiple_Gunshots,2015-07-26,22:04:00,WashingtonDC6D,38.895,-76.928
5846,1D71450,Single_Gunshot,2015-07-26,23:46:04,WashingtonDC1D,38.877,-77.003
5847,6D144053,Single_Gunshot,2015-07-27,00:24:05,WashingtonDC6D,38.898,-76.922
5848,1D71451,Single_Gunshot,2015-07-27,00:29:21,WashingtonDC1D,38.873,-77.012
5849,6D144054,Multiple_Gunshots,2015-07-27,01:02:13,WashingtonDC6D,38.902,-76.946
5850,5D54686,Single_Gunshot,2015-07-27,02:32:23,WashingtonDC5D,38.914,-76.989
5851,6D144067,Multiple_Gunshots,2015-07-27,15:35:47,WashingtonDC6D,38.897,-76.918
5852,7D178396,Single_Gunshot,2015-07-27,19:11:35,WashingtonDC7D,38.833,-77.003
5853,7D178398,Single_Gunshot,2015-07-27,19:38:10,WashingtonDC7D,38.835,-77.005
5854,7D178399,Single_Gunshot,2015-07-27,19:40:01,WashingtonDC7D,38.835,-77.005
5855,7D178443,Multiple_Gunshots,2015-07-28,18:32:59,WashingtonDC7D,38.848,-76.975
5856,7D178445,Multiple_Gunshots,2015-07-28,19:41:54,WashingtonDC7D,38.857,-76.998
5857,7D178446,Single_Gunshot,2015-07-28,19:42:03,WashingtonDC7D,38.857,-76.998
5858,7D178447,Multiple_Gunshots,2015-07-28,19:42:08,WashingtonDC7D,38.856,-77.001
5859,4D47567,Gunshot_or_Firecracker,2015-07-28,19:54:50,WashingtonDC4D,38.927,-77.024
5860,6D144199,Multiple_Gunshots,2015-07-28,21:14:24,WashingtonDC6D,38.871,-76.975
5861,7D178455,Multiple_Gunshots,2015-07-28,21:27:45,WashingtonDC7D,38.844,-77.002
5862,7D178456,Multiple_Gunshots,2015-07-28,21:28:27,WashingtonDC7D,38.844,-77.002
5863,7D178457,Multiple_Gunshots,2015-07-28,21:29:06,WashingtonDC7D,38.844,-77.002
5864,7D178458,Multiple_Gunshots,2015-07-28,21:29:48,WashingtonDC7D,38.844,-77.002
5865,7D178459,Multiple_Gunshots,2015-07-28,21:29:52,WashingtonDC7D,38.844,-77.002
5866,6D144205,Multiple_Gunshots,2015-07-28,22:44:59,WashingtonDC6D,38.895,-76.928
5867,6D144212,Single_Gunshot,2015-07-29,00:24:20,WashingtonDC6D,38.887,-76.954
5868,7D178476,Multiple_Gunshots,2015-07-29,00:46:12,WashingtonDC7D,38.846,-76.971
5869,7D178477,Multiple_Gunshots,2015-07-29,01:21:58,WashingtonDC7D,38.827,-77.001
5870,7D178478,Multiple_Gunshots,2015-07-29,01:38:37,WashingtonDC7D,38.827,-77.003
5871,6D144213,Multiple_Gunshots,2015-07-29,01:44:32,WashingtonDC6D,38.888,-76.913
5872,6D144215,Multiple_Gunshots,2015-07-29,01:53:35,WashingtonDC6D,38.863,-76.974
5873,5D54710,Single_Gunshot,2015-07-29,02:23:55,WashingtonDC5D,38.926,-76.968
5874,7D178479,Multiple_Gunshots,2015-07-29,04:39:21,WashingtonDC7D,38.854,-76.971
5875,6D144221,Multiple_Gunshots,2015-07-29,07:16:48,WashingtonDC6D,38.87,-76.949
5876,6D144225,Multiple_Gunshots,2015-07-29,12:19:09,WashingtonDC6D,38.877,-76.932
5877,7D178483,Multiple_Gunshots,2015-07-29,15:24:30,WashingtonDC7D,38.838,-76.996
5878,7D178534,Multiple_Gunshots,2015-07-29,23:07:22,WashingtonDC7D,38.828,-76.999
5879,6D144233,Multiple_Gunshots,2015-07-29,23:46:43,WashingtonDC6D,38.88,-76.926
5880,4D47595,Single_Gunshot,2015-07-30,01:02:00,WashingtonDC4D,38.945,-77.026
5881,7D178541,Multiple_Gunshots,2015-07-30,01:33:01,WashingtonDC7D,38.833,-76.983
5882,7D178542,Single_Gunshot,2015-07-30,02:19:10,WashingtonDC7D,38.847,-76.975
5883,6D144243,Multiple_Gunshots,2015-07-30,12:10:22,WashingtonDC6D,38.885,-76.954
5884,5D54720,Gunshot_or_Firecracker,2015-07-30,21:16:50,WashingtonDC5D,38.932,-76.968
5885,3D51985,Multiple_Gunshots,2015-07-30,21:25:36,WashingtonDC3D,38.931,-77.024
5886,4D47606,Multiple_Gunshots,2015-07-30,21:25:39,WashingtonDC4D,38.931,-77.024
5887,7D178552,Single_Gunshot,2015-07-30,21:59:48,WashingtonDC7D,38.835,-77.004
5888,4D47607,Multiple_Gunshots,2015-07-30,22:31:47,WashingtonDC4D,38.957,-77.022
5889,4D47608,Multiple_Gunshots,2015-07-30,22:31:52,WashingtonDC4D,38.958,-77.022
5890,6D144246,Multiple_Gunshots,2015-07-30,23:22:13,WashingtonDC6D,38.89,-76.937
5891,1D71550,Multiple_Gunshots,2015-07-31,00:35:11,WashingtonDC1D,38.876,-77.013
5892,3D51988,Single_Gunshot,2015-07-31,00:53:53,WashingtonDC3D,38.907,-77.022
5893,4D47609,Multiple_Gunshots,2015-07-31,01:32:02,WashingtonDC4D,38.945,-77.028
5894,3D51989,Multiple_Gunshots,2015-07-31,01:32:06,WashingtonDC3D,38.943,-77.027
5895,6D144251,Single_Gunshot,2015-07-31,02:13:17,WashingtonDC6D,38.894,-76.929
5896,6D144286,Multiple_Gunshots,2015-07-31,21:22:15,WashingtonDC6D,38.886,-76.95
5897,1D71564,Single_Gunshot,2015-07-31,21:36:04,WashingtonDC1D,38.887,-76.977
5898,7D178581,Multiple_Gunshots,2015-08-01,00:19:15,WashingtonDC7D,38.844,-76.98
5899,5D54742,Single_Gunshot,2015-08-01,00:22:26,WashingtonDC5D,38.906,-76.981
5900,1D71569,Single_Gunshot,2015-08-01,00:22:42,WashingtonDC1D,38.879,-77.013
5901,6D144313,Single_Gunshot,2015-08-01,00:30:21,WashingtonDC6D,38.864,-76.981
5902,3D52012,Single_Gunshot,2015-08-01,01:00:32,WashingtonDC3D,38.922,-77.027
5903,6D144314,Multiple_Gunshots,2015-08-01,01:12:16,WashingtonDC6D,38.89,-76.917
5904,6D144315,Multiple_Gunshots,2015-08-01,01:34:13,WashingtonDC6D,38.904,-76.933
5905,7D178583,Multiple_Gunshots,2015-08-01,01:51:02,WashingtonDC7D,38.845,-76.987
5906,7D178584,Multiple_Gunshots,2015-08-01,01:54:34,WashingtonDC7D,38.845,-76.972
5907,7D178585,Multiple_Gunshots,2015-08-01,01:55:59,WashingtonDC7D,38.843,-76.972
5908,7D178586,Multiple_Gunshots,2015-08-01,01:56:08,WashingtonDC7D,38.845,-76.973
5909,7D178587,Multiple_Gunshots,2015-08-01,01:56:21,WashingtonDC7D,38.84,-76.973
5910,4D47621,Multiple_Gunshots,2015-08-01,02:03:38,WashingtonDC4D,38.955,-77.016
5911,6D144316,Multiple_Gunshots,2015-08-01,02:07:13,WashingtonDC6D,38.876,-76.961
5912,7D178588,Single_Gunshot,2015-08-01,02:48:31,WashingtonDC7D,38.827,-76.999
5913,6D144317,Multiple_Gunshots,2015-08-01,02:51:46,WashingtonDC6D,38.894,-76.937
5914,4D47622,Single_Gunshot,2015-08-01,02:59:39,WashingtonDC4D,38.956,-77.022
5915,6D144318,Multiple_Gunshots,2015-08-01,03:33:50,WashingtonDC6D,38.882,-76.925
5916,6D144319,Single_Gunshot,2015-08-01,03:56:11,WashingtonDC6D,38.878,-76.93
5917,7D178590,Multiple_Gunshots,2015-08-01,04:08:25,WashingtonDC7D,38.855,-76.99
5918,3D52014,Multiple_Gunshots,2015-08-01,04:11:25,WashingtonDC3D,38.922,-77.027
5919,3D52015,Multiple_Gunshots,2015-08-01,04:11:31,WashingtonDC3D,38.921,-77.027
5920,3D52016,Multiple_Gunshots,2015-08-01,04:11:40,WashingtonDC3D,38.923,-77.029
5921,3D52017,Multiple_Gunshots,2015-08-01,04:11:48,WashingtonDC3D,38.921,-77.027
5922,7D178591,Multiple_Gunshots,2015-08-01,04:17:55,WashingtonDC7D,38.844,-76.986
5923,7D178592,Multiple_Gunshots,2015-08-01,04:18:02,WashingtonDC7D,38.852,-76.984
5924,7D178593,Multiple_Gunshots,2015-08-01,04:18:04,WashingtonDC7D,38.844,-76.986
5925,7D178594,Multiple_Gunshots,2015-08-01,04:18:13,WashingtonDC7D,38.844,-76.985
5926,3D52018,Single_Gunshot,2015-08-01,04:19:46,WashingtonDC3D,38.928,-77.023
5927,7D178597,Multiple_Gunshots,2015-08-01,17:12:36,WashingtonDC7D,38.832,-76.997
5928,7D178598,Multiple_Gunshots,2015-08-01,17:12:42,WashingtonDC7D,38.832,-76.998
5929,6D144332,Single_Gunshot,2015-08-01,18:48:44,WashingtonDC6D,38.866,-76.943
5930,5D54750,Multiple_Gunshots,2015-08-01,20:49:10,WashingtonDC5D,38.917,-77.004
5931,6D144346,Multiple_Gunshots,2015-08-01,20:49:28,WashingtonDC6D,38.894,-76.913
5932,7D178608,Multiple_Gunshots,2015-08-01,21:01:54,WashingtonDC7D,38.838,-76.999
5933,4D47632,Multiple_Gunshots,2015-08-01,22:03:07,WashingtonDC4D,38.962,-77.026
5934,6D144357,Multiple_Gunshots,2015-08-01,22:16:15,WashingtonDC6D,38.896,-76.915
5935,7D178613,Single_Gunshot,2015-08-01,22:25:10,WashingtonDC7D,38.842,-76.992
5936,1D71590,Multiple_Gunshots,2015-08-01,23:19:42,WashingtonDC1D,38.897,-76.982
5937,6D144376,Single_Gunshot,2015-08-01,23:50:24,WashingtonDC6D,38.894,-76.937
5938,6D144379,Multiple_Gunshots,2015-08-02,00:01:30,WashingtonDC6D,38.887,-76.951
5939,6D144381,Multiple_Gunshots,2015-08-02,00:05:14,WashingtonDC6D,38.887,-76.953
5940,7D178624,Single_Gunshot,2015-08-02,00:41:07,WashingtonDC7D,38.853,-76.98
5941,6D144389,Single_Gunshot,2015-08-02,00:56:32,WashingtonDC6D,38.895,-76.96
5942,6D144390,Single_Gunshot,2015-08-02,00:56:51,WashingtonDC6D,38.895,-76.96
5943,6D144391,Multiple_Gunshots,2015-08-02,00:57:04,WashingtonDC6D,38.895,-76.96
5944,6D144392,Single_Gunshot,2015-08-02,01:13:22,WashingtonDC6D,38.887,-76.931
5945,5D54764,Multiple_Gunshots,2015-08-02,01:32:49,WashingtonDC5D,38.906,-77.011
5946,6D144393,Multiple_Gunshots,2015-08-02,02:12:41,WashingtonDC6D,38.889,-76.961
5947,7D178630,Multiple_Gunshots,2015-08-02,02:31:06,WashingtonDC7D,38.846,-76.973
5948,7D178631,Single_Gunshot,2015-08-02,03:17:44,WashingtonDC7D,38.825,-77.009
5949,5D54765,Multiple_Gunshots,2015-08-02,03:26:33,WashingtonDC5D,38.913,-76.987
5950,6D144395,Multiple_Gunshots,2015-08-02,04:06:22,WashingtonDC6D,38.9,-76.915
5951,7D178633,Single_Gunshot,2015-08-02,07:29:08,WashingtonDC7D,38.847,-77.001
5952,7D178634,Multiple_Gunshots,2015-08-02,12:59:14,WashingtonDC7D,38.826,-77.0
5953,7D178635,Multiple_Gunshots,2015-08-02,13:00:05,WashingtonDC7D,38.826,-77.0
5954,7D178672,Multiple_Gunshots,2015-08-02,19:49:02,WashingtonDC7D,38.827,-76.999
5955,7D178737,Single_Gunshot,2015-08-02,23:10:54,WashingtonDC7D,38.847,-76.973
5956,6D144443,Single_Gunshot,2015-08-03,00:00:37,WashingtonDC6D,38.888,-76.926
5957,7D178738,Single_Gunshot,2015-08-03,00:52:44,WashingtonDC7D,38.849,-76.978
5958,7D178739,Multiple_Gunshots,2015-08-03,01:27:29,WashingtonDC7D,38.844,-76.972
5959,6D144446,Multiple_Gunshots,2015-08-03,02:02:11,WashingtonDC6D,38.911,-76.937
5960,5D54772,Single_Gunshot,2015-08-03,02:09:43,WashingtonDC5D,38.913,-76.99
5961,6D144466,Multiple_Gunshots,2015-08-03,21:35:44,WashingtonDC6D,38.893,-76.953
5962,7D178754,Multiple_Gunshots,2015-08-03,21:40:55,WashingtonDC7D,38.846,-76.997
5963,7D178757,Multiple_Gunshots,2015-08-03,21:47:15,WashingtonDC7D,38.838,-76.998
5964,7D178764,Multiple_Gunshots,2015-08-04,00:03:07,WashingtonDC7D,38.843,-77.003
5965,6D144475,Single_Gunshot,2015-08-04,00:34:16,WashingtonDC6D,38.884,-76.926
5966,6D144477,Multiple_Gunshots,2015-08-04,00:34:41,WashingtonDC6D,38.884,-76.925
5967,6D144478,Single_Gunshot,2015-08-04,00:34:47,WashingtonDC6D,38.884,-76.926
5968,4D47642,Single_Gunshot,2015-08-04,01:18:44,WashingtonDC4D,38.934,-77.022
5969,3D52032,Single_Gunshot,2015-08-04,01:18:44,WashingtonDC3D,38.933,-77.023
5970,7D178765,Multiple_Gunshots,2015-08-04,01:43:46,WashingtonDC7D,38.854,-76.984
5971,5D54780,Single_Gunshot,2015-08-04,02:06:01,WashingtonDC5D,38.921,-76.983
5972,5D54781,Multiple_Gunshots,2015-08-04,02:06:15,WashingtonDC5D,38.921,-76.983
5973,7D178768,Multiple_Gunshots,2015-08-04,13:05:17,WashingtonDC7D,38.844,-76.973
5974,6D144494,Multiple_Gunshots,2015-08-04,16:45:05,WashingtonDC6D,38.884,-76.935
5975,5D54784,Multiple_Gunshots,2015-08-04,20:38:20,WashingtonDC5D,38.923,-77.003
5976,7D178777,Multiple_Gunshots,2015-08-04,22:08:53,WashingtonDC7D,38.838,-76.997
5977,7D178778,Multiple_Gunshots,2015-08-04,22:08:58,WashingtonDC7D,38.841,-76.994
5978,7D178779,Multiple_Gunshots,2015-08-04,22:08:59,WashingtonDC7D,38.837,-76.992
5979,7D178781,Multiple_Gunshots,2015-08-04,22:31:52,WashingtonDC7D,38.83,-77.003
5980,6D144506,Multiple_Gunshots,2015-08-04,23:34:06,WashingtonDC6D,38.887,-76.923
5981,7D178782,Single_Gunshot,2015-08-05,00:08:16,WashingtonDC7D,38.857,-76.996
5982,6D144507,Multiple_Gunshots,2015-08-05,00:17:50,WashingtonDC6D,38.876,-76.974
5983,6D144508,Multiple_Gunshots,2015-08-05,00:29:59,WashingtonDC6D,38.894,-76.92
5984,6D144521,Multiple_Gunshots,2015-08-05,17:24:35,WashingtonDC6D,38.894,-76.917
5985,7D178797,Single_Gunshot,2015-08-05,18:23:59,WashingtonDC7D,38.831,-77.006
5986,7D178798,Single_Gunshot,2015-08-05,18:24:14,WashingtonDC7D,38.831,-77.006
5987,7D178801,Multiple_Gunshots,2015-08-05,20:17:37,WashingtonDC7D,38.839,-76.997
5988,5D54794,Multiple_Gunshots,2015-08-05,21:12:02,WashingtonDC5D,38.934,-76.97
5989,6D144522,Single_Gunshot,2015-08-05,23:25:34,WashingtonDC6D,38.903,-76.924
5990,7D178805,Single_Gunshot,2015-08-05,23:48:29,WashingtonDC7D,38.834,-77.004
5991,7D178807,Gunshot_or_Firecracker,2015-08-05,23:57:33,WashingtonDC7D,38.83,-77.005
5992,7D178808,Single_Gunshot,2015-08-06,00:47:07,WashingtonDC7D,38.847,-76.983
5993,5D54795,Multiple_Gunshots,2015-08-06,02:27:43,WashingtonDC5D,38.905,-77.01
5994,5D54796,Single_Gunshot,2015-08-06,02:33:56,WashingtonDC5D,38.931,-77.009
5995,6D144551,Multiple_Gunshots,2015-08-06,19:49:08,WashingtonDC6D,38.906,-76.937
5996,6D144561,Single_Gunshot,2015-08-07,03:03:27,WashingtonDC6D,38.898,-76.921
5997,6D144562,Multiple_Gunshots,2015-08-07,03:31:12,WashingtonDC6D,38.885,-76.935
5998,6D144575,Multiple_Gunshots,2015-08-07,12:22:23,WashingtonDC6D,38.886,-76.93
5999,7D178852,Multiple_Gunshots,2015-08-07,22:16:12,WashingtonDC7D,38.849,-76.964
6000,1D71677,Multiple_Gunshots,2015-08-07,22:40:55,WashingtonDC1D,38.87,-77.002
6001,1D71685,Single_Gunshot,2015-08-07,22:41:37,WashingtonDC1D,38.87,-77.002
6002,1D71690,Single_Gunshot,2015-08-07,22:41:50,WashingtonDC1D,38.87,-77.002
6003,1D71694,Single_Gunshot,2015-08-07,22:42:02,WashingtonDC1D,38.878,-77.01
6004,1D71695,Multiple_Gunshots,2015-08-07,22:42:03,WashingtonDC1D,38.87,-77.002
6005,1D71696,Multiple_Gunshots,2015-08-07,22:42:10,WashingtonDC1D,38.87,-77.002
6006,1D71756,Gunshot_or_Firecracker,2015-08-07,22:47:09,WashingtonDC1D,38.87,-77.002
6007,7D178898,Multiple_Gunshots,2015-08-07,22:49:18,WashingtonDC7D,38.836,-77.002
6008,7D178899,Multiple_Gunshots,2015-08-07,22:49:27,WashingtonDC7D,38.836,-77.003
6009,6D144604,Single_Gunshot,2015-08-07,23:13:06,WashingtonDC6D,38.885,-76.935
6010,4D47676,Single_Gunshot,2015-08-07,23:37:32,WashingtonDC4D,38.95,-77.027
6011,7D178907,Multiple_Gunshots,2015-08-08,00:06:53,WashingtonDC7D,38.858,-76.972
6012,6D144605,Multiple_Gunshots,2015-08-08,00:06:55,WashingtonDC6D,38.858,-76.972
6013,6D144606,Single_Gunshot,2015-08-08,00:12:29,WashingtonDC6D,38.896,-76.918
6014,7D178909,Multiple_Gunshots,2015-08-08,00:29:09,WashingtonDC7D,38.844,-76.979
6015,3D52065,Multiple_Gunshots,2015-08-08,01:06:07,WashingtonDC3D,38.916,-77.026
6016,7D178910,Multiple_Gunshots,2015-08-08,01:24:17,WashingtonDC7D,38.839,-76.998
6017,7D178911,Multiple_Gunshots,2015-08-08,01:24:21,WashingtonDC7D,38.84,-77.0
6018,7D178912,Single_Gunshot,2015-08-08,01:24:31,WashingtonDC7D,38.839,-76.998
6019,7D178913,Multiple_Gunshots,2015-08-08,01:24:42,WashingtonDC7D,38.838,-76.997
6020,7D178915,Multiple_Gunshots,2015-08-08,01:24:49,WashingtonDC7D,38.839,-76.998
6021,5D54825,Single_Gunshot,2015-08-08,01:35:19,WashingtonDC5D,38.904,-76.983
6022,1D71790,Single_Gunshot,2015-08-08,01:35:20,WashingtonDC1D,38.904,-76.983
6023,6D144608,Single_Gunshot,2015-08-08,02:36:01,WashingtonDC6D,38.891,-76.923
6024,6D144609,Multiple_Gunshots,2015-08-08,02:36:14,WashingtonDC6D,38.891,-76.923
6025,6D144610,Multiple_Gunshots,2015-08-08,02:36:25,WashingtonDC6D,38.891,-76.923
6026,6D144611,Multiple_Gunshots,2015-08-08,02:37:02,WashingtonDC6D,38.891,-76.923
6027,6D144612,Multiple_Gunshots,2015-08-08,02:37:16,WashingtonDC6D,38.891,-76.924
6028,6D144613,Multiple_Gunshots,2015-08-08,02:37:21,WashingtonDC6D,38.891,-76.924
6029,6D144614,Multiple_Gunshots,2015-08-08,02:37:22,WashingtonDC6D,38.89,-76.927
6030,6D144615,Single_Gunshot,2015-08-08,02:41:54,WashingtonDC6D,38.883,-76.96
6031,7D178917,Multiple_Gunshots,2015-08-08,03:01:28,WashingtonDC7D,38.85,-76.967
6032,7D178920,Multiple_Gunshots,2015-08-08,03:04:46,WashingtonDC7D,38.838,-77.005
6033,6D144616,Multiple_Gunshots,2015-08-08,03:09:20,WashingtonDC6D,38.879,-76.931
6034,3D52066,Multiple_Gunshots,2015-08-08,03:38:26,WashingtonDC3D,38.925,-77.009
6035,4D47677,Multiple_Gunshots,2015-08-08,04:18:30,WashingtonDC4D,38.96,-77.033
6036,5D54829,Single_Gunshot,2015-08-08,09:00:03,WashingtonDC5D,38.922,-77.002
6037,7D178921,Gunshot_or_Firecracker,2015-08-08,09:11:19,WashingtonDC7D,38.827,-77.003
6038,5D54846,Single_Gunshot,2015-08-08,23:15:47,WashingtonDC5D,38.904,-76.974
6039,7D178981,Multiple_Gunshots,2015-08-08,23:31:17,WashingtonDC7D,38.83,-76.997
6040,6D144632,Multiple_Gunshots,2015-08-08,23:45:48,WashingtonDC6D,38.899,-76.943
6041,5D54855,Multiple_Gunshots,2015-08-09,01:09:40,WashingtonDC5D,38.93,-76.963
6042,6D144659,Multiple_Gunshots,2015-08-09,02:11:01,WashingtonDC6D,38.89,-76.968
6043,3D52083,Multiple_Gunshots,2015-08-09,03:43:32,WashingtonDC3D,38.905,-77.016
6044,5D54859,Multiple_Gunshots,2015-08-09,03:43:38,WashingtonDC5D,38.905,-77.015
6045,7D178989,Multiple_Gunshots,2015-08-09,04:58:40,WashingtonDC7D,38.859,-76.999
6046,3D52084,Multiple_Gunshots,2015-08-09,05:06:30,WashingtonDC3D,38.929,-77.026
6047,7D178990,Multiple_Gunshots,2015-08-09,05:22:26,WashingtonDC7D,38.84,-76.993
6048,6D144662,Multiple_Gunshots,2015-08-09,05:42:28,WashingtonDC6D,38.862,-76.982
6049,6D144663,Single_Gunshot,2015-08-09,05:42:41,WashingtonDC6D,38.862,-76.982
6050,6D144674,Multiple_Gunshots,2015-08-09,19:57:47,WashingtonDC6D,38.887,-76.957
6051,7D179031,Multiple_Gunshots,2015-08-09,23:22:31,WashingtonDC7D,38.845,-76.997
6052,7D179032,Single_Gunshot,2015-08-10,00:30:45,WashingtonDC7D,38.837,-77.004
6053,7D179033,Multiple_Gunshots,2015-08-10,02:00:30,WashingtonDC7D,38.855,-76.984
6054,7D179034,Single_Gunshot,2015-08-10,02:45:12,WashingtonDC7D,38.83,-77.002
6055,7D179035,Multiple_Gunshots,2015-08-10,03:24:56,WashingtonDC7D,38.837,-77.004
6056,6D144681,Multiple_Gunshots,2015-08-10,04:21:12,WashingtonDC6D,38.885,-76.953
6057,6D144691,Multiple_Gunshots,2015-08-10,18:33:09,WashingtonDC6D,38.886,-76.953
6058,6D144692,Multiple_Gunshots,2015-08-10,18:34:39,WashingtonDC6D,38.884,-76.956
6059,7D179037,Single_Gunshot,2015-08-10,22:31:10,WashingtonDC7D,38.826,-77.003
6060,7D179039,Single_Gunshot,2015-08-11,02:24:10,WashingtonDC7D,38.835,-77.001
6061,6D144702,Single_Gunshot,2015-08-11,03:03:44,WashingtonDC6D,38.887,-76.932
6062,7D179046,Single_Gunshot,2015-08-11,18:16:23,WashingtonDC7D,38.839,-76.997
6063,7D179047,Multiple_Gunshots,2015-08-11,18:19:51,WashingtonDC7D,38.835,-77.001
6064,7D179048,Multiple_Gunshots,2015-08-11,18:19:56,WashingtonDC7D,38.835,-77.001
6065,7D179049,Multiple_Gunshots,2015-08-11,18:20:05,WashingtonDC7D,38.835,-77.001
6066,3D52092,Multiple_Gunshots,2015-08-11,21:46:27,WashingtonDC3D,38.907,-77.022
6067,7D179051,Multiple_Gunshots,2015-08-11,22:44:10,WashingtonDC7D,38.835,-77.005
6068,4D47701,Single_Gunshot,2015-08-11,23:51:25,WashingtonDC4D,38.956,-77.021
6069,6D144731,Multiple_Gunshots,2015-08-11,23:59:15,WashingtonDC6D,38.886,-76.95
6070,7D179067,Single_Gunshot,2015-08-12,00:55:38,WashingtonDC7D,38.84,-77.004
6071,7D179068,Single_Gunshot,2015-08-12,01:14:18,WashingtonDC7D,38.84,-77.007
6072,7D179069,Multiple_Gunshots,2015-08-12,02:06:13,WashingtonDC7D,38.851,-76.982
6073,7D179075,Single_Gunshot,2015-08-12,17:40:18,WashingtonDC7D,38.861,-76.999
6074,7D179079,Single_Gunshot,2015-08-12,18:44:52,WashingtonDC7D,38.837,-77.003
6075,6D144743,Multiple_Gunshots,2015-08-12,19:12:21,WashingtonDC6D,38.886,-76.951
6076,6D144755,Multiple_Gunshots,2015-08-12,19:59:15,WashingtonDC6D,38.89,-76.954
6077,6D144771,Multiple_Gunshots,2015-08-12,23:07:09,WashingtonDC6D,38.91,-76.926
6078,6D144774,Multiple_Gunshots,2015-08-13,00:00:30,WashingtonDC6D,38.903,-76.924
6079,7D179101,Multiple_Gunshots,2015-08-13,00:15:45,WashingtonDC7D,38.834,-76.995
6080,5D54880,Multiple_Gunshots,2015-08-13,01:42:48,WashingtonDC5D,38.907,-77.004
6081,6D144776,Multiple_Gunshots,2015-08-13,01:56:20,WashingtonDC6D,38.883,-76.939
6082,7D179102,Single_Gunshot,2015-08-13,02:44:41,WashingtonDC7D,38.847,-76.973
6083,7D179103,Single_Gunshot,2015-08-13,04:50:46,WashingtonDC7D,38.835,-77.007
6084,6D144802,Multiple_Gunshots,2015-08-13,21:21:34,WashingtonDC6D,38.872,-76.979
6085,6D144809,Single_Gunshot,2015-08-13,23:43:25,WashingtonDC6D,38.902,-76.947
6086,7D179110,Single_Gunshot,2015-08-14,01:01:22,WashingtonDC7D,38.827,-76.998
6087,7D179111,Single_Gunshot,2015-08-14,01:01:38,WashingtonDC7D,38.827,-76.999
6088,7D179112,Single_Gunshot,2015-08-14,01:03:56,WashingtonDC7D,38.828,-76.996
6089,6D144811,Multiple_Gunshots,2015-08-14,01:13:31,WashingtonDC6D,38.886,-76.953
6090,6D144813,Multiple_Gunshots,2015-08-14,01:49:00,WashingtonDC6D,38.902,-76.948
6091,6D144814,Multiple_Gunshots,2015-08-14,01:49:06,WashingtonDC6D,38.902,-76.948
6092,7D179113,Single_Gunshot,2015-08-14,02:42:28,WashingtonDC7D,38.831,-77.001
6093,3D52115,Gunshot_or_Firecracker,2015-08-14,20:31:07,WashingtonDC3D,38.905,-77.01
6094,6D144844,Single_Gunshot,2015-08-14,22:40:47,WashingtonDC6D,38.865,-76.951
6095,7D179131,Multiple_Gunshots,2015-08-14,23:06:42,WashingtonDC7D,38.83,-76.997
6096,7D179132,Multiple_Gunshots,2015-08-14,23:17:20,WashingtonDC7D,38.847,-77.004
6097,7D179133,Multiple_Gunshots,2015-08-14,23:18:26,WashingtonDC7D,38.847,-77.004
6098,6D144849,Multiple_Gunshots,2015-08-14,23:19:14,WashingtonDC6D,38.883,-76.932
6099,7D179134,Single_Gunshot,2015-08-14,23:19:15,WashingtonDC7D,38.842,-76.969
6100,7D179135,Multiple_Gunshots,2015-08-15,00:09:05,WashingtonDC7D,38.826,-77.003
6101,7D179136,Multiple_Gunshots,2015-08-15,00:13:46,WashingtonDC7D,38.847,-76.997
6102,5D54912,Single_Gunshot,2015-08-15,01:28:48,WashingtonDC5D,38.903,-77.011
6103,6D144867,Multiple_Gunshots,2015-08-15,04:54:49,WashingtonDC6D,38.905,-76.952
6104,4D47715,Multiple_Gunshots,2015-08-15,05:05:54,WashingtonDC4D,38.939,-77.021
6105,4D47716,Single_Gunshot,2015-08-15,06:30:50,WashingtonDC4D,38.952,-77.026
6106,6D144879,Multiple_Gunshots,2015-08-15,12:15:37,WashingtonDC6D,38.885,-76.953
6107,3D52120,Multiple_Gunshots,2015-08-15,16:48:46,WashingtonDC3D,38.914,-77.022
6108,6D144893,Gunshot_or_Firecracker,2015-08-15,20:54:16,WashingtonDC6D,38.899,-76.938
6109,6D144896,Multiple_Gunshots,2015-08-15,23:36:48,WashingtonDC6D,38.892,-76.957
6110,7D179174,Multiple_Gunshots,2015-08-15,23:42:55,WashingtonDC7D,38.842,-77.0
6111,6D144897,Multiple_Gunshots,2015-08-15,23:50:40,WashingtonDC6D,38.859,-76.996
6112,6D144898,Multiple_Gunshots,2015-08-16,00:11:07,WashingtonDC6D,38.885,-76.961
6113,6D144899,Multiple_Gunshots,2015-08-16,00:48:57,WashingtonDC6D,38.894,-76.93
6114,6D144900,Multiple_Gunshots,2015-08-16,00:49:05,WashingtonDC6D,38.895,-76.929
6115,7D179175,Multiple_Gunshots,2015-08-16,00:57:17,WashingtonDC7D,38.842,-76.975
6116,6D144901,Single_Gunshot,2015-08-16,03:20:37,WashingtonDC6D,38.904,-76.942
6117,6D144967,Single_Gunshot,2015-08-16,19:48:29,WashingtonDC6D,38.882,-76.936
6118,4D47722,Multiple_Gunshots,2015-08-16,19:50:45,WashingtonDC4D,38.949,-77.013
6119,6D144976,Multiple_Gunshots,2015-08-16,21:11:01,WashingtonDC6D,38.887,-76.953
6120,4D47728,Gunshot_or_Firecracker,2015-08-16,23:12:13,WashingtonDC4D,38.937,-77.025
6121,4D47730,Single_Gunshot,2015-08-16,23:12:26,WashingtonDC4D,38.938,-77.025
6122,7D179187,Multiple_Gunshots,2015-08-16,23:44:12,WashingtonDC7D,38.844,-76.977
6123,7D179188,Multiple_Gunshots,2015-08-16,23:44:26,WashingtonDC7D,38.844,-76.976
6124,4D47734,Single_Gunshot,2015-08-17,00:25:00,WashingtonDC4D,38.95,-77.022
6125,1D72058,Multiple_Gunshots,2015-08-17,00:46:07,WashingtonDC1D,38.899,-76.979
6126,6D145003,Multiple_Gunshots,2015-08-17,01:07:41,WashingtonDC6D,38.892,-76.924
6127,6D145006,Single_Gunshot,2015-08-17,01:39:10,WashingtonDC6D,38.879,-76.939
6128,6D145007,Single_Gunshot,2015-08-17,01:42:57,WashingtonDC6D,38.887,-76.954
6129,6D145008,Single_Gunshot,2015-08-17,01:43:16,WashingtonDC6D,38.887,-76.954
6130,7D179189,Single_Gunshot,2015-08-17,01:48:48,WashingtonDC7D,38.843,-76.994
6131,6D145012,Multiple_Gunshots,2015-08-17,02:02:02,WashingtonDC6D,38.901,-76.932
6132,4D47739,Gunshot_or_Firecracker,2015-08-17,02:26:16,WashingtonDC4D,38.951,-77.024
6133,6D145056,Gunshot_or_Firecracker,2015-08-17,09:35:53,WashingtonDC6D,38.88,-76.953
6134,4D47746,Multiple_Gunshots,2015-08-17,11:34:41,WashingtonDC4D,38.945,-77.026
6135,7D179191,Multiple_Gunshots,2015-08-17,13:22:43,WashingtonDC7D,38.842,-76.985
6136,7D179195,Multiple_Gunshots,2015-08-17,20:25:00,WashingtonDC7D,38.847,-76.96
6137,7D179196,Single_Gunshot,2015-08-17,20:55:55,WashingtonDC7D,38.829,-77.002
6138,5D54971,Multiple_Gunshots,2015-08-17,21:07:55,WashingtonDC5D,38.92,-76.976
6139,4D47750,Single_Gunshot,2015-08-17,21:32:11,WashingtonDC4D,38.953,-77.021
6140,7D179199,Multiple_Gunshots,2015-08-17,23:35:38,WashingtonDC7D,38.834,-76.996
6141,7D179200,Multiple_Gunshots,2015-08-17,23:38:23,WashingtonDC7D,38.838,-77.005
6142,7D179202,Single_Gunshot,2015-08-18,01:35:57,WashingtonDC7D,38.846,-76.983
6143,4D47773,Single_Gunshot,2015-08-18,02:51:04,WashingtonDC4D,38.939,-77.026
6144,6D145111,Single_Gunshot,2015-08-18,02:59:43,WashingtonDC6D,38.887,-76.954
6145,7D179203,Multiple_Gunshots,2015-08-18,03:14:37,WashingtonDC7D,38.843,-76.978
6146,7D179204,Multiple_Gunshots,2015-08-18,03:55:42,WashingtonDC7D,38.827,-76.99
6147,7D179205,Multiple_Gunshots,2015-08-18,03:55:52,WashingtonDC7D,38.826,-76.99
6148,6D145138,Multiple_Gunshots,2015-08-18,11:12:23,WashingtonDC6D,38.901,-76.933
6149,6D145143,Multiple_Gunshots,2015-08-18,13:52:20,WashingtonDC6D,38.86,-76.971
6150,7D179214,Single_Gunshot,2015-08-18,15:47:00,WashingtonDC7D,38.843,-76.987
6151,7D179222,Multiple_Gunshots,2015-08-18,19:55:09,WashingtonDC7D,38.846,-76.994
6152,6D145152,Single_Gunshot,2015-08-18,22:28:22,WashingtonDC6D,38.875,-76.938
6153,6D145153,Single_Gunshot,2015-08-18,22:28:35,WashingtonDC6D,38.875,-76.938
6154,7D179224,Multiple_Gunshots,2015-08-19,00:11:46,WashingtonDC7D,38.819,-76.996
6155,7D179225,Multiple_Gunshots,2015-08-19,00:11:59,WashingtonDC7D,38.819,-76.996
6156,6D145154,Single_Gunshot,2015-08-19,01:09:37,WashingtonDC6D,38.893,-76.914
6157,6D145155,Single_Gunshot,2015-08-19,01:30:47,WashingtonDC6D,38.897,-76.921
6158,7D179226,Single_Gunshot,2015-08-19,01:37:11,WashingtonDC7D,38.841,-76.989
6159,7D179229,Multiple_Gunshots,2015-08-19,11:42:26,WashingtonDC7D,38.832,-76.998
6160,7D179230,Multiple_Gunshots,2015-08-19,11:42:37,WashingtonDC7D,38.832,-76.999
6161,7D179234,Multiple_Gunshots,2015-08-19,12:06:46,WashingtonDC7D,38.834,-76.988
6162,6D145213,Single_Gunshot,2015-08-19,18:38:42,WashingtonDC6D,38.897,-76.92
6163,7D179243,Multiple_Gunshots,2015-08-19,22:43:26,WashingtonDC7D,38.847,-76.983
6164,6D145217,Multiple_Gunshots,2015-08-19,22:43:37,WashingtonDC6D,38.862,-76.943
6165,6D145220,Single_Gunshot,2015-08-20,01:11:13,WashingtonDC6D,38.881,-76.913
6166,6D145225,Single_Gunshot,2015-08-20,02:36:39,WashingtonDC6D,38.866,-76.951
6167,6D145243,Multiple_Gunshots,2015-08-20,13:48:35,WashingtonDC6D,38.891,-76.916
6168,6D145247,Gunshot_or_Firecracker,2015-08-20,17:09:40,WashingtonDC6D,38.896,-76.94
6169,6D145251,Multiple_Gunshots,2015-08-20,18:12:55,WashingtonDC6D,38.892,-76.912
6170,6D145252,Multiple_Gunshots,2015-08-20,18:13:10,WashingtonDC6D,38.892,-76.912
6171,6D145254,Single_Gunshot,2015-08-20,19:25:04,WashingtonDC6D,38.865,-76.975
6172,7D179252,Multiple_Gunshots,2015-08-20,20:43:05,WashingtonDC7D,38.843,-77.0
6173,5D54998,Multiple_Gunshots,2015-08-20,23:16:27,WashingtonDC5D,38.929,-76.994
6174,6D145259,Multiple_Gunshots,2015-08-21,00:02:22,WashingtonDC6D,38.911,-76.937
6175,6D145260,Multiple_Gunshots,2015-08-21,03:14:17,WashingtonDC6D,38.893,-76.914
6176,7D179257,Multiple_Gunshots,2015-08-21,15:49:04,WashingtonDC7D,38.837,-76.992
6177,5D55020,Multiple_Gunshots,2015-08-21,21:48:34,WashingtonDC5D,38.932,-76.963
6178,7D179262,Multiple_Gunshots,2015-08-21,22:07:46,WashingtonDC7D,38.845,-76.997
6179,7D179264,Multiple_Gunshots,2015-08-21,22:24:07,WashingtonDC7D,38.854,-76.99
6180,7D179265,Single_Gunshot,2015-08-21,22:24:12,WashingtonDC7D,38.854,-76.991
6181,4D47799,Multiple_Gunshots,2015-08-21,23:55:00,WashingtonDC4D,38.965,-77.03
6182,1D72117,Single_Gunshot,2015-08-22,00:11:35,WashingtonDC1D,38.901,-76.986
6183,6D145314,Multiple_Gunshots,2015-08-22,00:35:58,WashingtonDC6D,38.894,-76.929
6184,6D145317,Multiple_Gunshots,2015-08-22,01:54:42,WashingtonDC6D,38.903,-76.942
6185,7D179275,Multiple_Gunshots,2015-08-22,02:40:00,WashingtonDC7D,38.83,-76.997
6186,6D145318,Multiple_Gunshots,2015-08-22,02:51:51,WashingtonDC6D,38.859,-76.999
6187,6D145319,Multiple_Gunshots,2015-08-22,02:56:42,WashingtonDC6D,38.894,-76.923
6188,7D179277,Multiple_Gunshots,2015-08-22,03:01:03,WashingtonDC7D,38.846,-76.998
6189,7D179278,Multiple_Gunshots,2015-08-22,03:01:19,WashingtonDC7D,38.846,-76.997
6190,4D47805,Multiple_Gunshots,2015-08-22,03:03:41,WashingtonDC4D,38.955,-77.027
6191,6D145324,Multiple_Gunshots,2015-08-22,04:21:11,WashingtonDC6D,38.885,-76.96
6192,6D145326,Single_Gunshot,2015-08-22,04:56:07,WashingtonDC6D,38.903,-76.946
6193,6D145327,Single_Gunshot,2015-08-22,04:57:38,WashingtonDC6D,38.903,-76.947
6194,6D145328,Multiple_Gunshots,2015-08-22,04:57:55,WashingtonDC6D,38.903,-76.946
6195,7D179282,Multiple_Gunshots,2015-08-22,05:05:42,WashingtonDC7D,38.833,-77.007
6196,7D179283,Single_Gunshot,2015-08-22,06:18:35,WashingtonDC7D,38.826,-77.005
6197,7D179284,Single_Gunshot,2015-08-22,06:18:43,WashingtonDC7D,38.826,-77.005
6198,7D179285,Single_Gunshot,2015-08-22,06:18:56,WashingtonDC7D,38.826,-77.005
6199,7D179286,Multiple_Gunshots,2015-08-22,06:19:09,WashingtonDC7D,38.826,-77.006
6200,4D47809,Single_Gunshot,2015-08-22,08:24:01,WashingtonDC4D,38.954,-77.017
6201,1D72131,Multiple_Gunshots,2015-08-22,20:59:57,WashingtonDC1D,38.89,-76.971
6202,6D145345,Multiple_Gunshots,2015-08-22,20:59:59,WashingtonDC6D,38.89,-76.971
6203,1D72132,Multiple_Gunshots,2015-08-22,21:00:04,WashingtonDC1D,38.89,-76.971
6204,1D72134,Multiple_Gunshots,2015-08-22,21:00:11,WashingtonDC1D,38.89,-76.971
6205,6D145348,Multiple_Gunshots,2015-08-22,21:00:12,WashingtonDC6D,38.889,-76.97
6206,1D72135,Multiple_Gunshots,2015-08-22,21:00:13,WashingtonDC1D,38.89,-76.971
6207,1D72136,Gunshot_or_Firecracker,2015-08-22,21:00:18,WashingtonDC1D,38.89,-76.971
6208,1D72138,Multiple_Gunshots,2015-08-22,21:00:30,WashingtonDC1D,38.889,-76.971
6209,1D72140,Multiple_Gunshots,2015-08-22,21:00:37,WashingtonDC1D,38.89,-76.971
6210,1D72141,Multiple_Gunshots,2015-08-22,21:00:42,WashingtonDC1D,38.889,-76.971
6211,6D145355,Multiple_Gunshots,2015-08-22,21:00:47,WashingtonDC6D,38.89,-76.971
6212,1D72142,Multiple_Gunshots,2015-08-22,21:00:47,WashingtonDC1D,38.89,-76.972
6213,1D72143,Multiple_Gunshots,2015-08-22,21:00:48,WashingtonDC1D,38.89,-76.971
6214,6D145356,Multiple_Gunshots,2015-08-22,21:00:53,WashingtonDC6D,38.889,-76.971
6215,1D72144,Multiple_Gunshots,2015-08-22,21:00:53,WashingtonDC1D,38.89,-76.973
6216,6D145357,Multiple_Gunshots,2015-08-22,21:00:57,WashingtonDC6D,38.89,-76.971
6217,5D55049,Multiple_Gunshots,2015-08-22,21:01:09,WashingtonDC5D,38.891,-76.971
6218,1D72148,Gunshot_or_Firecracker,2015-08-22,21:01:16,WashingtonDC1D,38.89,-76.971
6219,1D72150,Multiple_Gunshots,2015-08-22,21:01:21,WashingtonDC1D,38.889,-76.971
6220,1D72151,Multiple_Gunshots,2015-08-22,21:01:25,WashingtonDC1D,38.889,-76.971
6221,1D72153,Multiple_Gunshots,2015-08-22,21:01:35,WashingtonDC1D,38.89,-76.971
6222,1D72154,Multiple_Gunshots,2015-08-22,21:01:40,WashingtonDC1D,38.89,-76.971
6223,6D145364,Multiple_Gunshots,2015-08-22,21:01:55,WashingtonDC6D,38.89,-76.971
6224,1D72155,Multiple_Gunshots,2015-08-22,21:01:55,WashingtonDC1D,38.89,-76.971
6225,1D72156,Multiple_Gunshots,2015-08-22,21:01:56,WashingtonDC1D,38.889,-76.971
6226,1D72157,Multiple_Gunshots,2015-08-22,21:02:09,WashingtonDC1D,38.889,-76.971
6227,1D72158,Multiple_Gunshots,2015-08-22,21:02:11,WashingtonDC1D,38.89,-76.971
6228,6D145370,Multiple_Gunshots,2015-08-22,21:02:23,WashingtonDC6D,38.89,-76.957
6229,1D72159,Gunshot_or_Firecracker,2015-08-22,21:02:23,WashingtonDC1D,38.889,-76.971
6230,1D72160,Multiple_Gunshots,2015-08-22,21:02:24,WashingtonDC1D,38.889,-76.971
6231,1D72161,Multiple_Gunshots,2015-08-22,21:02:36,WashingtonDC1D,38.89,-76.971
6232,1D72162,Multiple_Gunshots,2015-08-22,21:02:37,WashingtonDC1D,38.89,-76.971
6233,1D72163,Gunshot_or_Firecracker,2015-08-22,21:02:49,WashingtonDC1D,38.89,-76.971
6234,1D72164,Multiple_Gunshots,2015-08-22,21:02:53,WashingtonDC1D,38.89,-76.971
6235,1D72166,Multiple_Gunshots,2015-08-22,21:03:09,WashingtonDC1D,38.89,-76.971
6236,6D145380,Multiple_Gunshots,2015-08-22,21:03:14,WashingtonDC6D,38.89,-76.971
6237,1D72167,Multiple_Gunshots,2015-08-22,21:03:23,WashingtonDC1D,38.89,-76.971
6238,5D55059,Multiple_Gunshots,2015-08-22,21:03:27,WashingtonDC5D,38.897,-76.975
6239,6D145383,Multiple_Gunshots,2015-08-22,21:03:30,WashingtonDC6D,38.89,-76.971
6240,5D55060,Multiple_Gunshots,2015-08-22,21:03:32,WashingtonDC5D,38.902,-76.976
6241,1D72168,Multiple_Gunshots,2015-08-22,21:03:42,WashingtonDC1D,38.89,-76.971
6242,6D145387,Multiple_Gunshots,2015-08-22,21:03:48,WashingtonDC6D,38.894,-76.96
6243,1D72169,Gunshot_or_Firecracker,2015-08-22,21:04:00,WashingtonDC1D,38.89,-76.971
6244,1D72170,Gunshot_or_Firecracker,2015-08-22,21:04:19,WashingtonDC1D,38.89,-76.971
6245,1D72171,Multiple_Gunshots,2015-08-22,21:04:38,WashingtonDC1D,38.889,-76.971
6246,1D72172,Multiple_Gunshots,2015-08-22,21:04:56,WashingtonDC1D,38.89,-76.971
6247,1D72173,Multiple_Gunshots,2015-08-22,21:05:13,WashingtonDC1D,38.89,-76.971
6248,5D55074,Gunshot_or_Firecracker,2015-08-22,21:05:29,WashingtonDC5D,38.9,-76.975
6249,1D72174,Multiple_Gunshots,2015-08-22,21:07:10,WashingtonDC1D,38.896,-76.982
6250,1D72176,Multiple_Gunshots,2015-08-22,21:07:18,WashingtonDC1D,38.896,-76.982
6251,7D179298,Multiple_Gunshots,2015-08-22,21:25:04,WashingtonDC7D,38.845,-76.998
6252,5D55087,Multiple_Gunshots,2015-08-22,21:36:27,WashingtonDC5D,38.889,-76.972
6253,6D145398,Multiple_Gunshots,2015-08-22,21:36:29,WashingtonDC6D,38.886,-76.971
6254,1D72199,Single_Gunshot,2015-08-22,21:44:27,WashingtonDC1D,38.896,-76.981
6255,1D72200,Single_Gunshot,2015-08-22,21:44:29,WashingtonDC1D,38.896,-76.981
6256,1D72201,Gunshot_or_Firecracker,2015-08-22,21:44:57,WashingtonDC1D,38.896,-76.981
6257,6D145401,Single_Gunshot,2015-08-22,22:08:32,WashingtonDC6D,38.894,-76.937
6258,5D55111,Multiple_Gunshots,2015-08-22,23:46:26,WashingtonDC5D,38.904,-76.983
6259,6D145414,Single_Gunshot,2015-08-22,23:54:44,WashingtonDC6D,38.901,-76.947
6260,4D47823,Gunshot_or_Firecracker,2015-08-23,00:21:45,WashingtonDC4D,38.956,-77.02
6261,6D145415,Single_Gunshot,2015-08-23,00:28:58,WashingtonDC6D,38.891,-76.905
6262,3D52194,Multiple_Gunshots,2015-08-23,01:03:00,WashingtonDC3D,38.923,-77.032
6263,3D52195,Multiple_Gunshots,2015-08-23,01:03:17,WashingtonDC3D,38.924,-77.032
6264,5D55122,Gunshot_or_Firecracker,2015-08-23,03:02:36,WashingtonDC5D,38.937,-76.974
6265,7D179322,Multiple_Gunshots,2015-08-23,03:49:40,WashingtonDC7D,38.826,-77.002
6266,7D179323,Multiple_Gunshots,2015-08-23,04:21:22,WashingtonDC7D,38.855,-76.991
6267,6D145424,Multiple_Gunshots,2015-08-23,06:02:41,WashingtonDC6D,38.868,-76.969
6268,7D179324,Single_Gunshot,2015-08-23,08:38:46,WashingtonDC7D,38.859,-76.996
6269,6D145428,Single_Gunshot,2015-08-23,09:48:03,WashingtonDC6D,38.892,-76.913
6270,3D52198,Multiple_Gunshots,2015-08-23,17:30:35,WashingtonDC3D,38.914,-77.017
6271,3D52199,Single_Gunshot,2015-08-23,18:05:16,WashingtonDC3D,38.922,-77.027
6272,6D145435,Single_Gunshot,2015-08-23,22:43:38,WashingtonDC6D,38.88,-76.926
6273,7D179331,Single_Gunshot,2015-08-24,00:22:07,WashingtonDC7D,38.833,-76.989
6274,7D179335,Multiple_Gunshots,2015-08-24,22:32:49,WashingtonDC7D,38.826,-76.999
6275,7D179339,Single_Gunshot,2015-08-25,01:40:27,WashingtonDC7D,38.855,-76.969
6276,4D47832,Multiple_Gunshots,2015-08-25,10:34:51,WashingtonDC4D,38.956,-77.027
6277,4D47833,Multiple_Gunshots,2015-08-25,10:34:55,WashingtonDC4D,38.956,-77.027
6278,7D179344,Multiple_Gunshots,2015-08-25,20:56:57,WashingtonDC7D,38.846,-76.999
6279,7D179345,Multiple_Gunshots,2015-08-25,20:57:04,WashingtonDC7D,38.846,-76.999
6280,1D72289,Multiple_Gunshots,2015-08-25,23:33:46,WashingtonDC1D,38.903,-76.983
6281,1D72290,Single_Gunshot,2015-08-25,23:33:54,WashingtonDC1D,38.903,-76.983
6282,7D179350,Multiple_Gunshots,2015-08-26,03:50:30,WashingtonDC7D,38.828,-77.002
6283,7D179356,Single_Gunshot,2015-08-26,15:42:10,WashingtonDC7D,38.83,-77.007
6284,5D55170,Gunshot_or_Firecracker,2015-08-26,22:18:36,WashingtonDC5D,38.925,-76.97
6285,6D145553,Gunshot_or_Firecracker,2015-08-26,23:21:17,WashingtonDC6D,38.909,-76.92
6286,7D179361,Single_Gunshot,2015-08-26,23:37:27,WashingtonDC7D,38.848,-76.98
6287,6D145556,Multiple_Gunshots,2015-08-27,01:49:09,WashingtonDC6D,38.884,-76.933
6288,1D72322,Multiple_Gunshots,2015-08-27,03:46:44,WashingtonDC1D,38.87,-77.01
6289,5D55184,Multiple_Gunshots,2015-08-27,20:31:29,WashingtonDC5D,38.907,-76.992
6290,6D145598,Multiple_Gunshots,2015-08-27,20:47:18,WashingtonDC6D,38.906,-76.946
6291,7D179378,Single_Gunshot,2015-08-27,21:25:50,WashingtonDC7D,38.838,-76.994
6292,1D72338,Multiple_Gunshots,2015-08-27,22:08:28,WashingtonDC1D,38.878,-77.014
6293,7D179380,Multiple_Gunshots,2015-08-27,22:09:58,WashingtonDC7D,38.851,-76.975
6294,7D179381,Multiple_Gunshots,2015-08-27,22:19:35,WashingtonDC7D,38.861,-76.997
6295,7D179382,Multiple_Gunshots,2015-08-27,22:20:14,WashingtonDC7D,38.86,-76.995
6296,7D179385,Multiple_Gunshots,2015-08-27,23:08:52,WashingtonDC7D,38.828,-77.0
6297,5D55190,Single_Gunshot,2015-08-27,23:22:40,WashingtonDC5D,38.928,-76.958
6298,7D179386,Multiple_Gunshots,2015-08-27,23:42:02,WashingtonDC7D,38.828,-77.002
6299,6D145604,Multiple_Gunshots,2015-08-28,00:26:01,WashingtonDC6D,38.904,-76.933
6300,6D145611,Multiple_Gunshots,2015-08-28,03:03:54,WashingtonDC6D,38.911,-76.936
6301,6D145612,Single_Gunshot,2015-08-28,03:14:42,WashingtonDC6D,38.911,-76.937
6302,7D179410,Multiple_Gunshots,2015-08-28,13:56:51,WashingtonDC7D,38.864,-76.986
6303,7D179437,Single_Gunshot,2015-08-28,19:11:44,WashingtonDC7D,38.828,-76.993
6304,7D179438,Multiple_Gunshots,2015-08-28,19:25:01,WashingtonDC7D,38.855,-76.971
6305,1D72374,Multiple_Gunshots,2015-08-28,20:23:40,WashingtonDC1D,38.903,-76.974
6306,1D72376,Multiple_Gunshots,2015-08-28,20:23:56,WashingtonDC1D,38.903,-76.975
6307,6D145675,Multiple_Gunshots,2015-08-28,20:35:17,WashingtonDC6D,38.913,-76.936
6308,7D179442,Multiple_Gunshots,2015-08-28,23:02:03,WashingtonDC7D,38.83,-77.008
6309,6D145683,Single_Gunshot,2015-08-28,23:33:27,WashingtonDC6D,38.905,-76.94
6310,6D145685,Multiple_Gunshots,2015-08-28,23:45:11,WashingtonDC6D,38.887,-76.932
6311,7D179443,Multiple_Gunshots,2015-08-29,00:12:13,WashingtonDC7D,38.846,-76.974
6312,7D179444,Single_Gunshot,2015-08-29,00:12:17,WashingtonDC7D,38.846,-76.975
6313,7D179445,Single_Gunshot,2015-08-29,00:12:18,WashingtonDC7D,38.846,-76.973
6314,4D47855,Multiple_Gunshots,2015-08-29,03:33:48,WashingtonDC4D,38.952,-77.026
6315,4D47856,Multiple_Gunshots,2015-08-29,03:33:56,WashingtonDC4D,38.952,-77.026
6316,5D55201,Multiple_Gunshots,2015-08-29,04:47:36,WashingtonDC5D,38.923,-76.964
6317,4D47857,Multiple_Gunshots,2015-08-29,05:14:36,WashingtonDC4D,38.95,-77.015
6318,4D47858,Single_Gunshot,2015-08-29,05:29:50,WashingtonDC4D,38.955,-77.023
6319,5D55204,Multiple_Gunshots,2015-08-29,16:38:09,WashingtonDC5D,38.904,-76.984
6320,1D72391,Single_Gunshot,2015-08-29,16:38:10,WashingtonDC1D,38.904,-76.983
6321,7D179454,Multiple_Gunshots,2015-08-29,17:11:20,WashingtonDC7D,38.838,-76.99
6322,7D179466,Multiple_Gunshots,2015-08-29,20:44:36,WashingtonDC7D,38.836,-76.996
6323,5D55212,Multiple_Gunshots,2015-08-29,21:20:36,WashingtonDC5D,38.903,-76.976
6324,6D145710,Multiple_Gunshots,2015-08-29,21:40:18,WashingtonDC6D,38.869,-76.968
6325,5D55215,Multiple_Gunshots,2015-08-29,21:56:56,WashingtonDC5D,38.91,-76.985
6326,6D145714,Multiple_Gunshots,2015-08-29,23:55:49,WashingtonDC6D,38.889,-76.955
6327,7D179477,Multiple_Gunshots,2015-08-30,00:24:31,WashingtonDC7D,38.849,-76.979
6328,5D55222,Multiple_Gunshots,2015-08-30,01:21:39,WashingtonDC5D,38.909,-76.986
6329,6D145716,Multiple_Gunshots,2015-08-30,01:38:48,WashingtonDC6D,38.901,-76.932
6330,6D145717,Multiple_Gunshots,2015-08-30,01:38:56,WashingtonDC6D,38.9,-76.932
6331,3D52256,Single_Gunshot,2015-08-30,01:50:22,WashingtonDC3D,38.925,-77.041
6332,7D179479,Multiple_Gunshots,2015-08-30,02:23:05,WashingtonDC7D,38.826,-76.999
6333,5D55223,Multiple_Gunshots,2015-08-30,04:01:40,WashingtonDC5D,38.926,-76.992
6334,7D179480,Multiple_Gunshots,2015-08-30,12:12:39,WashingtonDC7D,38.837,-77.004
6335,1D72395,Single_Gunshot,2015-08-30,16:33:25,WashingtonDC1D,38.902,-76.976
6336,1D72396,Multiple_Gunshots,2015-08-30,18:42:07,WashingtonDC1D,38.879,-77.015
6337,7D179504,Multiple_Gunshots,2015-08-30,21:27:59,WashingtonDC7D,38.844,-77.002
6338,7D179505,Multiple_Gunshots,2015-08-30,22:32:00,WashingtonDC7D,38.836,-76.993
6339,6D145740,Multiple_Gunshots,2015-08-31,00:07:03,WashingtonDC6D,38.885,-76.921
6340,6D145741,Multiple_Gunshots,2015-08-31,00:11:30,WashingtonDC6D,38.888,-76.948
6341,6D145752,Single_Gunshot,2015-08-31,12:23:17,WashingtonDC6D,38.868,-76.967
6342,7D179513,Multiple_Gunshots,2015-08-31,19:06:55,WashingtonDC7D,38.834,-76.993
6343,7D179515,Multiple_Gunshots,2015-08-31,19:53:53,WashingtonDC7D,38.826,-77.007
6344,4D47866,Multiple_Gunshots,2015-08-31,21:14:23,WashingtonDC4D,38.95,-77.007
6345,4D47867,Multiple_Gunshots,2015-08-31,21:14:37,WashingtonDC4D,38.95,-77.008
6346,7D179553,Multiple_Gunshots,2015-08-31,23:01:07,WashingtonDC7D,38.829,-77.007
6347,6D145759,Multiple_Gunshots,2015-09-01,00:52:29,WashingtonDC6D,38.858,-76.998
6348,7D179554,Multiple_Gunshots,2015-09-01,01:06:02,WashingtonDC7D,38.849,-77.001
6349,6D145760,Single_Gunshot,2015-09-01,02:06:41,WashingtonDC6D,38.887,-76.957
6350,6D145761,Multiple_Gunshots,2015-09-01,05:28:45,WashingtonDC6D,38.884,-76.935
6351,7D179574,Multiple_Gunshots,2015-09-02,00:01:11,WashingtonDC7D,38.85,-76.973
6352,6D145776,Multiple_Gunshots,2015-09-02,01:14:03,WashingtonDC6D,38.899,-76.94
6353,7D179591,Multiple_Gunshots,2015-09-02,12:39:31,WashingtonDC7D,38.844,-76.98
6354,7D179592,Multiple_Gunshots,2015-09-02,17:13:02,WashingtonDC7D,38.83,-77.006
6355,7D179595,Multiple_Gunshots,2015-09-02,22:27:53,WashingtonDC7D,38.819,-77.004
6356,7D179596,Multiple_Gunshots,2015-09-02,22:28:57,WashingtonDC7D,38.826,-77.007
6357,7D179597,Multiple_Gunshots,2015-09-02,22:29:50,WashingtonDC7D,38.837,-77.008
6358,4D47883,Multiple_Gunshots,2015-09-03,00:46:20,WashingtonDC4D,38.958,-77.021
6359,7D179614,Single_Gunshot,2015-09-03,16:53:14,WashingtonDC7D,38.85,-76.969
6360,6D145804,Multiple_Gunshots,2015-09-03,21:11:27,WashingtonDC6D,38.884,-76.936
6361,6D145808,Multiple_Gunshots,2015-09-03,22:11:54,WashingtonDC6D,38.877,-76.985
6362,6D145826,Multiple_Gunshots,2015-09-04,22:18:21,WashingtonDC6D,38.88,-76.939
6363,5D55257,Multiple_Gunshots,2015-09-04,23:33:10,WashingtonDC5D,38.928,-76.971
6364,5D55258,Single_Gunshot,2015-09-04,23:49:40,WashingtonDC5D,38.907,-76.982
6365,6D145827,Multiple_Gunshots,2015-09-04,23:59:20,WashingtonDC6D,38.886,-76.959
6366,6D145830,Multiple_Gunshots,2015-09-04,23:59:46,WashingtonDC6D,38.886,-76.959
6367,6D145831,Single_Gunshot,2015-09-05,01:41:59,WashingtonDC6D,38.879,-76.93
6368,6D145832,Single_Gunshot,2015-09-05,02:44:47,WashingtonDC6D,38.889,-76.955
6369,5D55261,Multiple_Gunshots,2015-09-05,03:16:50,WashingtonDC5D,38.924,-76.999
6370,7D179631,Multiple_Gunshots,2015-09-05,03:46:06,WashingtonDC7D,38.827,-76.998
6371,6D145834,Multiple_Gunshots,2015-09-05,05:40:52,WashingtonDC6D,38.902,-76.948
6372,6D145835,Multiple_Gunshots,2015-09-05,05:53:27,WashingtonDC6D,38.894,-76.952
6373,6D145837,Single_Gunshot,2015-09-05,06:20:25,WashingtonDC6D,38.89,-76.943
6374,7D179632,Single_Gunshot,2015-09-05,09:04:27,WashingtonDC7D,38.844,-76.973
6375,6D145838,Multiple_Gunshots,2015-09-05,14:11:55,WashingtonDC6D,38.881,-76.927
6376,6D145849,Single_Gunshot,2015-09-05,23:19:54,WashingtonDC6D,38.892,-76.953
6377,4D47911,Single_Gunshot,2015-09-06,00:23:48,WashingtonDC4D,38.953,-77.022
6378,4D47912,Multiple_Gunshots,2015-09-06,00:25:02,WashingtonDC4D,38.952,-77.022
6379,6D145850,Single_Gunshot,2015-09-06,00:34:54,WashingtonDC6D,38.886,-76.959
6380,5D55283,Single_Gunshot,2015-09-06,00:51:50,WashingtonDC5D,38.927,-76.995
6381,5D55284,Single_Gunshot,2015-09-06,00:52:08,WashingtonDC5D,38.927,-76.995
6382,1D72480,Multiple_Gunshots,2015-09-06,01:01:08,WashingtonDC1D,38.89,-76.962
6383,7D179662,Single_Gunshot,2015-09-06,02:27:24,WashingtonDC7D,38.861,-76.969
6384,5D55287,Multiple_Gunshots,2015-09-06,02:53:08,WashingtonDC5D,38.908,-76.992
6385,7D179664,Multiple_Gunshots,2015-09-06,03:09:32,WashingtonDC7D,38.85,-76.973
6386,6D145853,Multiple_Gunshots,2015-09-06,03:25:44,WashingtonDC6D,38.886,-76.926
6387,6D145854,Multiple_Gunshots,2015-09-06,03:31:54,WashingtonDC6D,38.885,-76.935
6388,1D72481,Single_Gunshot,2015-09-06,04:09:00,WashingtonDC1D,38.899,-76.981
6389,7D179665,Multiple_Gunshots,2015-09-06,04:32:08,WashingtonDC7D,38.838,-76.989
6390,7D179666,Multiple_Gunshots,2015-09-06,04:34:53,WashingtonDC7D,38.838,-76.989
6391,6D145856,Single_Gunshot,2015-09-06,04:41:54,WashingtonDC6D,38.876,-76.931
6392,1D72482,Multiple_Gunshots,2015-09-06,11:53:09,WashingtonDC1D,38.876,-77.011
6393,1D72483,Single_Gunshot,2015-09-06,11:53:22,WashingtonDC1D,38.876,-77.011
6394,6D145860,Gunshot_or_Firecracker,2015-09-06,12:13:22,WashingtonDC6D,38.894,-76.931
6395,7D179672,Single_Gunshot,2015-09-06,13:18:28,WashingtonDC7D,38.827,-77.0
6396,6D145885,Multiple_Gunshots,2015-09-06,21:14:51,WashingtonDC6D,38.893,-76.911
6397,6D145892,Multiple_Gunshots,2015-09-06,21:33:48,WashingtonDC6D,38.905,-76.952
6398,7D179685,Multiple_Gunshots,2015-09-06,21:49:21,WashingtonDC7D,38.821,-77.001
6399,6D145916,Multiple_Gunshots,2015-09-06,22:50:28,WashingtonDC6D,38.908,-76.929
6400,4D47927,Multiple_Gunshots,2015-09-06,23:01:55,WashingtonDC4D,38.947,-77.021
6401,7D179686,Single_Gunshot,2015-09-06,23:28:41,WashingtonDC7D,38.828,-76.994
6402,7D179688,Single_Gunshot,2015-09-07,01:49:58,WashingtonDC7D,38.849,-76.98
6403,4D47928,Multiple_Gunshots,2015-09-07,01:54:15,WashingtonDC4D,38.949,-77.017
6404,4D47929,Single_Gunshot,2015-09-07,01:54:21,WashingtonDC4D,38.954,-77.022
6405,4D47930,Single_Gunshot,2015-09-07,02:45:38,WashingtonDC4D,38.958,-77.024
6406,4D47931,Multiple_Gunshots,2015-09-07,18:55:06,WashingtonDC4D,38.945,-77.019
6407,6D145940,Multiple_Gunshots,2015-09-07,20:42:39,WashingtonDC6D,38.902,-76.929
6408,7D179696,Single_Gunshot,2015-09-07,21:21:23,WashingtonDC7D,38.861,-76.981
6409,7D179703,Multiple_Gunshots,2015-09-07,21:49:01,WashingtonDC7D,38.846,-76.997
6410,7D179710,Multiple_Gunshots,2015-09-07,22:55:25,WashingtonDC7D,38.828,-77.008
6411,7D179711,Single_Gunshot,2015-09-07,23:26:10,WashingtonDC7D,38.844,-76.977
6412,6D145946,Single_Gunshot,2015-09-08,00:14:23,WashingtonDC6D,38.879,-76.965
6413,7D179712,Multiple_Gunshots,2015-09-08,01:38:30,WashingtonDC7D,38.834,-76.997
6414,6D145947,Single_Gunshot,2015-09-08,01:41:27,WashingtonDC6D,38.904,-76.938
6415,7D179715,Multiple_Gunshots,2015-09-08,02:31:21,WashingtonDC7D,38.834,-76.996
6416,6D145948,Multiple_Gunshots,2015-09-08,04:12:08,WashingtonDC6D,38.898,-76.916
6417,6D145950,Single_Gunshot,2015-09-08,05:16:30,WashingtonDC6D,38.87,-76.961
6418,6D145955,Single_Gunshot,2015-09-08,06:49:00,WashingtonDC6D,38.902,-76.925
6419,7D179722,Multiple_Gunshots,2015-09-08,19:58:13,WashingtonDC7D,38.833,-76.992
6420,1D72521,Multiple_Gunshots,2015-09-08,20:04:07,WashingtonDC1D,38.892,-76.975
6421,4D47940,Single_Gunshot,2015-09-08,20:40:28,WashingtonDC4D,38.953,-77.023
6422,4D47941,Single_Gunshot,2015-09-08,20:40:36,WashingtonDC4D,38.953,-77.023
6423,4D47942,Single_Gunshot,2015-09-08,20:40:45,WashingtonDC4D,38.953,-77.023
6424,6D145966,Single_Gunshot,2015-09-08,21:38:07,WashingtonDC6D,38.892,-76.911
6425,7D179725,Single_Gunshot,2015-09-08,23:53:19,WashingtonDC7D,38.859,-76.997
6426,7D179726,Single_Gunshot,2015-09-08,23:53:51,WashingtonDC7D,38.859,-76.997
6427,7D179728,Single_Gunshot,2015-09-08,23:54:20,WashingtonDC7D,38.86,-76.995
6428,7D179729,Single_Gunshot,2015-09-09,00:20:17,WashingtonDC7D,38.848,-76.975
6429,6D145971,Multiple_Gunshots,2015-09-09,01:59:24,WashingtonDC6D,38.911,-76.937
6430,7D179730,Multiple_Gunshots,2015-09-09,03:27:16,WashingtonDC7D,38.846,-76.971
6431,7D179731,Single_Gunshot,2015-09-09,05:07:37,WashingtonDC7D,38.828,-76.996
6432,1D72524,Multiple_Gunshots,2015-09-09,05:20:03,WashingtonDC1D,38.871,-77.007
6433,5D55335,Single_Gunshot,2015-09-09,07:54:12,WashingtonDC5D,38.907,-76.999
6434,7D179732,Multiple_Gunshots,2015-09-09,11:50:49,WashingtonDC7D,38.846,-76.973
6435,5D55336,Multiple_Gunshots,2015-09-09,12:24:57,WashingtonDC5D,38.9,-76.981
6436,7D179735,Multiple_Gunshots,2015-09-09,16:42:53,WashingtonDC7D,38.829,-76.995
6437,4D47946,Multiple_Gunshots,2015-09-09,20:43:32,WashingtonDC4D,38.951,-77.024
6438,7D179746,Multiple_Gunshots,2015-09-09,20:54:57,WashingtonDC7D,38.828,-77.002
6439,6D145979,Multiple_Gunshots,2015-09-09,22:38:43,WashingtonDC6D,38.877,-76.932
6440,6D145980,Multiple_Gunshots,2015-09-09,22:42:49,WashingtonDC6D,38.883,-76.944
6441,5D55340,Multiple_Gunshots,2015-09-10,00:10:22,WashingtonDC5D,38.904,-76.982
6442,5D55341,Multiple_Gunshots,2015-09-10,00:10:34,WashingtonDC5D,38.904,-76.982
6443,1D72532,Single_Gunshot,2015-09-10,01:41:23,WashingtonDC1D,38.875,-77.011
6444,7D179755,Single_Gunshot,2015-09-10,02:38:23,WashingtonDC7D,38.833,-77.001
6445,6D145983,Multiple_Gunshots,2015-09-10,08:09:22,WashingtonDC6D,38.891,-76.952
6446,7D179763,Single_Gunshot,2015-09-10,12:52:28,WashingtonDC7D,38.85,-76.974
6447,6D145992,Multiple_Gunshots,2015-09-11,15:16:33,WashingtonDC6D,38.889,-76.926
6448,6D145993,Gunshot_or_Firecracker,2015-09-11,15:31:03,WashingtonDC6D,38.898,-76.922
6449,7D179791,Multiple_Gunshots,2015-09-11,22:04:33,WashingtonDC7D,38.829,-76.993
6450,6D146005,Gunshot_or_Firecracker,2015-09-11,22:44:02,WashingtonDC6D,38.886,-76.936
6451,7D179793,Multiple_Gunshots,2015-09-11,22:45:02,WashingtonDC7D,38.832,-76.993
6452,6D146007,Multiple_Gunshots,2015-09-11,23:21:00,WashingtonDC6D,38.896,-76.929
6453,6D146008,Multiple_Gunshots,2015-09-11,23:21:25,WashingtonDC6D,38.896,-76.929
6454,7D179794,Multiple_Gunshots,2015-09-11,23:32:48,WashingtonDC7D,38.828,-77.002
6455,7D179796,Multiple_Gunshots,2015-09-11,23:58:03,WashingtonDC7D,38.828,-77.003
6456,7D179797,Multiple_Gunshots,2015-09-11,23:58:07,WashingtonDC7D,38.828,-77.002
6457,7D179798,Multiple_Gunshots,2015-09-11,23:58:08,WashingtonDC7D,38.83,-77.002
6458,6D146009,Multiple_Gunshots,2015-09-12,00:11:25,WashingtonDC6D,38.883,-76.937
6459,5D55359,Single_Gunshot,2015-09-12,00:26:58,WashingtonDC5D,38.922,-76.988
6460,5D55361,Multiple_Gunshots,2015-09-12,01:37:47,WashingtonDC5D,38.906,-77.011
6461,7D179799,Multiple_Gunshots,2015-09-12,01:44:33,WashingtonDC7D,38.846,-76.997
6462,7D179800,Multiple_Gunshots,2015-09-12,02:40:58,WashingtonDC7D,38.846,-76.978
6463,7D179801,Multiple_Gunshots,2015-09-12,03:14:29,WashingtonDC7D,38.854,-76.993
6464,5D55363,Multiple_Gunshots,2015-09-12,05:02:57,WashingtonDC5D,38.928,-76.979
6465,6D146021,Multiple_Gunshots,2015-09-12,20:01:53,WashingtonDC6D,38.884,-76.956
6466,5D55367,Single_Gunshot,2015-09-12,20:23:52,WashingtonDC5D,38.905,-77.009
6467,1D72595,Gunshot_or_Firecracker,2015-09-12,21:26:18,WashingtonDC1D,38.899,-76.982
6468,1D72596,Single_Gunshot,2015-09-12,22:31:47,WashingtonDC1D,38.899,-76.981
6469,6D146035,Multiple_Gunshots,2015-09-13,00:08:43,WashingtonDC6D,38.881,-76.938
6470,7D179820,Multiple_Gunshots,2015-09-13,00:11:53,WashingtonDC7D,38.836,-77.005
6471,6D146036,Multiple_Gunshots,2015-09-13,00:33:25,WashingtonDC6D,38.889,-76.96
6472,4D47961,Single_Gunshot,2015-09-13,00:42:27,WashingtonDC4D,38.948,-77.035
6473,6D146038,Multiple_Gunshots,2015-09-13,01:23:51,WashingtonDC6D,38.897,-76.938
6474,7D179821,Single_Gunshot,2015-09-13,02:23:00,WashingtonDC7D,38.831,-77.003
6475,6D146041,Multiple_Gunshots,2015-09-13,02:53:42,WashingtonDC6D,38.899,-76.916
6476,5D55374,Single_Gunshot,2015-09-13,02:58:51,WashingtonDC5D,38.925,-76.998
6477,7D179824,Multiple_Gunshots,2015-09-13,11:40:14,WashingtonDC7D,38.835,-77.005
6478,7D179827,Multiple_Gunshots,2015-09-13,12:41:23,WashingtonDC7D,38.848,-76.975
6479,6D146051,Multiple_Gunshots,2015-09-13,21:41:47,WashingtonDC6D,38.876,-76.951
6480,5D55376,Single_Gunshot,2015-09-13,23:29:37,WashingtonDC5D,38.923,-76.988
6481,6D146064,Multiple_Gunshots,2015-09-14,05:34:24,WashingtonDC6D,38.884,-76.944
6482,5D55383,Multiple_Gunshots,2015-09-14,13:03:18,WashingtonDC5D,38.909,-76.99
6483,1D72635,Single_Gunshot,2015-09-14,19:05:38,WashingtonDC1D,38.89,-76.99
6484,7D179856,Multiple_Gunshots,2015-09-14,19:57:01,WashingtonDC7D,38.828,-77.006
6485,6D146073,Multiple_Gunshots,2015-09-14,21:31:22,WashingtonDC6D,38.884,-76.959
6486,7D179865,Multiple_Gunshots,2015-09-14,22:42:05,WashingtonDC7D,38.831,-76.993
6487,5D55397,Gunshot_or_Firecracker,2015-09-15,07:24:54,WashingtonDC5D,38.91,-76.989
6488,7D179881,Multiple_Gunshots,2015-09-15,17:47:27,WashingtonDC7D,38.827,-76.991
6489,7D179887,Multiple_Gunshots,2015-09-15,21:20:54,WashingtonDC7D,38.844,-76.985
6490,7D179888,Multiple_Gunshots,2015-09-15,21:21:15,WashingtonDC7D,38.844,-76.985
6491,7D179889,Multiple_Gunshots,2015-09-15,22:22:26,WashingtonDC7D,38.842,-76.961
6492,7D179890,Multiple_Gunshots,2015-09-15,22:39:07,WashingtonDC7D,38.844,-77.002
6493,5D55409,Multiple_Gunshots,2015-09-16,00:22:16,WashingtonDC5D,38.905,-76.981
6494,4D47974,Multiple_Gunshots,2015-09-16,00:48:48,WashingtonDC4D,38.938,-77.017
6495,3D52371,Multiple_Gunshots,2015-09-16,00:48:49,WashingtonDC3D,38.938,-77.017
6496,4D47975,Multiple_Gunshots,2015-09-16,00:49:17,WashingtonDC4D,38.939,-77.017
6497,6D146090,Multiple_Gunshots,2015-09-16,02:55:34,WashingtonDC6D,38.89,-76.956
6498,6D146092,Single_Gunshot,2015-09-16,02:55:39,WashingtonDC6D,38.889,-76.956
6499,6D146093,Multiple_Gunshots,2015-09-16,02:55:41,WashingtonDC6D,38.889,-76.956
6500,6D146094,Single_Gunshot,2015-09-16,02:55:46,WashingtonDC6D,38.89,-76.954
6501,5D55416,Multiple_Gunshots,2015-09-16,19:11:39,WashingtonDC5D,38.908,-76.992
6502,7D179894,Multiple_Gunshots,2015-09-16,19:32:01,WashingtonDC7D,38.849,-76.977
6503,7D179896,Multiple_Gunshots,2015-09-16,22:48:34,WashingtonDC7D,38.848,-76.978
6504,7D179897,Multiple_Gunshots,2015-09-16,22:48:40,WashingtonDC7D,38.848,-76.978
6505,6D146109,Single_Gunshot,2015-09-17,00:59:26,WashingtonDC6D,38.893,-76.915
6506,7D179902,Single_Gunshot,2015-09-17,01:42:17,WashingtonDC7D,38.824,-76.998
6507,1D72725,Single_Gunshot,2015-09-17,02:24:09,WashingtonDC1D,38.896,-76.975
6508,6D146127,Multiple_Gunshots,2015-09-17,17:06:07,WashingtonDC6D,38.879,-76.925
6509,6D146128,Multiple_Gunshots,2015-09-17,17:09:21,WashingtonDC6D,38.871,-76.941
6510,6D146130,Multiple_Gunshots,2015-09-17,17:09:36,WashingtonDC6D,38.879,-76.925
6511,6D146133,Multiple_Gunshots,2015-09-17,17:53:04,WashingtonDC6D,38.871,-76.941
6512,7D179909,Multiple_Gunshots,2015-09-17,19:46:49,WashingtonDC7D,38.837,-76.981
6513,7D179912,Single_Gunshot,2015-09-17,22:38:38,WashingtonDC7D,38.847,-76.972
6514,6D146137,Multiple_Gunshots,2015-09-17,23:10:47,WashingtonDC6D,38.864,-76.977
6515,7D179913,Single_Gunshot,2015-09-17,23:33:56,WashingtonDC7D,38.857,-76.989
6516,6D146138,Single_Gunshot,2015-09-17,23:33:56,WashingtonDC6D,38.857,-76.989
6517,6D146139,Multiple_Gunshots,2015-09-18,00:03:13,WashingtonDC6D,38.871,-76.942
6518,7D179914,Single_Gunshot,2015-09-18,00:37:13,WashingtonDC7D,38.821,-77.009
6519,6D146141,Multiple_Gunshots,2015-09-18,01:54:06,WashingtonDC6D,38.884,-76.935
6520,5D55425,Multiple_Gunshots,2015-09-18,02:58:46,WashingtonDC5D,38.912,-76.987
6521,7D179915,Multiple_Gunshots,2015-09-18,14:05:37,WashingtonDC7D,38.827,-77.005
6522,7D179916,Multiple_Gunshots,2015-09-18,15:04:35,WashingtonDC7D,38.841,-76.987
6523,7D179919,Multiple_Gunshots,2015-09-18,22:05:31,WashingtonDC7D,38.822,-77.006
6524,6D146151,Multiple_Gunshots,2015-09-18,22:26:31,WashingtonDC6D,38.881,-76.933
6525,6D146152,Multiple_Gunshots,2015-09-18,22:55:02,WashingtonDC6D,38.904,-76.933
6526,3D52406,Single_Gunshot,2015-09-18,23:05:49,WashingtonDC3D,38.919,-77.035
6527,6D146153,Single_Gunshot,2015-09-18,23:11:56,WashingtonDC6D,38.891,-76.926
6528,7D179920,Multiple_Gunshots,2015-09-18,23:40:08,WashingtonDC7D,38.825,-77.009
6529,7D179921,Multiple_Gunshots,2015-09-18,23:40:17,WashingtonDC7D,38.826,-77.009
6530,6D146154,Multiple_Gunshots,2015-09-18,23:46:28,WashingtonDC6D,38.884,-76.931
6531,6D146155,Multiple_Gunshots,2015-09-19,00:23:46,WashingtonDC6D,38.893,-76.937
6532,5D55434,Multiple_Gunshots,2015-09-19,00:36:44,WashingtonDC5D,38.907,-76.987
6533,3D52407,Single_Gunshot,2015-09-19,00:37:42,WashingtonDC3D,38.919,-77.017
6534,3D52408,Single_Gunshot,2015-09-19,00:37:55,WashingtonDC3D,38.919,-77.017
6535,5D55435,Multiple_Gunshots,2015-09-19,00:50:11,WashingtonDC5D,38.928,-76.978
6536,7D179922,Multiple_Gunshots,2015-09-19,01:06:05,WashingtonDC7D,38.851,-76.969
6537,6D146156,Multiple_Gunshots,2015-09-19,01:06:10,WashingtonDC6D,38.865,-76.967
6538,6D146157,Multiple_Gunshots,2015-09-19,01:06:15,WashingtonDC6D,38.872,-76.962
6539,6D146158,Single_Gunshot,2015-09-19,01:21:22,WashingtonDC6D,38.884,-76.929
6540,3D52409,Single_Gunshot,2015-09-19,01:42:11,WashingtonDC3D,38.925,-77.041
6541,6D146160,Single_Gunshot,2015-09-19,02:27:12,WashingtonDC6D,38.889,-76.908
6542,6D146161,Single_Gunshot,2015-09-19,03:03:56,WashingtonDC6D,38.872,-76.934
6543,6D146162,Single_Gunshot,2015-09-19,03:06:47,WashingtonDC6D,38.872,-76.934
6544,7D179927,Multiple_Gunshots,2015-09-19,03:50:24,WashingtonDC7D,38.827,-76.998
6545,7D179928,Multiple_Gunshots,2015-09-19,03:50:28,WashingtonDC7D,38.828,-76.999
6546,6D146163,Multiple_Gunshots,2015-09-19,04:02:24,WashingtonDC6D,38.897,-76.928
6547,6D146164,Single_Gunshot,2015-09-19,04:44:27,WashingtonDC6D,38.889,-76.961
6548,6D146168,Multiple_Gunshots,2015-09-19,14:11:18,WashingtonDC6D,38.885,-76.954
6549,6D146176,Single_Gunshot,2015-09-19,18:55:01,WashingtonDC6D,38.9,-76.943
6550,7D179931,Multiple_Gunshots,2015-09-19,19:54:05,WashingtonDC7D,38.819,-77.0
6551,7D179933,Multiple_Gunshots,2015-09-19,19:58:43,WashingtonDC7D,38.826,-77.008
6552,7D179934,Multiple_Gunshots,2015-09-19,20:15:34,WashingtonDC7D,38.846,-76.985
6553,7D179935,Single_Gunshot,2015-09-19,20:20:29,WashingtonDC7D,38.843,-76.99
6554,1D72847,Single_Gunshot,2015-09-19,22:19:48,WashingtonDC1D,38.895,-76.974
6555,6D146223,Multiple_Gunshots,2015-09-20,01:23:58,WashingtonDC6D,38.91,-76.938
6556,6D146225,Multiple_Gunshots,2015-09-20,02:26:40,WashingtonDC6D,38.88,-76.93
6557,6D146227,Multiple_Gunshots,2015-09-20,02:26:51,WashingtonDC6D,38.88,-76.93
6558,6D146226,Multiple_Gunshots,2015-09-20,02:26:51,WashingtonDC6D,38.88,-76.93
6559,7D179952,Multiple_Gunshots,2015-09-20,03:14:40,WashingtonDC7D,38.85,-76.996
6560,6D146232,Multiple_Gunshots,2015-09-20,03:23:11,WashingtonDC6D,38.904,-76.947
6561,6D146233,Single_Gunshot,2015-09-20,03:23:19,WashingtonDC6D,38.904,-76.947
6562,6D146234,Multiple_Gunshots,2015-09-20,03:23:31,WashingtonDC6D,38.904,-76.947
6563,6D146236,Multiple_Gunshots,2015-09-20,03:41:12,WashingtonDC6D,38.884,-76.935
6564,6D146237,Multiple_Gunshots,2015-09-20,04:30:23,WashingtonDC6D,38.904,-76.947
6565,7D179953,Multiple_Gunshots,2015-09-20,04:41:03,WashingtonDC7D,38.841,-76.985
6566,6D146238,Single_Gunshot,2015-09-20,05:20:16,WashingtonDC6D,38.896,-76.918
6567,7D179954,Single_Gunshot,2015-09-20,06:29:45,WashingtonDC7D,38.835,-76.997
6568,7D179956,Single_Gunshot,2015-09-20,09:41:32,WashingtonDC7D,38.862,-76.984
6569,6D146242,Gunshot_or_Firecracker,2015-09-20,15:53:42,WashingtonDC6D,38.86,-76.999
6570,7D179962,Gunshot_or_Firecracker,2015-09-20,15:53:45,WashingtonDC7D,38.86,-76.999
6571,7D179963,Gunshot_or_Firecracker,2015-09-20,15:53:51,WashingtonDC7D,38.86,-76.999
6572,5D55504,Multiple_Gunshots,2015-09-20,20:15:38,WashingtonDC5D,38.906,-77.01
6573,5D55505,Multiple_Gunshots,2015-09-20,20:16:00,WashingtonDC5D,38.905,-77.008
6574,4D47995,Single_Gunshot,2015-09-21,02:07:31,WashingtonDC4D,38.949,-77.029
6575,7D179966,Single_Gunshot,2015-09-21,03:08:54,WashingtonDC7D,38.834,-76.994
6576,6D146255,Single_Gunshot,2015-09-21,03:17:59,WashingtonDC6D,38.903,-76.93
6577,7D179975,Single_Gunshot,2015-09-21,23:49:41,WashingtonDC7D,38.828,-77.003
6578,7D179977,Single_Gunshot,2015-09-22,03:38:31,WashingtonDC7D,38.844,-76.994
6579,6D146267,Single_Gunshot,2015-09-22,09:10:19,WashingtonDC6D,38.89,-76.953
6580,5D55516,Multiple_Gunshots,2015-09-22,18:58:52,WashingtonDC5D,38.907,-76.991
6581,7D179986,Multiple_Gunshots,2015-09-22,19:17:44,WashingtonDC7D,38.84,-76.988
6582,7D179987,Multiple_Gunshots,2015-09-22,19:23:46,WashingtonDC7D,38.849,-76.972
6583,3D52436,Multiple_Gunshots,2015-09-22,20:25:27,WashingtonDC3D,38.918,-77.032
6584,6D146282,Single_Gunshot,2015-09-22,20:38:35,WashingtonDC6D,38.894,-76.925
6585,6D146283,Multiple_Gunshots,2015-09-22,20:46:35,WashingtonDC6D,38.886,-76.925
6586,7D179989,Multiple_Gunshots,2015-09-22,22:12:59,WashingtonDC7D,38.851,-76.978
6587,7D179990,Single_Gunshot,2015-09-22,22:24:59,WashingtonDC7D,38.843,-76.998
6588,7D179991,Single_Gunshot,2015-09-23,00:04:02,WashingtonDC7D,38.828,-76.993
6589,6D146287,Multiple_Gunshots,2015-09-23,00:36:24,WashingtonDC6D,38.89,-76.967
6590,1D72872,Single_Gunshot,2015-09-23,00:36:25,WashingtonDC1D,38.89,-76.968
6591,7D179993,Single_Gunshot,2015-09-23,01:18:23,WashingtonDC7D,38.835,-77.006
6592,7D179994,Multiple_Gunshots,2015-09-23,03:05:34,WashingtonDC7D,38.849,-76.98
6593,6D146288,Multiple_Gunshots,2015-09-23,06:32:25,WashingtonDC6D,38.89,-76.953
6594,7D180000,Multiple_Gunshots,2015-09-23,10:44:47,WashingtonDC7D,38.827,-76.994
6595,3D52437,Multiple_Gunshots,2015-09-23,13:58:07,WashingtonDC3D,38.925,-77.03
6596,1D72881,Multiple_Gunshots,2015-09-23,15:03:05,WashingtonDC1D,38.898,-76.98
6597,7D180004,Multiple_Gunshots,2015-09-23,20:25:06,WashingtonDC7D,38.859,-76.999
6598,6D146291,Gunshot_or_Firecracker,2015-09-23,20:36:00,WashingtonDC6D,38.91,-76.936
6599,5D55527,Multiple_Gunshots,2015-09-23,21:28:41,WashingtonDC5D,38.899,-76.976
6600,1D72885,Multiple_Gunshots,2015-09-23,21:28:41,WashingtonDC1D,38.899,-76.976
6601,6D146294,Single_Gunshot,2015-09-23,22:25:52,WashingtonDC6D,38.901,-76.933
6602,3D52442,Single_Gunshot,2015-09-23,22:39:42,WashingtonDC3D,38.929,-77.023
6603,6D146296,Single_Gunshot,2015-09-24,00:52:53,WashingtonDC6D,38.902,-76.931
6604,7D180010,Single_Gunshot,2015-09-24,02:19:58,WashingtonDC7D,38.822,-77.007
6605,6D146300,Multiple_Gunshots,2015-09-24,05:46:57,WashingtonDC6D,38.895,-76.925
6606,4D48009,Multiple_Gunshots,2015-09-24,08:40:28,WashingtonDC4D,38.955,-77.02
6607,1D72893,Multiple_Gunshots,2015-09-24,09:43:11,WashingtonDC1D,38.9,-76.974
6608,1D72902,Multiple_Gunshots,2015-09-24,18:11:29,WashingtonDC1D,38.89,-76.986
6609,7D180027,Multiple_Gunshots,2015-09-24,20:51:21,WashingtonDC7D,38.851,-76.978
6610,7D180028,Multiple_Gunshots,2015-09-24,22:00:29,WashingtonDC7D,38.845,-76.999
6611,7D180029,Multiple_Gunshots,2015-09-24,22:00:49,WashingtonDC7D,38.845,-76.998
6612,6D146317,Single_Gunshot,2015-09-24,22:28:15,WashingtonDC6D,38.881,-76.939
6613,7D180030,Multiple_Gunshots,2015-09-24,23:12:02,WashingtonDC7D,38.85,-76.963
6614,7D180031,Multiple_Gunshots,2015-09-24,23:12:17,WashingtonDC7D,38.849,-76.967
6615,7D180032,Multiple_Gunshots,2015-09-24,23:12:24,WashingtonDC7D,38.849,-76.969
6616,6D146319,Single_Gunshot,2015-09-25,00:05:09,WashingtonDC6D,38.881,-76.934
6617,6D146320,Single_Gunshot,2015-09-25,00:24:09,WashingtonDC6D,38.91,-76.939
6618,6D146321,Single_Gunshot,2015-09-25,01:17:27,WashingtonDC6D,38.894,-76.948
6619,1D72906,Multiple_Gunshots,2015-09-25,03:09:58,WashingtonDC1D,38.898,-76.984
6620,5D55535,Multiple_Gunshots,2015-09-25,03:09:59,WashingtonDC5D,38.9,-76.983
6621,7D180033,Single_Gunshot,2015-09-25,04:59:06,WashingtonDC7D,38.857,-76.994
6622,1D72911,Multiple_Gunshots,2015-09-25,09:01:24,WashingtonDC1D,38.898,-76.978
6623,1D72912,Multiple_Gunshots,2015-09-25,09:01:54,WashingtonDC1D,38.898,-76.978
6624,7D180035,Multiple_Gunshots,2015-09-25,14:45:23,WashingtonDC7D,38.834,-76.982
6625,7D180038,Multiple_Gunshots,2015-09-25,17:01:30,WashingtonDC7D,38.829,-77.0
6626,7D180039,Multiple_Gunshots,2015-09-25,17:01:35,WashingtonDC7D,38.828,-77.0
6627,1D72931,Multiple_Gunshots,2015-09-25,21:26:10,WashingtonDC1D,38.878,-77.015
6628,1D72932,Multiple_Gunshots,2015-09-25,21:26:33,WashingtonDC1D,38.878,-77.015
6629,7D180046,Multiple_Gunshots,2015-09-25,22:05:54,WashingtonDC7D,38.841,-76.973
6630,7D180047,Single_Gunshot,2015-09-25,23:28:43,WashingtonDC7D,38.835,-76.997
6631,7D180048,Multiple_Gunshots,2015-09-25,23:52:52,WashingtonDC7D,38.859,-76.988
6632,6D146352,Multiple_Gunshots,2015-09-25,23:53:00,WashingtonDC6D,38.879,-76.966
6633,5D55545,Multiple_Gunshots,2015-09-26,01:21:46,WashingtonDC5D,38.924,-76.999
6634,3D52459,Multiple_Gunshots,2015-09-26,01:21:50,WashingtonDC3D,38.923,-77.002
6635,7D180049,Single_Gunshot,2015-09-26,01:38:34,WashingtonDC7D,38.85,-76.973
6636,7D180050,Multiple_Gunshots,2015-09-26,01:49:34,WashingtonDC7D,38.827,-76.994
6637,6D146354,Multiple_Gunshots,2015-09-26,02:00:59,WashingtonDC6D,38.878,-76.931
6638,6D146355,Single_Gunshot,2015-09-26,02:06:28,WashingtonDC6D,38.882,-76.933
6639,6D146356,Multiple_Gunshots,2015-09-26,03:06:37,WashingtonDC6D,38.901,-76.937
6640,5D55546,Single_Gunshot,2015-09-26,03:09:38,WashingtonDC5D,38.922,-76.975
6641,6D146358,Multiple_Gunshots,2015-09-26,03:30:53,WashingtonDC6D,38.899,-76.932
6642,5D55547,Multiple_Gunshots,2015-09-26,04:18:16,WashingtonDC5D,38.898,-76.978
6643,1D72934,Multiple_Gunshots,2015-09-26,04:18:16,WashingtonDC1D,38.898,-76.978
6644,6D146363,Multiple_Gunshots,2015-09-26,12:34:48,WashingtonDC6D,38.869,-76.946
6645,1D72939,Gunshot_or_Firecracker,2015-09-26,12:42:01,WashingtonDC1D,38.892,-76.984
6646,6D146364,Multiple_Gunshots,2015-09-26,20:48:52,WashingtonDC6D,38.893,-76.927
6647,7D180070,Multiple_Gunshots,2015-09-27,00:35:37,WashingtonDC7D,38.835,-76.997
6648,7D180071,Multiple_Gunshots,2015-09-27,01:19:43,WashingtonDC7D,38.822,-77.009
6649,7D180072,Multiple_Gunshots,2015-09-27,01:19:47,WashingtonDC7D,38.826,-77.005
6650,7D180073,Single_Gunshot,2015-09-27,01:32:00,WashingtonDC7D,38.827,-76.986
6651,6D146366,Multiple_Gunshots,2015-09-27,03:06:19,WashingtonDC6D,38.876,-76.932
6652,4D48021,Single_Gunshot,2015-09-27,03:10:01,WashingtonDC4D,38.955,-77.016
6653,6D146367,Multiple_Gunshots,2015-09-27,03:33:13,WashingtonDC6D,38.889,-76.956
6654,7D180074,Single_Gunshot,2015-09-27,07:13:52,WashingtonDC7D,38.841,-76.987
6655,7D180077,Multiple_Gunshots,2015-09-27,09:55:58,WashingtonDC7D,38.829,-77.006
6656,6D146418,Multiple_Gunshots,2015-09-27,19:55:25,WashingtonDC6D,38.903,-76.943
6657,7D180085,Multiple_Gunshots,2015-09-27,20:17:10,WashingtonDC7D,38.864,-76.976
6658,7D180091,Multiple_Gunshots,2015-09-27,21:17:12,WashingtonDC7D,38.843,-76.997
6659,7D180094,Multiple_Gunshots,2015-09-27,21:51:41,WashingtonDC7D,38.829,-77.006
6660,7D180095,Single_Gunshot,2015-09-27,22:10:02,WashingtonDC7D,38.818,-76.997
6661,7D180096,Multiple_Gunshots,2015-09-27,22:36:39,WashingtonDC7D,38.829,-77.005
6662,7D180097,Single_Gunshot,2015-09-28,00:47:55,WashingtonDC7D,38.849,-76.973
6663,6D146424,Multiple_Gunshots,2015-09-28,00:53:25,WashingtonDC6D,38.891,-76.935
6664,6D146425,Multiple_Gunshots,2015-09-28,00:53:29,WashingtonDC6D,38.891,-76.935
6665,6D146426,Multiple_Gunshots,2015-09-28,00:53:34,WashingtonDC6D,38.875,-76.934
6666,6D146433,Multiple_Gunshots,2015-09-28,17:58:32,WashingtonDC6D,38.903,-76.924
6667,7D180108,Single_Gunshot,2015-09-28,20:19:34,WashingtonDC7D,38.839,-76.994
6668,6D146436,Multiple_Gunshots,2015-09-28,20:44:44,WashingtonDC6D,38.887,-76.953
6669,6D146439,Multiple_Gunshots,2015-09-28,21:56:27,WashingtonDC6D,38.881,-76.934
6670,7D180109,Multiple_Gunshots,2015-09-28,23:49:53,WashingtonDC7D,38.853,-76.976
6671,7D180110,Single_Gunshot,2015-09-29,04:29:15,WashingtonDC7D,38.827,-77.002
6672,7D180112,Multiple_Gunshots,2015-09-29,13:40:59,WashingtonDC7D,38.831,-77.004
6673,7D180114,Multiple_Gunshots,2015-09-29,19:18:35,WashingtonDC7D,38.861,-76.989
6674,7D180116,Single_Gunshot,2015-09-30,00:16:49,WashingtonDC7D,38.826,-77.003
6675,6D146446,Single_Gunshot,2015-09-30,01:39:23,WashingtonDC6D,38.884,-76.935
6676,7D180117,Multiple_Gunshots,2015-09-30,14:17:09,WashingtonDC7D,38.857,-76.967
6677,6D146449,Multiple_Gunshots,2015-09-30,16:31:11,WashingtonDC6D,38.886,-76.951
6678,5D55571,Multiple_Gunshots,2015-09-30,20:12:35,WashingtonDC5D,38.907,-76.991
6679,1D73038,Single_Gunshot,2015-09-30,23:49:29,WashingtonDC1D,38.893,-76.976
6680,5D55572,Single_Gunshot,2015-09-30,23:49:30,WashingtonDC5D,38.893,-76.976
6681,1D73039,Single_Gunshot,2015-09-30,23:49:49,WashingtonDC1D,38.893,-76.976
6682,6D146464,Single_Gunshot,2015-10-01,02:36:17,WashingtonDC6D,38.885,-76.927
6683,5D55577,Multiple_Gunshots,2015-10-01,15:01:44,WashingtonDC5D,38.927,-76.973
6684,6D146468,Multiple_Gunshots,2015-10-01,17:26:43,WashingtonDC6D,38.87,-76.978
6685,5D55578,Multiple_Gunshots,2015-10-02,07:17:33,WashingtonDC5D,38.939,-76.97
6686,6D146491,Multiple_Gunshots,2015-10-02,21:05:32,WashingtonDC6D,38.876,-76.974
6687,7D180121,Single_Gunshot,2015-10-02,22:17:56,WashingtonDC7D,38.826,-77.002
6688,1D73044,Single_Gunshot,2015-10-02,22:36:51,WashingtonDC1D,38.889,-76.984
6689,6D146492,Multiple_Gunshots,2015-10-02,22:41:27,WashingtonDC6D,38.882,-76.925
6690,7D180122,Single_Gunshot,2015-10-03,03:30:25,WashingtonDC7D,38.84,-76.997
6691,6D146493,Multiple_Gunshots,2015-10-03,06:01:11,WashingtonDC6D,38.89,-76.953
6692,3D52492,Multiple_Gunshots,2015-10-03,13:39:07,WashingtonDC3D,38.92,-77.021
6693,7D180124,Single_Gunshot,2015-10-03,16:48:32,WashingtonDC7D,38.827,-77.002
6694,7D180125,Single_Gunshot,2015-10-03,17:46:33,WashingtonDC7D,38.829,-76.993
6695,7D180127,Single_Gunshot,2015-10-03,19:25:03,WashingtonDC7D,38.852,-76.979
6696,7D180129,Single_Gunshot,2015-10-03,21:41:41,WashingtonDC7D,38.848,-76.982
6697,7D180130,Multiple_Gunshots,2015-10-03,23:37:06,WashingtonDC7D,38.849,-76.979
6698,4D48033,Single_Gunshot,2015-10-04,05:15:33,WashingtonDC4D,38.956,-77.012
6699,7D180133,Single_Gunshot,2015-10-04,18:29:29,WashingtonDC7D,38.855,-76.97
6700,6D146509,Multiple_Gunshots,2015-10-04,19:22:34,WashingtonDC6D,38.882,-76.931
6701,6D146517,Multiple_Gunshots,2015-10-04,20:11:46,WashingtonDC6D,38.909,-76.925
6702,7D180134,Single_Gunshot,2015-10-04,23:41:06,WashingtonDC7D,38.826,-77.003
6703,6D146518,Multiple_Gunshots,2015-10-05,00:50:05,WashingtonDC6D,38.91,-76.937
6704,7D180136,Single_Gunshot,2015-10-05,02:48:36,WashingtonDC7D,38.847,-76.973
6705,4D48041,Multiple_Gunshots,2015-10-05,13:01:35,WashingtonDC4D,38.955,-77.022
6706,6D146524,Single_Gunshot,2015-10-05,19:05:42,WashingtonDC6D,38.905,-76.936
6707,6D146527,Gunshot_or_Firecracker,2015-10-05,19:57:58,WashingtonDC6D,38.872,-76.967
6708,6D146528,Multiple_Gunshots,2015-10-05,20:01:51,WashingtonDC6D,38.881,-76.931
6709,7D180151,Multiple_Gunshots,2015-10-05,20:36:12,WashingtonDC7D,38.848,-76.977
6710,7D180152,Single_Gunshot,2015-10-05,20:41:03,WashingtonDC7D,38.848,-76.977
6711,5D55594,Multiple_Gunshots,2015-10-05,21:07:01,WashingtonDC5D,38.925,-76.997
6712,7D180155,Single_Gunshot,2015-10-05,23:39:26,WashingtonDC7D,38.828,-77.002
6713,7D180156,Multiple_Gunshots,2015-10-06,01:19:26,WashingtonDC7D,38.831,-77.008
6714,6D146531,Single_Gunshot,2015-10-06,01:26:30,WashingtonDC6D,38.902,-76.943
6715,5D55597,Multiple_Gunshots,2015-10-06,01:30:11,WashingtonDC5D,38.933,-76.976
6716,7D180157,Multiple_Gunshots,2015-10-06,02:11:05,WashingtonDC7D,38.823,-77.002
6717,5D55598,Single_Gunshot,2015-10-06,02:13:22,WashingtonDC5D,38.922,-76.988
6718,6D146536,Multiple_Gunshots,2015-10-06,04:14:26,WashingtonDC6D,38.896,-76.917
6719,7D180158,Multiple_Gunshots,2015-10-06,04:17:52,WashingtonDC7D,38.858,-76.997
6720,7D180159,Multiple_Gunshots,2015-10-06,04:17:57,WashingtonDC7D,38.857,-76.997
6721,6D146537,Multiple_Gunshots,2015-10-06,04:20:11,WashingtonDC6D,38.896,-76.917
6722,7D180165,Multiple_Gunshots,2015-10-06,10:53:27,WashingtonDC7D,38.872,-76.995
6723,7D180174,Multiple_Gunshots,2015-10-06,11:09:45,WashingtonDC7D,38.872,-76.995
6724,7D180176,Multiple_Gunshots,2015-10-06,11:51:59,WashingtonDC7D,38.847,-76.972
6725,6D146560,Multiple_Gunshots,2015-10-06,20:06:30,WashingtonDC6D,38.909,-76.934
6726,7D180183,Multiple_Gunshots,2015-10-06,20:17:02,WashingtonDC7D,38.829,-77.006
6727,6D146562,Multiple_Gunshots,2015-10-06,20:45:41,WashingtonDC6D,38.887,-76.951
6728,4D48048,Multiple_Gunshots,2015-10-06,20:56:25,WashingtonDC4D,38.95,-77.014
6729,6D146568,Single_Gunshot,2015-10-06,21:56:58,WashingtonDC6D,38.873,-76.938
6730,6D146569,Multiple_Gunshots,2015-10-06,21:59:55,WashingtonDC6D,38.892,-76.912
6731,7D180188,Multiple_Gunshots,2015-10-06,22:39:29,WashingtonDC7D,38.827,-77.001
6732,7D180189,Multiple_Gunshots,2015-10-06,23:22:16,WashingtonDC7D,38.862,-76.986
6733,4D48051,Single_Gunshot,2015-10-06,23:47:55,WashingtonDC4D,38.947,-77.031
6734,6D146573,Multiple_Gunshots,2015-10-07,01:20:43,WashingtonDC6D,38.87,-76.976
6735,7D180190,Multiple_Gunshots,2015-10-07,01:20:48,WashingtonDC7D,38.853,-76.974
6736,7D180191,Multiple_Gunshots,2015-10-07,01:24:13,WashingtonDC7D,38.827,-77.006
6737,7D180192,Multiple_Gunshots,2015-10-07,01:24:18,WashingtonDC7D,38.827,-77.006
6738,7D180193,Multiple_Gunshots,2015-10-07,01:59:48,WashingtonDC7D,38.86,-76.986
6739,7D180194,Single_Gunshot,2015-10-07,02:00:30,WashingtonDC7D,38.826,-77.008
6740,4D48052,Single_Gunshot,2015-10-07,02:15:29,WashingtonDC4D,38.95,-77.017
6741,7D180195,Single_Gunshot,2015-10-07,02:17:14,WashingtonDC7D,38.832,-76.988
6742,7D180196,Single_Gunshot,2015-10-07,02:17:29,WashingtonDC7D,38.832,-76.988
6743,7D180197,Multiple_Gunshots,2015-10-07,03:32:13,WashingtonDC7D,38.856,-76.968
6744,7D180198,Single_Gunshot,2015-10-07,03:47:44,WashingtonDC7D,38.849,-76.975
6745,5D55618,Single_Gunshot,2015-10-07,05:15:06,WashingtonDC5D,38.89,-76.974
6746,1D73141,Single_Gunshot,2015-10-07,05:15:06,WashingtonDC1D,38.89,-76.974
6747,7D180199,Multiple_Gunshots,2015-10-07,09:47:42,WashingtonDC7D,38.841,-76.993
6748,5D55623,Multiple_Gunshots,2015-10-07,13:07:01,WashingtonDC5D,38.921,-76.982
6749,6D146588,Single_Gunshot,2015-10-07,17:41:55,WashingtonDC6D,38.887,-76.962
6750,7D180205,Single_Gunshot,2015-10-07,18:09:39,WashingtonDC7D,38.835,-77.004
6751,6D146594,Multiple_Gunshots,2015-10-07,19:59:48,WashingtonDC6D,38.873,-76.971
6752,7D180210,Multiple_Gunshots,2015-10-07,20:18:11,WashingtonDC7D,38.838,-76.991
6753,6D146598,Single_Gunshot,2015-10-07,22:09:12,WashingtonDC6D,38.895,-76.948
6754,7D180217,Single_Gunshot,2015-10-07,23:22:06,WashingtonDC7D,38.82,-76.997
6755,7D180219,Single_Gunshot,2015-10-07,23:52:44,WashingtonDC7D,38.82,-76.997
6756,5D55629,Single_Gunshot,2015-10-07,23:54:21,WashingtonDC5D,38.925,-76.972
6757,6D146600,Multiple_Gunshots,2015-10-08,00:20:18,WashingtonDC6D,38.883,-76.924
6758,5D55630,Single_Gunshot,2015-10-08,01:05:10,WashingtonDC5D,38.931,-76.96
6759,6D146601,Multiple_Gunshots,2015-10-08,01:05:52,WashingtonDC6D,38.895,-76.934
6760,6D146602,Multiple_Gunshots,2015-10-08,02:39:10,WashingtonDC6D,38.911,-76.937
6761,6D146603,Single_Gunshot,2015-10-08,02:40:33,WashingtonDC6D,38.882,-76.934
6762,3D52517,Multiple_Gunshots,2015-10-08,02:53:44,WashingtonDC3D,38.908,-77.023
6763,5D55631,Multiple_Gunshots,2015-10-08,02:53:47,WashingtonDC5D,38.912,-77.008
6764,7D180222,Multiple_Gunshots,2015-10-08,10:55:03,WashingtonDC7D,38.834,-76.991
6765,6D146606,Single_Gunshot,2015-10-08,18:35:19,WashingtonDC6D,38.897,-76.928
6766,7D180229,Single_Gunshot,2015-10-08,19:33:00,WashingtonDC7D,38.845,-76.998
6767,7D180230,Multiple_Gunshots,2015-10-08,20:09:25,WashingtonDC7D,38.847,-76.975
6768,7D180231,Multiple_Gunshots,2015-10-08,21:18:59,WashingtonDC7D,38.839,-76.997
6769,7D180232,Single_Gunshot,2015-10-08,21:35:21,WashingtonDC7D,38.824,-77.0
6770,6D146614,Multiple_Gunshots,2015-10-08,21:55:42,WashingtonDC6D,38.895,-76.927
6771,6D146616,Multiple_Gunshots,2015-10-08,22:43:12,WashingtonDC6D,38.892,-76.912
6772,6D146617,Single_Gunshot,2015-10-08,23:00:12,WashingtonDC6D,38.91,-76.937
6773,6D146618,Multiple_Gunshots,2015-10-08,23:00:34,WashingtonDC6D,38.87,-76.938
6774,7D180234,Single_Gunshot,2015-10-08,23:15:58,WashingtonDC7D,38.854,-76.987
6775,6D146619,Single_Gunshot,2015-10-08,23:15:58,WashingtonDC6D,38.855,-76.987
6776,6D146623,Single_Gunshot,2015-10-09,04:17:13,WashingtonDC6D,38.884,-76.957
6777,6D146625,Multiple_Gunshots,2015-10-09,15:02:52,WashingtonDC6D,38.878,-76.93
6778,7D180239,Single_Gunshot,2015-10-09,15:17:15,WashingtonDC7D,38.858,-76.997
6779,7D180240,Multiple_Gunshots,2015-10-09,15:17:29,WashingtonDC7D,38.858,-76.997
6780,1D73228,Single_Gunshot,2015-10-09,18:58:30,WashingtonDC1D,38.856,-77.013
6781,6D146630,Gunshot_or_Firecracker,2015-10-09,20:21:00,WashingtonDC6D,38.892,-76.916
6782,7D180262,Multiple_Gunshots,2015-10-09,21:23:46,WashingtonDC7D,38.86,-77.001
6783,5D55650,Multiple_Gunshots,2015-10-09,21:50:12,WashingtonDC5D,38.921,-76.984
6784,5D55652,Single_Gunshot,2015-10-09,21:51:06,WashingtonDC5D,38.937,-76.973
6785,7D180264,Multiple_Gunshots,2015-10-09,22:20:21,WashingtonDC7D,38.853,-76.978
6786,7D180267,Multiple_Gunshots,2015-10-09,23:56:02,WashingtonDC7D,38.853,-76.979
6787,4D48063,Multiple_Gunshots,2015-10-09,23:58:32,WashingtonDC4D,38.958,-77.023
6788,7D180268,Multiple_Gunshots,2015-10-10,00:20:42,WashingtonDC7D,38.863,-76.984
6789,6D146634,Multiple_Gunshots,2015-10-10,00:20:43,WashingtonDC6D,38.863,-76.985
6790,7D180269,Single_Gunshot,2015-10-10,00:36:27,WashingtonDC7D,38.826,-77.006
6791,7D180270,Multiple_Gunshots,2015-10-10,00:36:39,WashingtonDC7D,38.825,-77.006
6792,5D55653,Multiple_Gunshots,2015-10-10,00:42:31,WashingtonDC5D,38.925,-76.983
6793,6D146635,Single_Gunshot,2015-10-10,00:54:02,WashingtonDC6D,38.887,-76.956
6794,6D146637,Multiple_Gunshots,2015-10-10,02:02:47,WashingtonDC6D,38.886,-76.928
6795,6D146638,Single_Gunshot,2015-10-10,02:09:13,WashingtonDC6D,38.894,-76.919
6796,6D146639,Multiple_Gunshots,2015-10-10,02:41:18,WashingtonDC6D,38.88,-76.924
6797,6D146640,Multiple_Gunshots,2015-10-10,02:57:07,WashingtonDC6D,38.892,-76.956
6798,6D146641,Multiple_Gunshots,2015-10-10,02:57:33,WashingtonDC6D,38.891,-76.953
6799,6D146642,Multiple_Gunshots,2015-10-10,04:01:45,WashingtonDC6D,38.918,-76.945
6800,5D55654,Multiple_Gunshots,2015-10-10,04:54:29,WashingtonDC5D,38.924,-76.987
6801,7D180276,Multiple_Gunshots,2015-10-10,15:37:22,WashingtonDC7D,38.834,-76.996
6802,7D180293,Single_Gunshot,2015-10-10,19:49:43,WashingtonDC7D,38.853,-76.978
6803,7D180300,Single_Gunshot,2015-10-10,20:28:43,WashingtonDC7D,38.841,-77.003
6804,1D73236,Multiple_Gunshots,2015-10-10,22:15:28,WashingtonDC1D,38.871,-77.011
6805,6D146650,Single_Gunshot,2015-10-10,23:03:22,WashingtonDC6D,38.882,-76.927
6806,6D146652,Single_Gunshot,2015-10-10,23:23:43,WashingtonDC6D,38.883,-76.962
6807,4D48065,Single_Gunshot,2015-10-11,00:18:41,WashingtonDC4D,38.946,-77.008
6808,7D180318,Multiple_Gunshots,2015-10-11,00:49:17,WashingtonDC7D,38.846,-76.973
6809,7D180319,Multiple_Gunshots,2015-10-11,00:49:25,WashingtonDC7D,38.828,-76.995
6810,7D180320,Single_Gunshot,2015-10-11,01:24:40,WashingtonDC7D,38.82,-76.997
6811,5D55668,Multiple_Gunshots,2015-10-11,02:34:18,WashingtonDC5D,38.926,-76.986
6812,6D146653,Single_Gunshot,2015-10-11,02:40:26,WashingtonDC6D,38.886,-76.952
6813,7D180322,Multiple_Gunshots,2015-10-11,02:51:08,WashingtonDC7D,38.828,-77.008
6814,7D180323,Multiple_Gunshots,2015-10-11,02:51:17,WashingtonDC7D,38.835,-76.997
6815,7D180324,Multiple_Gunshots,2015-10-11,02:51:20,WashingtonDC7D,38.829,-77.007
6816,7D180325,Single_Gunshot,2015-10-11,02:51:27,WashingtonDC7D,38.824,-77.013
6817,6D146654,Single_Gunshot,2015-10-11,03:29:20,WashingtonDC6D,38.908,-76.924
6818,6D146661,Multiple_Gunshots,2015-10-11,14:34:02,WashingtonDC6D,38.891,-76.941
6819,1D73250,Single_Gunshot,2015-10-11,17:42:27,WashingtonDC1D,38.899,-76.979
6820,7D180335,Multiple_Gunshots,2015-10-11,20:37:09,WashingtonDC7D,38.853,-76.985
6821,6D146666,Multiple_Gunshots,2015-10-11,20:42:27,WashingtonDC6D,38.895,-76.924
6822,5D55671,Multiple_Gunshots,2015-10-11,22:09:36,WashingtonDC5D,38.923,-76.989
6823,7D180336,Multiple_Gunshots,2015-10-11,22:35:53,WashingtonDC7D,38.849,-76.958
6824,4D48070,Single_Gunshot,2015-10-11,22:47:47,WashingtonDC4D,38.936,-77.024
6825,6D146668,Single_Gunshot,2015-10-11,23:31:26,WashingtonDC6D,38.883,-76.962
6826,6D146670,Single_Gunshot,2015-10-12,00:12:40,WashingtonDC6D,38.887,-76.928
6827,3D52544,Single_Gunshot,2015-10-12,02:45:15,WashingtonDC3D,38.92,-77.021
6828,7D180340,Single_Gunshot,2015-10-12,03:16:12,WashingtonDC7D,38.844,-76.996
6829,6D146671,Multiple_Gunshots,2015-10-12,03:54:11,WashingtonDC6D,38.894,-76.936
6830,7D180341,Multiple_Gunshots,2015-10-12,04:55:48,WashingtonDC7D,38.856,-76.994
6831,1D73274,Multiple_Gunshots,2015-10-12,20:38:20,WashingtonDC1D,38.897,-76.976
6832,5D55680,Multiple_Gunshots,2015-10-13,00:04:11,WashingtonDC5D,38.923,-76.987
6833,6D146679,Multiple_Gunshots,2015-10-13,02:54:06,WashingtonDC6D,38.872,-76.973
6834,6D146680,Multiple_Gunshots,2015-10-13,03:46:01,WashingtonDC6D,38.902,-76.925
6835,7D180350,Multiple_Gunshots,2015-10-13,19:12:31,WashingtonDC7D,38.842,-76.987
6836,7D180351,Single_Gunshot,2015-10-13,20:55:28,WashingtonDC7D,38.853,-76.985
6837,7D180355,Multiple_Gunshots,2015-10-13,21:54:11,WashingtonDC7D,38.825,-77.008
6838,6D146696,Multiple_Gunshots,2015-10-13,22:55:19,WashingtonDC6D,38.888,-76.956
6839,1D73313,Multiple_Gunshots,2015-10-14,01:09:20,WashingtonDC1D,38.871,-77.012
6840,4D48080,Single_Gunshot,2015-10-14,01:16:08,WashingtonDC4D,38.958,-77.021
6841,6D146699,Single_Gunshot,2015-10-14,04:14:18,WashingtonDC6D,38.878,-76.926
6842,7D180364,Multiple_Gunshots,2015-10-14,08:07:28,WashingtonDC7D,38.844,-76.987
6843,1D73330,Multiple_Gunshots,2015-10-14,10:54:21,WashingtonDC1D,38.878,-77.024
6844,7D180371,Multiple_Gunshots,2015-10-14,19:58:39,WashingtonDC7D,38.834,-76.993
6845,5D55710,Multiple_Gunshots,2015-10-14,20:57:25,WashingtonDC5D,38.931,-76.981
6846,6D146713,Multiple_Gunshots,2015-10-14,21:43:48,WashingtonDC6D,38.879,-76.955
6847,6D146716,Multiple_Gunshots,2015-10-15,00:22:50,WashingtonDC6D,38.886,-76.93
6848,6D146717,Multiple_Gunshots,2015-10-15,00:22:56,WashingtonDC6D,38.884,-76.929
6849,6D146720,Single_Gunshot,2015-10-15,09:19:11,WashingtonDC6D,38.902,-76.942
6850,7D180383,Single_Gunshot,2015-10-15,23:30:31,WashingtonDC7D,38.822,-77.001
6851,7D180384,Single_Gunshot,2015-10-16,00:13:22,WashingtonDC7D,38.826,-76.997
6852,6D146738,Multiple_Gunshots,2015-10-16,12:42:24,WashingtonDC6D,38.894,-76.925
6853,1D73391,Multiple_Gunshots,2015-10-16,12:42:26,WashingtonDC1D,38.877,-77.015
6854,5D55730,Single_Gunshot,2015-10-16,16:45:01,WashingtonDC5D,38.901,-76.986
6855,1D73397,Single_Gunshot,2015-10-16,16:45:02,WashingtonDC1D,38.901,-76.985
6856,6D146742,Single_Gunshot,2015-10-16,17:26:49,WashingtonDC6D,38.893,-76.949
6857,7D180402,Multiple_Gunshots,2015-10-16,19:07:16,WashingtonDC7D,38.845,-76.998
6858,6D146745,Single_Gunshot,2015-10-16,19:26:38,WashingtonDC6D,38.891,-76.941
6859,6D146746,Multiple_Gunshots,2015-10-16,20:09:47,WashingtonDC6D,38.896,-76.914
6860,7D180424,Multiple_Gunshots,2015-10-16,21:26:48,WashingtonDC7D,38.827,-76.998
6861,7D180426,Multiple_Gunshots,2015-10-16,21:26:54,WashingtonDC7D,38.828,-76.999
6862,7D180428,Multiple_Gunshots,2015-10-16,21:27:20,WashingtonDC7D,38.828,-76.999
6863,5D55733,Single_Gunshot,2015-10-16,21:30:12,WashingtonDC5D,38.907,-77.008
6864,6D146747,Multiple_Gunshots,2015-10-16,22:01:46,WashingtonDC6D,38.893,-76.926
6865,6D146749,Multiple_Gunshots,2015-10-16,23:11:36,WashingtonDC6D,38.889,-76.936
6866,6D146750,Multiple_Gunshots,2015-10-16,23:35:32,WashingtonDC6D,38.882,-76.936
6867,6D146751,Single_Gunshot,2015-10-17,00:43:01,WashingtonDC6D,38.883,-76.946
6868,5D55734,Single_Gunshot,2015-10-17,00:57:59,WashingtonDC5D,38.909,-76.984
6869,5D55735,Multiple_Gunshots,2015-10-17,02:55:53,WashingtonDC5D,38.901,-76.987
6870,1D73410,Multiple_Gunshots,2015-10-17,02:55:54,WashingtonDC1D,38.901,-76.988
6871,5D55736,Single_Gunshot,2015-10-17,03:16:34,WashingtonDC5D,38.916,-77.002
6872,6D146759,Multiple_Gunshots,2015-10-17,20:53:26,WashingtonDC6D,38.885,-76.933
6873,7D180443,Multiple_Gunshots,2015-10-17,21:47:37,WashingtonDC7D,38.827,-77.002
6874,7D180444,Single_Gunshot,2015-10-18,00:36:47,WashingtonDC7D,38.844,-76.974
6875,7D180445,Single_Gunshot,2015-10-18,00:37:51,WashingtonDC7D,38.84,-76.994
6876,1D73444,Multiple_Gunshots,2015-10-18,00:43:47,WashingtonDC1D,38.897,-76.982
6877,5D55737,Single_Gunshot,2015-10-18,00:43:48,WashingtonDC5D,38.897,-76.983
6878,6D146763,Single_Gunshot,2015-10-18,02:36:48,WashingtonDC6D,38.901,-76.924
6879,6D146764,Multiple_Gunshots,2015-10-18,02:45:40,WashingtonDC6D,38.901,-76.924
6880,6D146765,Single_Gunshot,2015-10-18,02:46:06,WashingtonDC6D,38.893,-76.925
6881,6D146766,Multiple_Gunshots,2015-10-18,02:46:23,WashingtonDC6D,38.893,-76.925
6882,6D146768,Single_Gunshot,2015-10-18,02:46:27,WashingtonDC6D,38.893,-76.925
6883,6D146767,Single_Gunshot,2015-10-18,02:46:27,WashingtonDC6D,38.894,-76.925
6884,6D146769,Single_Gunshot,2015-10-18,03:41:49,WashingtonDC6D,38.887,-76.917
6885,6D146771,Multiple_Gunshots,2015-10-18,05:28:57,WashingtonDC6D,38.883,-76.946
6886,1D73446,Multiple_Gunshots,2015-10-18,05:46:29,WashingtonDC1D,38.874,-77.013
6887,1D73459,Multiple_Gunshots,2015-10-18,16:02:10,WashingtonDC1D,38.89,-76.971
6888,1D73461,Multiple_Gunshots,2015-10-18,16:02:13,WashingtonDC1D,38.89,-76.971
6889,1D73463,Multiple_Gunshots,2015-10-18,16:02:17,WashingtonDC1D,38.89,-76.971
6890,1D73466,Multiple_Gunshots,2015-10-18,16:02:26,WashingtonDC1D,38.89,-76.971
6891,1D73489,Multiple_Gunshots,2015-10-18,16:04:38,WashingtonDC1D,38.891,-76.974
6892,1D73490,Multiple_Gunshots,2015-10-18,16:04:41,WashingtonDC1D,38.89,-76.971
6893,7D180450,Multiple_Gunshots,2015-10-18,16:58:08,WashingtonDC7D,38.831,-77.006
6894,5D55758,Multiple_Gunshots,2015-10-18,17:49:21,WashingtonDC5D,38.903,-76.975
6895,5D55760,Multiple_Gunshots,2015-10-18,18:56:13,WashingtonDC5D,38.92,-76.982
6896,7D180453,Multiple_Gunshots,2015-10-18,21:13:56,WashingtonDC7D,38.828,-76.999
6897,6D146810,Multiple_Gunshots,2015-10-19,01:10:02,WashingtonDC6D,38.894,-76.928
6898,7D180454,Multiple_Gunshots,2015-10-19,01:38:09,WashingtonDC7D,38.833,-76.988
6899,5D55761,Multiple_Gunshots,2015-10-19,02:06:14,WashingtonDC5D,38.913,-76.984
6900,5D55762,Single_Gunshot,2015-10-19,02:06:24,WashingtonDC5D,38.913,-76.984
6901,5D55763,Multiple_Gunshots,2015-10-19,02:06:28,WashingtonDC5D,38.912,-76.984
6902,5D55764,Multiple_Gunshots,2015-10-19,02:06:41,WashingtonDC5D,38.912,-76.985
6903,5D55765,Multiple_Gunshots,2015-10-19,02:06:55,WashingtonDC5D,38.912,-76.985
6904,1D73495,Multiple_Gunshots,2015-10-19,02:38:23,WashingtonDC1D,38.882,-77.009
6905,1D73496,Single_Gunshot,2015-10-19,02:38:27,WashingtonDC1D,38.882,-77.009
6906,1D73497,Single_Gunshot,2015-10-19,02:38:28,WashingtonDC1D,38.881,-77.009
6907,6D146811,Multiple_Gunshots,2015-10-19,04:03:57,WashingtonDC6D,38.892,-76.949
6908,5D55768,Multiple_Gunshots,2015-10-19,11:15:44,WashingtonDC5D,38.909,-76.984
6909,7D180459,Multiple_Gunshots,2015-10-19,18:13:53,WashingtonDC7D,38.844,-76.97
6910,7D180460,Multiple_Gunshots,2015-10-19,19:11:32,WashingtonDC7D,38.834,-76.99
6911,7D180461,Multiple_Gunshots,2015-10-19,19:11:39,WashingtonDC7D,38.834,-76.989
6912,7D180462,Multiple_Gunshots,2015-10-19,20:01:45,WashingtonDC7D,38.829,-76.993
6913,6D146826,Single_Gunshot,2015-10-19,23:14:22,WashingtonDC6D,38.894,-76.917
6914,7D180464,Multiple_Gunshots,2015-10-19,23:40:52,WashingtonDC7D,38.828,-76.999
6915,7D180465,Multiple_Gunshots,2015-10-20,00:39:08,WashingtonDC7D,38.826,-76.998
6916,7D180466,Multiple_Gunshots,2015-10-20,00:48:22,WashingtonDC7D,38.825,-77.001
6917,5D55774,Single_Gunshot,2015-10-20,03:11:23,WashingtonDC5D,38.902,-76.993
6918,7D180473,Single_Gunshot,2015-10-20,03:27:41,WashingtonDC7D,38.848,-77.002
6919,3D52595,Multiple_Gunshots,2015-10-20,11:09:37,WashingtonDC3D,38.928,-77.025
6920,6D146833,Multiple_Gunshots,2015-10-20,12:23:08,WashingtonDC6D,38.895,-76.924
6921,6D146837,Multiple_Gunshots,2015-10-20,16:48:23,WashingtonDC6D,38.887,-76.951
6922,7D180487,Multiple_Gunshots,2015-10-20,19:59:51,WashingtonDC7D,38.834,-76.988
6923,6D146852,Multiple_Gunshots,2015-10-20,22:34:59,WashingtonDC6D,38.894,-76.924
6924,7D180488,Multiple_Gunshots,2015-10-20,23:18:29,WashingtonDC7D,38.827,-76.998
6925,7D180489,Multiple_Gunshots,2015-10-20,23:18:40,WashingtonDC7D,38.826,-76.999
6926,7D180490,Multiple_Gunshots,2015-10-20,23:18:49,WashingtonDC7D,38.827,-76.998
6927,7D180492,Single_Gunshot,2015-10-20,23:19:14,WashingtonDC7D,38.827,-76.999
6928,7D180493,Multiple_Gunshots,2015-10-20,23:45:32,WashingtonDC7D,38.83,-76.993
6929,7D180495,Single_Gunshot,2015-10-21,00:46:00,WashingtonDC7D,38.824,-77.002
6930,6D146854,Multiple_Gunshots,2015-10-21,01:26:46,WashingtonDC6D,38.892,-76.918
6931,6D146855,Multiple_Gunshots,2015-10-21,01:26:55,WashingtonDC6D,38.892,-76.919
6932,7D180496,Multiple_Gunshots,2015-10-21,02:18:10,WashingtonDC7D,38.844,-76.984
6933,7D180498,Single_Gunshot,2015-10-21,03:51:04,WashingtonDC7D,38.849,-77.0
6934,6D146861,Multiple_Gunshots,2015-10-21,09:22:23,WashingtonDC6D,38.876,-76.931
6935,6D146873,Multiple_Gunshots,2015-10-21,14:45:34,WashingtonDC6D,38.912,-76.937
6936,6D146874,Multiple_Gunshots,2015-10-21,15:37:35,WashingtonDC6D,38.884,-76.953
6937,7D180506,Multiple_Gunshots,2015-10-21,16:30:45,WashingtonDC7D,38.832,-77.006
6938,1D73567,Gunshot_or_Firecracker,2015-10-21,20:37:59,WashingtonDC1D,38.89,-76.965
6939,6D146893,Multiple_Gunshots,2015-10-21,20:52:39,WashingtonDC6D,38.886,-76.953
6940,6D146894,Multiple_Gunshots,2015-10-21,21:28:44,WashingtonDC6D,38.871,-76.977
6941,7D180514,Multiple_Gunshots,2015-10-21,21:41:57,WashingtonDC7D,38.853,-76.979
6942,6D146897,Single_Gunshot,2015-10-21,21:53:17,WashingtonDC6D,38.893,-76.949
6943,6D146899,Single_Gunshot,2015-10-21,22:19:47,WashingtonDC6D,38.885,-76.925
6944,6D146900,Single_Gunshot,2015-10-21,23:02:38,WashingtonDC6D,38.888,-76.94
6945,5D55791,Single_Gunshot,2015-10-21,23:33:56,WashingtonDC5D,38.908,-76.987
6946,7D180517,Single_Gunshot,2015-10-22,00:10:57,WashingtonDC7D,38.818,-77.0
6947,7D180518,Single_Gunshot,2015-10-22,00:49:14,WashingtonDC7D,38.855,-76.991
6948,6D146902,Single_Gunshot,2015-10-22,00:49:15,WashingtonDC6D,38.855,-76.991
6949,7D180519,Single_Gunshot,2015-10-22,00:51:39,WashingtonDC7D,38.855,-76.991
6950,6D146903,Single_Gunshot,2015-10-22,00:51:39,WashingtonDC6D,38.855,-76.991
6951,6D146904,Multiple_Gunshots,2015-10-22,02:00:52,WashingtonDC6D,38.92,-76.931
6952,6D146905,Single_Gunshot,2015-10-22,02:08:34,WashingtonDC6D,38.91,-76.933
6953,6D146930,Single_Gunshot,2015-10-22,21:44:47,WashingtonDC6D,38.882,-76.928
6954,7D180525,Single_Gunshot,2015-10-22,22:05:01,WashingtonDC7D,38.83,-76.999
6955,6D146934,Single_Gunshot,2015-10-23,00:32:51,WashingtonDC6D,38.865,-76.944
6956,6D146935,Multiple_Gunshots,2015-10-23,01:21:59,WashingtonDC6D,38.882,-76.946
6957,5D55799,Single_Gunshot,2015-10-23,02:16:54,WashingtonDC5D,38.92,-76.979
6958,3D52612,Multiple_Gunshots,2015-10-23,04:24:26,WashingtonDC3D,38.923,-77.022
6959,7D180526,Multiple_Gunshots,2015-10-23,06:03:38,WashingtonDC7D,38.847,-77.01
6960,4D48149,Gunshot_or_Firecracker,2015-10-23,09:42:22,WashingtonDC4D,38.957,-77.023
6961,4D48150,Gunshot_or_Firecracker,2015-10-23,09:47:31,WashingtonDC4D,38.957,-77.023
6962,7D180531,Single_Gunshot,2015-10-23,15:52:25,WashingtonDC7D,38.844,-76.987
6963,6D146939,Single_Gunshot,2015-10-23,16:43:18,WashingtonDC6D,38.864,-76.992
6964,1D73623,Single_Gunshot,2015-10-23,17:58:08,WashingtonDC1D,38.901,-76.976
6965,1D73625,Multiple_Gunshots,2015-10-23,19:29:42,WashingtonDC1D,38.897,-76.979
6966,7D180541,Multiple_Gunshots,2015-10-23,21:08:59,WashingtonDC7D,38.826,-77.0
6967,6D146946,Multiple_Gunshots,2015-10-23,21:15:23,WashingtonDC6D,38.892,-76.952
6968,1D73626,Multiple_Gunshots,2015-10-23,21:35:34,WashingtonDC1D,38.888,-76.98
6969,7D180542,Multiple_Gunshots,2015-10-23,21:58:18,WashingtonDC7D,38.849,-76.981
6970,6D146948,Multiple_Gunshots,2015-10-23,22:23:39,WashingtonDC6D,38.892,-76.956
6971,6D146950,Multiple_Gunshots,2015-10-23,22:23:44,WashingtonDC6D,38.892,-76.956
6972,6D146951,Multiple_Gunshots,2015-10-23,22:24:06,WashingtonDC6D,38.892,-76.956
6973,3D52620,Single_Gunshot,2015-10-23,22:59:41,WashingtonDC3D,38.925,-77.041
6974,7D180544,Single_Gunshot,2015-10-24,01:13:43,WashingtonDC7D,38.835,-76.996
6975,6D146954,Multiple_Gunshots,2015-10-24,01:26:05,WashingtonDC6D,38.886,-76.906
6976,6D146955,Multiple_Gunshots,2015-10-24,01:27:07,WashingtonDC6D,38.906,-76.953
6977,7D180545,Single_Gunshot,2015-10-24,01:49:31,WashingtonDC7D,38.847,-76.971
6978,7D180547,Multiple_Gunshots,2015-10-24,02:04:23,WashingtonDC7D,38.831,-77.001
6979,7D180548,Single_Gunshot,2015-10-24,02:16:57,WashingtonDC7D,38.846,-76.998
6980,7D180549,Multiple_Gunshots,2015-10-24,02:17:59,WashingtonDC7D,38.843,-76.973
6981,7D180550,Multiple_Gunshots,2015-10-24,02:18:07,WashingtonDC7D,38.844,-76.976
6982,3D52621,Gunshot_or_Firecracker,2015-10-24,02:47:11,WashingtonDC3D,38.925,-77.041
6983,7D180551,Multiple_Gunshots,2015-10-24,03:02:42,WashingtonDC7D,38.846,-76.996
6984,6D146957,Single_Gunshot,2015-10-24,03:11:35,WashingtonDC6D,38.894,-76.949
6985,6D146958,Multiple_Gunshots,2015-10-24,03:57:14,WashingtonDC6D,38.883,-76.903
6986,7D180553,Multiple_Gunshots,2015-10-24,04:07:34,WashingtonDC7D,38.846,-76.971
6987,6D146965,Single_Gunshot,2015-10-24,10:36:47,WashingtonDC6D,38.9,-76.939
6988,1D73628,Multiple_Gunshots,2015-10-24,10:45:41,WashingtonDC1D,38.897,-76.979
6989,7D180558,Multiple_Gunshots,2015-10-24,17:40:13,WashingtonDC7D,38.821,-77.006
6990,6D146972,Single_Gunshot,2015-10-24,18:26:06,WashingtonDC6D,38.879,-76.931
6991,4D48160,Multiple_Gunshots,2015-10-24,20:13:32,WashingtonDC4D,38.931,-77.022
6992,3D52625,Multiple_Gunshots,2015-10-24,20:13:32,WashingtonDC3D,38.932,-77.022
6993,3D52626,Multiple_Gunshots,2015-10-24,20:13:34,WashingtonDC3D,38.932,-77.023
6994,3D52627,Multiple_Gunshots,2015-10-24,20:13:38,WashingtonDC3D,38.933,-77.023
6995,4D48162,Multiple_Gunshots,2015-10-24,20:13:45,WashingtonDC4D,38.932,-77.023
6996,3D52628,Multiple_Gunshots,2015-10-24,20:13:45,WashingtonDC3D,38.933,-77.024
6997,3D52629,Single_Gunshot,2015-10-24,20:13:52,WashingtonDC3D,38.932,-77.026
6998,6D146978,Single_Gunshot,2015-10-24,21:37:48,WashingtonDC6D,38.893,-76.922
6999,5D55815,Multiple_Gunshots,2015-10-24,21:59:20,WashingtonDC5D,38.923,-76.971
7000,6D146979,Multiple_Gunshots,2015-10-24,22:07:35,WashingtonDC6D,38.893,-76.929
7001,6D146980,Multiple_Gunshots,2015-10-24,22:19:51,WashingtonDC6D,38.88,-76.929
7002,6D146981,Multiple_Gunshots,2015-10-24,22:20:11,WashingtonDC6D,38.88,-76.929
7003,4D48163,Multiple_Gunshots,2015-10-24,22:38:27,WashingtonDC4D,38.941,-77.017
7004,4D48164,Multiple_Gunshots,2015-10-24,22:38:38,WashingtonDC4D,38.941,-77.017
7005,4D48165,Single_Gunshot,2015-10-24,22:38:47,WashingtonDC4D,38.941,-77.017
7006,3D52630,Multiple_Gunshots,2015-10-24,22:49:21,WashingtonDC3D,38.905,-77.02
7007,7D180563,Single_Gunshot,2015-10-25,00:12:11,WashingtonDC7D,38.846,-76.988
7008,7D180564,Multiple_Gunshots,2015-10-25,00:13:48,WashingtonDC7D,38.833,-76.988
7009,7D180565,Single_Gunshot,2015-10-25,00:13:53,WashingtonDC7D,38.841,-76.996
7010,6D146983,Single_Gunshot,2015-10-25,00:29:38,WashingtonDC6D,38.886,-76.952
7011,5D55818,Multiple_Gunshots,2015-10-25,00:53:46,WashingtonDC5D,38.925,-76.999
7012,6D146990,Multiple_Gunshots,2015-10-25,01:13:46,WashingtonDC6D,38.901,-76.937
7013,7D180571,Single_Gunshot,2015-10-25,01:15:26,WashingtonDC7D,38.825,-77.008
7014,6D146993,Multiple_Gunshots,2015-10-25,01:38:14,WashingtonDC6D,38.882,-76.964
7015,7D180572,Multiple_Gunshots,2015-10-25,02:08:46,WashingtonDC7D,38.822,-76.996
7016,7D180573,Multiple_Gunshots,2015-10-25,02:08:57,WashingtonDC7D,38.823,-76.998
7017,1D73642,Single_Gunshot,2015-10-25,02:46:18,WashingtonDC1D,38.898,-76.974
7018,4D48167,Multiple_Gunshots,2015-10-25,10:26:33,WashingtonDC4D,38.946,-77.017
7019,7D180576,Multiple_Gunshots,2015-10-25,19:27:54,WashingtonDC7D,38.831,-77.001
7020,7D180580,Multiple_Gunshots,2015-10-25,21:02:13,WashingtonDC7D,38.844,-76.979
7021,1D73643,Multiple_Gunshots,2015-10-25,22:39:23,WashingtonDC1D,38.901,-76.976
7022,7D180583,Multiple_Gunshots,2015-10-25,23:33:43,WashingtonDC7D,38.848,-76.982
7023,7D180584,Multiple_Gunshots,2015-10-26,02:11:52,WashingtonDC7D,38.83,-76.999
7024,4D48172,Single_Gunshot,2015-10-26,02:43:47,WashingtonDC4D,38.953,-77.025
7025,4D48173,Single_Gunshot,2015-10-26,03:52:10,WashingtonDC4D,38.962,-77.027
7026,6D147014,Single_Gunshot,2015-10-26,03:53:56,WashingtonDC6D,38.909,-76.925
7027,7D180586,Multiple_Gunshots,2015-10-26,05:58:37,WashingtonDC7D,38.847,-77.009
7028,5D55823,Multiple_Gunshots,2015-10-26,11:56:50,WashingtonDC5D,38.902,-76.976
7029,1D73654,Multiple_Gunshots,2015-10-26,11:56:51,WashingtonDC1D,38.902,-76.976
7030,7D180605,Multiple_Gunshots,2015-10-26,20:39:53,WashingtonDC7D,38.827,-76.998
7031,7D180606,Multiple_Gunshots,2015-10-26,21:18:30,WashingtonDC7D,38.845,-76.972
7032,6D147023,Multiple_Gunshots,2015-10-26,23:42:56,WashingtonDC6D,38.869,-76.94
7033,7D180608,Single_Gunshot,2015-10-27,01:09:26,WashingtonDC7D,38.855,-76.969
7034,7D180609,Single_Gunshot,2015-10-27,01:14:50,WashingtonDC7D,38.847,-76.969
7035,6D147026,Gunshot_or_Firecracker,2015-10-27,03:02:24,WashingtonDC6D,38.897,-76.918
7036,6D147027,Single_Gunshot,2015-10-27,03:03:10,WashingtonDC6D,38.898,-76.913
7037,7D180610,Single_Gunshot,2015-10-27,04:31:52,WashingtonDC7D,38.85,-76.972
7038,1D73675,Multiple_Gunshots,2015-10-27,08:07:27,WashingtonDC1D,38.879,-77.024
7039,3D52653,Multiple_Gunshots,2015-10-27,11:43:20,WashingtonDC3D,38.915,-77.023
7040,6D147032,Multiple_Gunshots,2015-10-27,20:44:56,WashingtonDC6D,38.879,-76.929
7041,6D147033,Multiple_Gunshots,2015-10-27,21:17:23,WashingtonDC6D,38.885,-76.953
7042,6D147034,Multiple_Gunshots,2015-10-27,21:17:53,WashingtonDC6D,38.885,-76.953
7043,7D180621,Multiple_Gunshots,2015-10-27,21:28:12,WashingtonDC7D,38.844,-76.977
7044,7D180624,Multiple_Gunshots,2015-10-27,22:07:54,WashingtonDC7D,38.833,-77.006
7045,6D147042,Multiple_Gunshots,2015-10-27,23:47:07,WashingtonDC6D,38.91,-76.939
7046,6D147043,Single_Gunshot,2015-10-28,00:26:38,WashingtonDC6D,38.912,-76.935
7047,6D147044,Multiple_Gunshots,2015-10-28,00:27:06,WashingtonDC6D,38.907,-76.932
7048,7D180625,Multiple_Gunshots,2015-10-28,02:34:54,WashingtonDC7D,38.841,-76.972
7049,6D147045,Multiple_Gunshots,2015-10-28,07:25:00,WashingtonDC6D,38.875,-76.932
7050,1D73698,Multiple_Gunshots,2015-10-28,07:49:12,WashingtonDC1D,38.879,-77.024
7051,3D52666,Multiple_Gunshots,2015-10-28,15:03:11,WashingtonDC3D,38.92,-77.021
7052,6D147048,Multiple_Gunshots,2015-10-28,15:23:17,WashingtonDC6D,38.89,-76.936
7053,7D180628,Multiple_Gunshots,2015-10-28,15:57:30,WashingtonDC7D,38.844,-76.997
7054,6D147050,Multiple_Gunshots,2015-10-28,18:16:50,WashingtonDC6D,38.897,-76.94
7055,6D147051,Multiple_Gunshots,2015-10-28,18:40:09,WashingtonDC6D,38.901,-76.925
7056,7D180631,Single_Gunshot,2015-10-28,21:58:42,WashingtonDC7D,38.85,-76.972
7057,6D147068,Multiple_Gunshots,2015-10-28,23:52:33,WashingtonDC6D,38.884,-76.922
7058,6D147069,Multiple_Gunshots,2015-10-29,00:10:34,WashingtonDC6D,38.86,-76.999
7059,6D147072,Single_Gunshot,2015-10-29,04:27:12,WashingtonDC6D,38.883,-76.923
7060,6D147073,Multiple_Gunshots,2015-10-29,07:14:43,WashingtonDC6D,38.895,-76.924
7061,6D147074,Multiple_Gunshots,2015-10-29,07:14:47,WashingtonDC6D,38.895,-76.924
7062,7D180634,Multiple_Gunshots,2015-10-29,09:30:17,WashingtonDC7D,38.845,-76.98
7063,7D180635,Single_Gunshot,2015-10-29,09:30:36,WashingtonDC7D,38.847,-76.981
7064,7D180636,Single_Gunshot,2015-10-29,09:30:46,WashingtonDC7D,38.846,-76.98
7065,5D55846,Multiple_Gunshots,2015-10-29,14:10:56,WashingtonDC5D,38.911,-76.986
7066,6D147083,Gunshot_or_Firecracker,2015-10-29,18:55:12,WashingtonDC6D,38.89,-76.953
7067,7D180645,Multiple_Gunshots,2015-10-29,19:31:45,WashingtonDC7D,38.821,-77.009
7068,7D180646,Multiple_Gunshots,2015-10-29,19:50:37,WashingtonDC7D,38.829,-76.993
7069,7D180650,Single_Gunshot,2015-10-29,22:30:42,WashingtonDC7D,38.844,-77.002
7070,5D55856,Single_Gunshot,2015-10-29,23:13:36,WashingtonDC5D,38.909,-76.985
7071,5D55857,Multiple_Gunshots,2015-10-29,23:13:58,WashingtonDC5D,38.909,-76.985
7072,7D180651,Multiple_Gunshots,2015-10-29,23:48:53,WashingtonDC7D,38.853,-76.979
7073,5D55858,Single_Gunshot,2015-10-29,23:55:35,WashingtonDC5D,38.904,-76.99
7074,7D180652,Multiple_Gunshots,2015-10-30,00:58:53,WashingtonDC7D,38.865,-76.984
7075,6D147086,Single_Gunshot,2015-10-30,01:11:33,WashingtonDC6D,38.889,-76.937
7076,6D147087,Single_Gunshot,2015-10-30,01:13:32,WashingtonDC6D,38.89,-76.963
7077,6D147093,Single_Gunshot,2015-10-30,02:22:49,WashingtonDC6D,38.897,-76.918
7078,7D180653,Multiple_Gunshots,2015-10-30,04:27:11,WashingtonDC7D,38.837,-76.992
7079,5D55861,Multiple_Gunshots,2015-10-30,16:23:40,WashingtonDC5D,38.928,-76.977
7080,7D180657,Single_Gunshot,2015-10-30,17:55:39,WashingtonDC7D,38.852,-76.981
7081,7D180658,Single_Gunshot,2015-10-30,17:57:01,WashingtonDC7D,38.853,-76.981
7082,7D180662,Single_Gunshot,2015-10-30,19:41:55,WashingtonDC7D,38.832,-77.009
7083,7D180664,Multiple_Gunshots,2015-10-30,21:32:09,WashingtonDC7D,38.842,-76.982
7084,1D73752,Multiple_Gunshots,2015-10-30,21:37:27,WashingtonDC1D,38.891,-76.979
7085,7D180667,Multiple_Gunshots,2015-10-30,21:46:14,WashingtonDC7D,38.853,-76.978
7086,6D147103,Multiple_Gunshots,2015-10-30,23:15:21,WashingtonDC6D,38.877,-76.932
7087,7D180671,Single_Gunshot,2015-10-31,00:21:52,WashingtonDC7D,38.827,-76.998
7088,7D180672,Single_Gunshot,2015-10-31,00:30:44,WashingtonDC7D,38.833,-77.009
7089,7D180673,Multiple_Gunshots,2015-10-31,00:34:18,WashingtonDC7D,38.854,-76.972
7090,6D147105,Multiple_Gunshots,2015-10-31,01:05:42,WashingtonDC6D,38.892,-76.955
7091,7D180674,Single_Gunshot,2015-10-31,01:29:47,WashingtonDC7D,38.836,-76.987
7092,3D52680,Single_Gunshot,2015-10-31,01:50:02,WashingtonDC3D,38.916,-77.041
7093,5D55867,Single_Gunshot,2015-10-31,02:00:13,WashingtonDC5D,38.924,-77.009
7094,7D180675,Multiple_Gunshots,2015-10-31,02:09:19,WashingtonDC7D,38.844,-76.978
7095,7D180677,Multiple_Gunshots,2015-10-31,02:46:52,WashingtonDC7D,38.843,-76.992
7096,6D147106,Multiple_Gunshots,2015-10-31,02:54:05,WashingtonDC6D,38.883,-76.943
7097,6D147107,Single_Gunshot,2015-10-31,03:26:21,WashingtonDC6D,38.883,-76.932
7098,4D48196,Single_Gunshot,2015-10-31,04:09:48,WashingtonDC4D,38.949,-77.016
7099,3D52681,Multiple_Gunshots,2015-10-31,04:13:21,WashingtonDC3D,38.921,-77.033
7100,5D55868,Multiple_Gunshots,2015-10-31,04:13:29,WashingtonDC5D,38.919,-77.022
7101,7D180678,Multiple_Gunshots,2015-10-31,05:55:15,WashingtonDC7D,38.856,-76.97
7102,7D180691,Multiple_Gunshots,2015-10-31,21:05:29,WashingtonDC7D,38.846,-76.973
7103,6D147126,Multiple_Gunshots,2015-10-31,21:24:49,WashingtonDC6D,38.891,-76.951
7104,6D147129,Multiple_Gunshots,2015-10-31,22:35:40,WashingtonDC6D,38.883,-76.935
7105,6D147130,Single_Gunshot,2015-10-31,22:51:16,WashingtonDC6D,38.869,-76.939
7106,7D180696,Single_Gunshot,2015-10-31,23:19:01,WashingtonDC7D,38.833,-76.989
7107,5D55872,Single_Gunshot,2015-10-31,23:20:49,WashingtonDC5D,38.922,-76.962
7108,5D55873,Single_Gunshot,2015-10-31,23:21:02,WashingtonDC5D,38.921,-76.962
7109,7D180701,Multiple_Gunshots,2015-10-31,23:28:16,WashingtonDC7D,38.834,-76.994
7110,7D180702,Multiple_Gunshots,2015-10-31,23:33:09,WashingtonDC7D,38.824,-76.999
7111,7D180706,Single_Gunshot,2015-11-01,00:42:25,WashingtonDC7D,38.848,-76.977
7112,6D147131,Single_Gunshot,2015-11-01,00:56:13,WashingtonDC6D,38.892,-76.954
7113,7D180707,Multiple_Gunshots,2015-11-01,00:56:47,WashingtonDC7D,38.849,-77.004
7114,7D180708,Single_Gunshot,2015-11-01,01:01:39,WashingtonDC7D,38.845,-76.989
7115,7D180709,Multiple_Gunshots,2015-11-01,01:11:48,WashingtonDC7D,38.829,-76.993
7116,7D180710,Multiple_Gunshots,2015-11-01,01:18:32,WashingtonDC7D,38.864,-76.981
7117,4D48217,Single_Gunshot,2015-11-01,02:15:56,WashingtonDC4D,38.95,-77.022
7118,7D180711,Multiple_Gunshots,2015-11-01,02:24:02,WashingtonDC7D,38.844,-76.991
7119,7D180712,Multiple_Gunshots,2015-11-01,03:50:51,WashingtonDC7D,38.844,-76.986
7120,6D147136,Single_Gunshot,2015-11-01,04:03:10,WashingtonDC6D,38.869,-76.968
7121,7D180714,Multiple_Gunshots,2015-11-01,05:39:37,WashingtonDC7D,38.832,-76.99
7122,7D180715,Multiple_Gunshots,2015-11-01,05:39:49,WashingtonDC7D,38.832,-76.991
7123,6D147137,Multiple_Gunshots,2015-11-01,09:04:20,WashingtonDC6D,38.883,-76.941
7124,4D48221,Multiple_Gunshots,2015-11-01,13:48:21,WashingtonDC4D,38.953,-77.025
7125,1D73781,Multiple_Gunshots,2015-11-01,15:04:52,WashingtonDC1D,38.89,-76.971
7126,6D147155,Multiple_Gunshots,2015-11-01,20:52:01,WashingtonDC6D,38.863,-76.939
7127,3D52700,Single_Gunshot,2015-11-02,00:09:19,WashingtonDC3D,38.928,-77.036
7128,1D73785,Single_Gunshot,2015-11-02,00:12:28,WashingtonDC1D,38.901,-76.982
7129,1D73786,Single_Gunshot,2015-11-02,00:20:57,WashingtonDC1D,38.892,-76.989
7130,1D73787,Single_Gunshot,2015-11-02,01:16:43,WashingtonDC1D,38.902,-76.987
7131,5D55889,Gunshot_or_Firecracker,2015-11-02,06:32:44,WashingtonDC5D,38.922,-76.994
7132,7D180741,Multiple_Gunshots,2015-11-02,16:30:23,WashingtonDC7D,38.831,-76.996
7133,7D180742,Multiple_Gunshots,2015-11-02,16:30:59,WashingtonDC7D,38.831,-76.994
7134,7D180746,Single_Gunshot,2015-11-02,18:56:50,WashingtonDC7D,38.815,-76.999
7135,7D180747,Multiple_Gunshots,2015-11-02,18:59:34,WashingtonDC7D,38.815,-76.999
7136,6D147199,Single_Gunshot,2015-11-02,20:22:21,WashingtonDC6D,38.888,-76.933
7137,7D180750,Multiple_Gunshots,2015-11-02,21:12:21,WashingtonDC7D,38.833,-77.008
7138,7D180751,Single_Gunshot,2015-11-02,23:12:33,WashingtonDC7D,38.844,-77.002
7139,4D48236,Single_Gunshot,2015-11-02,23:47:43,WashingtonDC4D,38.942,-77.021
7140,6D147202,Multiple_Gunshots,2015-11-03,01:40:01,WashingtonDC6D,38.905,-76.948
7141,6D147204,Single_Gunshot,2015-11-03,03:42:18,WashingtonDC6D,38.885,-76.963
7142,6D147208,Multiple_Gunshots,2015-11-03,09:19:33,WashingtonDC6D,38.897,-76.932
7143,6D147209,Multiple_Gunshots,2015-11-03,15:34:05,WashingtonDC6D,38.879,-76.932
7144,6D147210,Multiple_Gunshots,2015-11-03,15:34:13,WashingtonDC6D,38.879,-76.932
7145,6D147215,Multiple_Gunshots,2015-11-03,19:07:50,WashingtonDC6D,38.89,-76.954
7146,6D147216,Multiple_Gunshots,2015-11-03,19:07:53,WashingtonDC6D,38.89,-76.953
7147,7D180760,Multiple_Gunshots,2015-11-03,20:20:17,WashingtonDC7D,38.868,-76.989
7148,6D147217,Multiple_Gunshots,2015-11-03,20:20:20,WashingtonDC6D,38.868,-76.989
7149,6D147219,Gunshot_or_Firecracker,2015-11-03,22:51:23,WashingtonDC6D,38.872,-76.934
7150,7D180765,Single_Gunshot,2015-11-03,22:58:06,WashingtonDC7D,38.831,-76.992
7151,7D180766,Single_Gunshot,2015-11-04,00:46:43,WashingtonDC7D,38.862,-76.966
7152,6D147224,Single_Gunshot,2015-11-04,02:07:51,WashingtonDC6D,38.879,-76.961
7153,7D180767,Single_Gunshot,2015-11-04,02:23:02,WashingtonDC7D,38.863,-76.987
7154,4D48247,Multiple_Gunshots,2015-11-04,02:58:04,WashingtonDC4D,38.94,-77.025
7155,4D48250,Multiple_Gunshots,2015-11-04,05:45:13,WashingtonDC4D,38.939,-77.021
7156,3D52715,Multiple_Gunshots,2015-11-04,05:45:15,WashingtonDC3D,38.938,-77.021
7157,6D147236,Multiple_Gunshots,2015-11-04,15:49:35,WashingtonDC6D,38.867,-76.955
7158,5D55924,Multiple_Gunshots,2015-11-04,19:30:11,WashingtonDC5D,38.908,-77.009
7159,3D52721,Multiple_Gunshots,2015-11-04,19:30:13,WashingtonDC3D,38.908,-77.009
7160,3D52722,Multiple_Gunshots,2015-11-04,19:30:16,WashingtonDC3D,38.904,-77.007
7161,6D147278,Multiple_Gunshots,2015-11-04,20:47:41,WashingtonDC6D,38.889,-76.918
7162,7D180781,Multiple_Gunshots,2015-11-04,22:02:52,WashingtonDC7D,38.836,-76.993
7163,7D180782,Multiple_Gunshots,2015-11-04,22:50:11,WashingtonDC7D,38.842,-76.993
7164,1D73872,Single_Gunshot,2015-11-05,00:22:33,WashingtonDC1D,38.903,-76.976
7165,6D147279,Single_Gunshot,2015-11-05,00:28:29,WashingtonDC6D,38.882,-76.929
7166,7D180783,Multiple_Gunshots,2015-11-05,03:06:17,WashingtonDC7D,38.835,-76.981
7167,7D180784,Multiple_Gunshots,2015-11-05,03:06:26,WashingtonDC7D,38.836,-76.981
7168,7D180787,Multiple_Gunshots,2015-11-05,15:48:18,WashingtonDC7D,38.828,-76.991
7169,6D147288,Multiple_Gunshots,2015-11-05,20:53:11,WashingtonDC6D,38.868,-76.958
7170,6D147291,Multiple_Gunshots,2015-11-05,23:52:09,WashingtonDC6D,38.879,-76.927
7171,6D147292,Single_Gunshot,2015-11-06,00:14:32,WashingtonDC6D,38.881,-76.947
7172,6D147294,Single_Gunshot,2015-11-06,02:16:49,WashingtonDC6D,38.87,-76.959
7173,5D55941,Multiple_Gunshots,2015-11-06,08:19:49,WashingtonDC5D,38.91,-76.984
7174,6D147299,Multiple_Gunshots,2015-11-06,15:56:10,WashingtonDC6D,38.901,-76.937
7175,6D147300,Multiple_Gunshots,2015-11-06,15:56:20,WashingtonDC6D,38.901,-76.937
7176,6D147301,Single_Gunshot,2015-11-06,17:54:49,WashingtonDC6D,38.881,-76.937
7177,7D180791,Single_Gunshot,2015-11-06,18:15:07,WashingtonDC7D,38.83,-77.0
7178,6D147303,Multiple_Gunshots,2015-11-06,22:03:17,WashingtonDC6D,38.89,-76.951
7179,7D180794,Multiple_Gunshots,2015-11-06,22:10:34,WashingtonDC7D,38.853,-76.979
7180,4D48274,Single_Gunshot,2015-11-06,22:22:03,WashingtonDC4D,38.947,-77.025
7181,6D147305,Single_Gunshot,2015-11-06,23:01:08,WashingtonDC6D,38.876,-76.938
7182,5D55943,Single_Gunshot,2015-11-07,00:07:45,WashingtonDC5D,38.898,-76.98
7183,1D73947,Multiple_Gunshots,2015-11-07,00:07:45,WashingtonDC1D,38.898,-76.98
7184,6D147306,Single_Gunshot,2015-11-07,00:52:59,WashingtonDC6D,38.883,-76.916
7185,7D180795,Multiple_Gunshots,2015-11-07,01:31:41,WashingtonDC7D,38.862,-76.981
7186,7D180796,Multiple_Gunshots,2015-11-07,01:35:12,WashingtonDC7D,38.828,-77.0
7187,7D180797,Single_Gunshot,2015-11-07,01:35:21,WashingtonDC7D,38.828,-77.0
7188,6D147307,Single_Gunshot,2015-11-07,01:43:45,WashingtonDC6D,38.89,-76.942
7189,4D48275,Single_Gunshot,2015-11-07,02:05:22,WashingtonDC4D,38.935,-77.024
7190,3D52731,Multiple_Gunshots,2015-11-07,02:05:22,WashingtonDC3D,38.935,-77.025
7191,3D52732,Multiple_Gunshots,2015-11-07,02:21:45,WashingtonDC3D,38.914,-77.023
7192,3D52733,Single_Gunshot,2015-11-07,02:21:57,WashingtonDC3D,38.916,-77.024
7193,6D147309,Multiple_Gunshots,2015-11-07,06:43:45,WashingtonDC6D,38.893,-76.93
7194,1D74028,Multiple_Gunshots,2015-11-07,14:42:45,WashingtonDC1D,38.9,-76.975
7195,7D180801,Single_Gunshot,2015-11-07,18:52:30,WashingtonDC7D,38.848,-77.002
7196,6D147312,Single_Gunshot,2015-11-07,19:47:33,WashingtonDC6D,38.902,-76.929
7197,7D180803,Single_Gunshot,2015-11-07,20:12:39,WashingtonDC7D,38.851,-76.978
7198,4D48280,Multiple_Gunshots,2015-11-07,21:16:42,WashingtonDC4D,38.949,-77.021
7199,4D48281,Multiple_Gunshots,2015-11-07,21:16:46,WashingtonDC4D,38.949,-77.02
7200,3D52737,Single_Gunshot,2015-11-07,21:29:03,WashingtonDC3D,38.925,-77.024
7201,6D147316,Multiple_Gunshots,2015-11-07,22:30:13,WashingtonDC6D,38.894,-76.913
7202,6D147317,Multiple_Gunshots,2015-11-07,23:54:04,WashingtonDC6D,38.886,-76.949
7203,7D180807,Multiple_Gunshots,2015-11-08,00:10:18,WashingtonDC7D,38.848,-76.978
7204,6D147318,Multiple_Gunshots,2015-11-08,00:38:02,WashingtonDC6D,38.88,-76.962
7205,7D180808,Multiple_Gunshots,2015-11-08,00:55:04,WashingtonDC7D,38.85,-76.981
7206,6D147319,Single_Gunshot,2015-11-08,00:59:55,WashingtonDC6D,38.885,-76.947
7207,6D147321,Multiple_Gunshots,2015-11-08,01:24:27,WashingtonDC6D,38.919,-76.931
7208,6D147322,Multiple_Gunshots,2015-11-08,01:24:48,WashingtonDC6D,38.883,-76.94
7209,7D180809,Multiple_Gunshots,2015-11-08,01:31:57,WashingtonDC7D,38.848,-77.004
7210,6D147323,Multiple_Gunshots,2015-11-08,02:14:51,WashingtonDC6D,38.911,-76.937
7211,7D180810,Multiple_Gunshots,2015-11-08,02:24:06,WashingtonDC7D,38.852,-76.979
7212,7D180811,Multiple_Gunshots,2015-11-08,02:24:08,WashingtonDC7D,38.848,-76.972
7213,6D147324,Single_Gunshot,2015-11-08,03:36:32,WashingtonDC6D,38.901,-76.92
7214,6D147325,Multiple_Gunshots,2015-11-08,03:39:56,WashingtonDC6D,38.906,-76.949
7215,6D147326,Single_Gunshot,2015-11-08,03:39:57,WashingtonDC6D,38.906,-76.948
7216,6D147335,Single_Gunshot,2015-11-08,18:04:37,WashingtonDC6D,38.886,-76.925
7217,5D55972,Multiple_Gunshots,2015-11-08,20:29:39,WashingtonDC5D,38.899,-76.983
7218,6D147337,Multiple_Gunshots,2015-11-08,20:46:50,WashingtonDC6D,38.877,-76.942
7219,6D147338,Multiple_Gunshots,2015-11-08,21:20:05,WashingtonDC6D,38.892,-76.927
7220,6D147340,Multiple_Gunshots,2015-11-08,21:20:18,WashingtonDC6D,38.891,-76.927
7221,6D147342,Single_Gunshot,2015-11-08,22:19:39,WashingtonDC6D,38.893,-76.929
7222,7D180818,Multiple_Gunshots,2015-11-08,22:22:42,WashingtonDC7D,38.84,-76.987
7223,6D147343,Single_Gunshot,2015-11-08,22:41:34,WashingtonDC6D,38.886,-76.952
7224,7D180819,Multiple_Gunshots,2015-11-08,23:51:33,WashingtonDC7D,38.855,-76.99
7225,7D180820,Multiple_Gunshots,2015-11-08,23:58:51,WashingtonDC7D,38.833,-76.984
7226,7D180822,Single_Gunshot,2015-11-09,00:44:12,WashingtonDC7D,38.84,-76.961
7227,6D147344,Multiple_Gunshots,2015-11-09,02:49:21,WashingtonDC6D,38.911,-76.936
7228,6D147347,Multiple_Gunshots,2015-11-09,09:12:58,WashingtonDC6D,38.886,-76.952
7229,6D147350,Multiple_Gunshots,2015-11-09,12:46:45,WashingtonDC6D,38.867,-76.971
7230,5D55980,Multiple_Gunshots,2015-11-09,16:35:37,WashingtonDC5D,38.906,-76.988
7231,5D55981,Multiple_Gunshots,2015-11-09,16:35:43,WashingtonDC5D,38.907,-76.988
7232,1D74064,Single_Gunshot,2015-11-09,16:58:08,WashingtonDC1D,38.873,-77.009
7233,6D147362,Multiple_Gunshots,2015-11-09,18:10:58,WashingtonDC6D,38.896,-76.915
7234,6D147363,Multiple_Gunshots,2015-11-09,18:27:35,WashingtonDC6D,38.893,-76.949
7235,6D147369,Single_Gunshot,2015-11-10,03:44:37,WashingtonDC6D,38.894,-76.922
7236,7D180834,Single_Gunshot,2015-11-10,20:13:19,WashingtonDC7D,38.842,-77.009
7237,7D180836,Multiple_Gunshots,2015-11-10,21:33:17,WashingtonDC7D,38.828,-76.998
7238,6D147373,Single_Gunshot,2015-11-10,22:51:07,WashingtonDC6D,38.892,-76.913
7239,7D180837,Single_Gunshot,2015-11-10,22:56:21,WashingtonDC7D,38.861,-77.001
7240,7D180838,Single_Gunshot,2015-11-10,22:59:37,WashingtonDC7D,38.84,-76.994
7241,7D180839,Single_Gunshot,2015-11-10,23:00:59,WashingtonDC7D,38.844,-76.994
7242,7D180842,Multiple_Gunshots,2015-11-11,11:08:37,WashingtonDC7D,38.849,-76.977
7243,7D180843,Multiple_Gunshots,2015-11-11,17:20:10,WashingtonDC7D,38.863,-76.993
7244,5D56001,Gunshot_or_Firecracker,2015-11-11,19:49:22,WashingtonDC5D,38.907,-76.992
7245,1D74085,Multiple_Gunshots,2015-11-11,20:49:39,WashingtonDC1D,38.902,-76.992
7246,1D74090,Multiple_Gunshots,2015-11-11,20:50:10,WashingtonDC1D,38.902,-76.992
7247,7D180850,Multiple_Gunshots,2015-11-11,20:54:40,WashingtonDC7D,38.869,-76.98
7248,6D147387,Multiple_Gunshots,2015-11-11,20:55:45,WashingtonDC6D,38.869,-76.98
7249,7D180851,Multiple_Gunshots,2015-11-11,20:55:46,WashingtonDC7D,38.869,-76.98
7250,6D147389,Multiple_Gunshots,2015-11-11,22:14:44,WashingtonDC6D,38.896,-76.909
7251,7D180853,Multiple_Gunshots,2015-11-11,23:02:48,WashingtonDC7D,38.846,-76.984
7252,4D48294,Multiple_Gunshots,2015-11-11,23:16:09,WashingtonDC4D,38.949,-77.018
7253,4D48295,Multiple_Gunshots,2015-11-11,23:16:11,WashingtonDC4D,38.949,-77.017
7254,4D48296,Multiple_Gunshots,2015-11-11,23:16:19,WashingtonDC4D,38.949,-77.017
7255,4D48297,Multiple_Gunshots,2015-11-11,23:48:47,WashingtonDC4D,38.95,-77.022
7256,6D147390,Multiple_Gunshots,2015-11-12,00:15:43,WashingtonDC6D,38.877,-76.967
7257,6D147391,Multiple_Gunshots,2015-11-12,02:25:30,WashingtonDC6D,38.894,-76.921
7258,6D147392,Single_Gunshot,2015-11-12,02:51:44,WashingtonDC6D,38.893,-76.937
7259,6D147393,Single_Gunshot,2015-11-12,03:16:12,WashingtonDC6D,38.89,-76.953
7260,7D180854,Multiple_Gunshots,2015-11-12,03:58:40,WashingtonDC7D,38.85,-76.965
7261,6D147395,Multiple_Gunshots,2015-11-12,11:23:27,WashingtonDC6D,38.894,-76.924
7262,7D180863,Multiple_Gunshots,2015-11-12,16:42:14,WashingtonDC7D,38.842,-76.992
7263,7D180864,Multiple_Gunshots,2015-11-12,19:09:36,WashingtonDC7D,38.824,-77.006
7264,7D180865,Multiple_Gunshots,2015-11-12,20:27:47,WashingtonDC7D,38.855,-76.989
7265,7D180866,Multiple_Gunshots,2015-11-12,20:34:27,WashingtonDC7D,38.83,-76.997
7266,7D180867,Single_Gunshot,2015-11-12,21:56:19,WashingtonDC7D,38.831,-77.007
7267,7D180870,Multiple_Gunshots,2015-11-12,22:15:54,WashingtonDC7D,38.834,-76.996
7268,7D180871,Single_Gunshot,2015-11-12,22:29:17,WashingtonDC7D,38.859,-76.997
7269,7D180873,Multiple_Gunshots,2015-11-12,23:03:45,WashingtonDC7D,38.85,-76.974
7270,7D180874,Multiple_Gunshots,2015-11-12,23:04:12,WashingtonDC7D,38.85,-76.975
7271,6D147400,Single_Gunshot,2015-11-13,00:19:25,WashingtonDC6D,38.876,-76.931
7272,7D180875,Single_Gunshot,2015-11-13,01:18:09,WashingtonDC7D,38.847,-77.0
7273,7D180876,Single_Gunshot,2015-11-13,01:24:39,WashingtonDC7D,38.848,-77.0
7274,7D180878,Single_Gunshot,2015-11-13,01:47:38,WashingtonDC7D,38.847,-77.0
7275,1D74112,Multiple_Gunshots,2015-11-13,02:15:46,WashingtonDC1D,38.9,-76.98
7276,4D48306,Multiple_Gunshots,2015-11-13,09:27:13,WashingtonDC4D,38.958,-77.027
7277,6D147406,Single_Gunshot,2015-11-13,18:54:42,WashingtonDC6D,38.886,-76.957
7278,6D147407,Single_Gunshot,2015-11-13,22:47:33,WashingtonDC6D,38.883,-76.933
7279,7D180887,Multiple_Gunshots,2015-11-13,23:35:00,WashingtonDC7D,38.846,-76.997
7280,6D147408,Multiple_Gunshots,2015-11-13,23:48:25,WashingtonDC6D,38.903,-76.917
7281,7D180888,Multiple_Gunshots,2015-11-14,00:06:36,WashingtonDC7D,38.853,-76.979
7282,7D180889,Single_Gunshot,2015-11-14,00:44:37,WashingtonDC7D,38.835,-77.007
7283,7D180890,Single_Gunshot,2015-11-14,00:55:15,WashingtonDC7D,38.831,-77.012
7284,6D147409,Single_Gunshot,2015-11-14,02:23:16,WashingtonDC6D,38.874,-76.967
7285,7D180891,Single_Gunshot,2015-11-14,02:49:36,WashingtonDC7D,38.84,-76.994
7286,5D56021,Multiple_Gunshots,2015-11-14,02:57:16,WashingtonDC5D,38.905,-76.981
7287,1D74124,Multiple_Gunshots,2015-11-14,02:57:18,WashingtonDC1D,38.905,-76.981
7288,6D147410,Single_Gunshot,2015-11-14,04:06:40,WashingtonDC6D,38.869,-76.971
7289,6D147411,Single_Gunshot,2015-11-14,12:08:55,WashingtonDC6D,38.904,-76.924
7290,7D180897,Multiple_Gunshots,2015-11-14,17:45:22,WashingtonDC7D,38.831,-77.01
7291,7D180898,Multiple_Gunshots,2015-11-14,17:45:28,WashingtonDC7D,38.831,-77.01
7292,7D180901,Multiple_Gunshots,2015-11-14,17:56:47,WashingtonDC7D,38.86,-76.971
7293,6D147412,Multiple_Gunshots,2015-11-14,18:16:30,WashingtonDC6D,38.867,-76.961
7294,7D180903,Multiple_Gunshots,2015-11-14,18:42:30,WashingtonDC7D,38.846,-76.998
7295,5D56025,Multiple_Gunshots,2015-11-14,19:25:37,WashingtonDC5D,38.905,-77.01
7296,7D180904,Multiple_Gunshots,2015-11-14,19:28:50,WashingtonDC7D,38.827,-77.014
7297,7D180905,Multiple_Gunshots,2015-11-14,19:28:59,WashingtonDC7D,38.828,-77.009
7298,5D56026,Multiple_Gunshots,2015-11-14,20:10:37,WashingtonDC5D,38.903,-77.01
7299,5D56028,Multiple_Gunshots,2015-11-14,20:23:08,WashingtonDC5D,38.904,-77.012
7300,7D180907,Multiple_Gunshots,2015-11-14,20:40:12,WashingtonDC7D,38.844,-76.985
7301,6D147416,Multiple_Gunshots,2015-11-14,23:32:23,WashingtonDC6D,38.903,-76.942
7302,1D74127,Single_Gunshot,2015-11-15,00:03:37,WashingtonDC1D,38.895,-76.984
7303,5D56030,Single_Gunshot,2015-11-15,00:03:38,WashingtonDC5D,38.895,-76.984
7304,1D74128,Single_Gunshot,2015-11-15,00:03:51,WashingtonDC1D,38.895,-76.984
7305,7D180911,Single_Gunshot,2015-11-15,01:04:00,WashingtonDC7D,38.841,-76.976
7306,7D180912,Multiple_Gunshots,2015-11-15,01:04:07,WashingtonDC7D,38.841,-76.976
7307,7D180913,Multiple_Gunshots,2015-11-15,01:04:11,WashingtonDC7D,38.842,-76.975
7308,6D147418,Multiple_Gunshots,2015-11-15,01:19:50,WashingtonDC6D,38.912,-76.94
7309,6D147419,Multiple_Gunshots,2015-11-15,01:20:03,WashingtonDC6D,38.912,-76.94
7310,7D180915,Single_Gunshot,2015-11-15,02:42:19,WashingtonDC7D,38.838,-76.97
7311,7D180916,Single_Gunshot,2015-11-15,02:42:31,WashingtonDC7D,38.838,-76.97
7312,7D180917,Single_Gunshot,2015-11-15,02:43:01,WashingtonDC7D,38.838,-76.97
7313,7D180918,Single_Gunshot,2015-11-15,02:49:16,WashingtonDC7D,38.857,-76.99
7314,7D180920,Multiple_Gunshots,2015-11-15,08:12:17,WashingtonDC7D,38.845,-76.998
7315,7D180922,Multiple_Gunshots,2015-11-15,19:20:05,WashingtonDC7D,38.854,-76.966
7316,6D147427,Multiple_Gunshots,2015-11-15,19:20:09,WashingtonDC6D,38.867,-76.966
7317,7D180923,Multiple_Gunshots,2015-11-15,20:24:47,WashingtonDC7D,38.853,-76.972
7318,4D48319,Multiple_Gunshots,2015-11-15,20:30:48,WashingtonDC4D,38.95,-77.022
7319,7D180924,Multiple_Gunshots,2015-11-15,22:21:24,WashingtonDC7D,38.864,-76.981
7320,6D147434,Single_Gunshot,2015-11-16,01:17:53,WashingtonDC6D,38.886,-76.926
7321,6D147435,Multiple_Gunshots,2015-11-16,01:27:42,WashingtonDC6D,38.877,-76.961
7322,6D147436,Multiple_Gunshots,2015-11-16,01:47:56,WashingtonDC6D,38.883,-76.938
7323,6D147437,Single_Gunshot,2015-11-16,01:48:25,WashingtonDC6D,38.882,-76.939
7324,6D147442,Multiple_Gunshots,2015-11-16,12:05:43,WashingtonDC6D,38.889,-76.946
7325,7D180937,Multiple_Gunshots,2015-11-17,17:47:28,WashingtonDC7D,38.829,-77.007
7326,7D180938,Multiple_Gunshots,2015-11-17,18:01:26,WashingtonDC7D,38.827,-76.99
7327,7D180939,Multiple_Gunshots,2015-11-17,18:01:40,WashingtonDC7D,38.827,-76.989
7328,7D180941,Multiple_Gunshots,2015-11-17,18:46:20,WashingtonDC7D,38.852,-76.98
7329,3D52787,Gunshot_or_Firecracker,2015-11-17,19:55:04,WashingtonDC3D,38.904,-77.02
7330,5D56048,Gunshot_or_Firecracker,2015-11-17,19:55:55,WashingtonDC5D,38.907,-77.004
7331,3D52788,Gunshot_or_Firecracker,2015-11-17,20:08:57,WashingtonDC3D,38.924,-77.022
7332,3D52789,Gunshot_or_Firecracker,2015-11-17,20:11:14,WashingtonDC3D,38.925,-77.023
7333,3D52790,Gunshot_or_Firecracker,2015-11-17,20:12:42,WashingtonDC3D,38.925,-77.024
7334,1D74148,Gunshot_or_Firecracker,2015-11-17,21:52:38,WashingtonDC1D,38.886,-76.994
7335,1D74149,Gunshot_or_Firecracker,2015-11-17,21:54:30,WashingtonDC1D,38.887,-76.996
7336,7D180944,Multiple_Gunshots,2015-11-17,23:32:30,WashingtonDC7D,38.828,-76.996
7337,7D180945,Single_Gunshot,2015-11-18,00:06:14,WashingtonDC7D,38.826,-76.999
7338,7D180946,Single_Gunshot,2015-11-18,01:13:36,WashingtonDC7D,38.847,-76.981
7339,6D147448,Single_Gunshot,2015-11-18,01:20:43,WashingtonDC6D,38.887,-76.952
7340,7D180947,Single_Gunshot,2015-11-18,01:22:36,WashingtonDC7D,38.844,-76.963
7341,7D180956,Multiple_Gunshots,2015-11-18,16:26:57,WashingtonDC7D,38.827,-76.999
7342,6D147457,Multiple_Gunshots,2015-11-18,17:16:25,WashingtonDC6D,38.877,-76.932
7343,6D147460,Single_Gunshot,2015-11-18,17:59:59,WashingtonDC6D,38.876,-76.932
7344,7D180957,Multiple_Gunshots,2015-11-18,19:10:56,WashingtonDC7D,38.848,-76.97
7345,7D180959,Single_Gunshot,2015-11-18,21:26:38,WashingtonDC7D,38.854,-76.987
7346,6D147463,Multiple_Gunshots,2015-11-18,21:59:35,WashingtonDC6D,38.884,-76.959
7347,7D180960,Multiple_Gunshots,2015-11-18,23:08:24,WashingtonDC7D,38.846,-76.998
7348,7D180961,Multiple_Gunshots,2015-11-18,23:08:38,WashingtonDC7D,38.845,-76.998
7349,4D48327,Multiple_Gunshots,2015-11-18,23:17:02,WashingtonDC4D,38.955,-77.022
7350,4D48328,Multiple_Gunshots,2015-11-18,23:17:08,WashingtonDC4D,38.955,-77.022
7351,4D48329,Single_Gunshot,2015-11-18,23:17:14,WashingtonDC4D,38.955,-77.022
7352,6D147465,Single_Gunshot,2015-11-18,23:26:18,WashingtonDC6D,38.894,-76.919
7353,6D147466,Multiple_Gunshots,2015-11-18,23:33:43,WashingtonDC6D,38.911,-76.938
7354,5D56063,Multiple_Gunshots,2015-11-19,01:09:36,WashingtonDC5D,38.911,-76.986
7355,7D180962,Single_Gunshot,2015-11-19,01:10:03,WashingtonDC7D,38.834,-77.0
7356,6D147468,Multiple_Gunshots,2015-11-19,02:14:07,WashingtonDC6D,38.894,-76.925
7357,6D147469,Multiple_Gunshots,2015-11-19,02:14:18,WashingtonDC6D,38.893,-76.925
7358,7D180963,Multiple_Gunshots,2015-11-19,04:52:45,WashingtonDC7D,38.828,-77.011
7359,4D48330,Gunshot_or_Firecracker,2015-11-19,09:58:03,WashingtonDC4D,38.95,-77.016
7360,1D74166,Gunshot_or_Firecracker,2015-11-19,13:58:21,WashingtonDC1D,38.888,-76.999
7361,1D74167,Gunshot_or_Firecracker,2015-11-19,14:05:55,WashingtonDC1D,38.888,-77.002
7362,7D180967,Multiple_Gunshots,2015-11-19,19:09:24,WashingtonDC7D,38.857,-76.969
7363,7D180968,Single_Gunshot,2015-11-19,19:09:31,WashingtonDC7D,38.856,-76.969
7364,6D147473,Single_Gunshot,2015-11-20,01:34:36,WashingtonDC6D,38.911,-76.938
7365,7D180971,Multiple_Gunshots,2015-11-20,02:04:20,WashingtonDC7D,38.836,-77.012
7366,7D180972,Single_Gunshot,2015-11-20,03:04:22,WashingtonDC7D,38.827,-77.003
7367,1D74170,Multiple_Gunshots,2015-11-20,03:14:20,WashingtonDC1D,38.896,-76.983
7368,7D180978,Gunshot_or_Firecracker,2015-11-20,12:36:13,WashingtonDC7D,38.835,-76.997
7369,7D180986,Multiple_Gunshots,2015-11-20,19:48:56,WashingtonDC7D,38.838,-76.994
7370,6D147478,Multiple_Gunshots,2015-11-20,20:18:08,WashingtonDC6D,38.881,-76.935
7371,7D180988,Multiple_Gunshots,2015-11-20,20:55:09,WashingtonDC7D,38.848,-77.003
7372,6D147480,Single_Gunshot,2015-11-21,00:33:53,WashingtonDC6D,38.882,-76.934
7373,6D147481,Multiple_Gunshots,2015-11-21,00:39:15,WashingtonDC6D,38.884,-76.929
7374,7D180990,Multiple_Gunshots,2015-11-21,01:03:38,WashingtonDC7D,38.832,-77.011
7375,7D180991,Multiple_Gunshots,2015-11-21,01:06:32,WashingtonDC7D,38.832,-77.011
7376,6D147482,Multiple_Gunshots,2015-11-21,01:07:36,WashingtonDC6D,38.912,-76.934
7377,7D180992,Single_Gunshot,2015-11-21,01:31:45,WashingtonDC7D,38.851,-76.985
7378,7D180993,Single_Gunshot,2015-11-21,03:18:12,WashingtonDC7D,38.832,-76.992
7379,7D180994,Multiple_Gunshots,2015-11-21,03:21:04,WashingtonDC7D,38.839,-77.006
7380,6D147484,Single_Gunshot,2015-11-21,03:25:31,WashingtonDC6D,38.893,-76.954
7381,7D180995,Multiple_Gunshots,2015-11-21,04:10:08,WashingtonDC7D,38.829,-77.0
7382,1D74174,Single_Gunshot,2015-11-21,04:56:50,WashingtonDC1D,38.878,-77.023
7383,7D180997,Multiple_Gunshots,2015-11-21,05:07:57,WashingtonDC7D,38.853,-76.956
7384,6D147486,Multiple_Gunshots,2015-11-21,05:31:15,WashingtonDC6D,38.888,-76.937
7385,7D180999,Gunshot_or_Firecracker,2015-11-21,10:35:03,WashingtonDC7D,38.85,-76.97
7386,6D147506,Single_Gunshot,2015-11-21,22:26:37,WashingtonDC6D,38.882,-76.935
7387,6D147507,Multiple_Gunshots,2015-11-21,22:26:49,WashingtonDC6D,38.882,-76.935
7388,6D147511,Multiple_Gunshots,2015-11-22,01:19:51,WashingtonDC6D,38.885,-76.926
7389,1D74180,Multiple_Gunshots,2015-11-22,03:02:38,WashingtonDC1D,38.899,-76.982
7390,5D56075,Multiple_Gunshots,2015-11-22,03:02:39,WashingtonDC5D,38.899,-76.981
7391,5D56081,Single_Gunshot,2015-11-22,04:10:29,WashingtonDC5D,38.906,-76.989
7392,6D147515,Single_Gunshot,2015-11-22,13:07:14,WashingtonDC6D,38.907,-76.925
7393,7D181017,Single_Gunshot,2015-11-22,13:26:54,WashingtonDC7D,38.827,-77.005
7394,7D181019,Multiple_Gunshots,2015-11-22,21:53:29,WashingtonDC7D,38.859,-76.997
7395,6D147527,Multiple_Gunshots,2015-11-22,22:02:59,WashingtonDC6D,38.903,-76.918
7396,6D147529,Single_Gunshot,2015-11-23,00:32:17,WashingtonDC6D,38.874,-76.969
7397,6D147530,Single_Gunshot,2015-11-23,03:13:30,WashingtonDC6D,38.901,-76.938
7398,6D147532,Single_Gunshot,2015-11-23,06:14:15,WashingtonDC6D,38.908,-76.931
7399,7D181023,Single_Gunshot,2015-11-23,08:17:09,WashingtonDC7D,38.842,-76.992
7400,3D52803,Multiple_Gunshots,2015-11-23,16:32:11,WashingtonDC3D,38.933,-77.021
7401,6D147541,Multiple_Gunshots,2015-11-23,20:59:58,WashingtonDC6D,38.889,-76.954
7402,6D147544,Multiple_Gunshots,2015-11-23,21:45:10,WashingtonDC6D,38.873,-76.97
7403,5D56093,Single_Gunshot,2015-11-24,05:37:52,WashingtonDC5D,38.905,-77.009
7404,4D48344,Multiple_Gunshots,2015-11-24,10:53:49,WashingtonDC4D,38.944,-77.026
7405,6D147549,Single_Gunshot,2015-11-24,13:27:18,WashingtonDC6D,38.886,-76.952
7406,7D181039,Multiple_Gunshots,2015-11-24,18:23:02,WashingtonDC7D,38.832,-76.991
7407,7D181041,Multiple_Gunshots,2015-11-24,20:23:24,WashingtonDC7D,38.863,-76.982
7408,7D181042,Multiple_Gunshots,2015-11-24,20:23:33,WashingtonDC7D,38.861,-76.987
7409,6D147565,Multiple_Gunshots,2015-11-24,23:21:53,WashingtonDC6D,38.875,-76.925
7410,6D147566,Multiple_Gunshots,2015-11-24,23:22:02,WashingtonDC6D,38.874,-76.923
7411,6D147567,Multiple_Gunshots,2015-11-24,23:54:10,WashingtonDC6D,38.896,-76.913
7412,6D147568,Multiple_Gunshots,2015-11-25,01:41:08,WashingtonDC6D,38.918,-76.931
7413,5D56105,Multiple_Gunshots,2015-11-25,02:15:09,WashingtonDC5D,38.917,-76.974
7414,5D56112,Multiple_Gunshots,2015-11-25,18:43:01,WashingtonDC5D,38.927,-76.96
7415,4D48348,Multiple_Gunshots,2015-11-25,19:25:21,WashingtonDC4D,38.946,-77.025
7416,6D147595,Multiple_Gunshots,2015-11-25,23:59:12,WashingtonDC6D,38.876,-76.966
7417,6D147596,Gunshot_or_Firecracker,2015-11-26,00:00:11,WashingtonDC6D,38.891,-76.909
7418,7D181062,Single_Gunshot,2015-11-26,00:56:04,WashingtonDC7D,38.842,-76.992
7419,6D147600,Multiple_Gunshots,2015-11-26,02:14:39,WashingtonDC6D,38.871,-76.977
7420,7D181063,Multiple_Gunshots,2015-11-26,02:14:41,WashingtonDC7D,38.873,-76.977
7421,5D56113,Multiple_Gunshots,2015-11-26,02:17:46,WashingtonDC5D,38.897,-76.977
7422,1D74210,Multiple_Gunshots,2015-11-26,02:17:46,WashingtonDC1D,38.897,-76.977
7423,6D147601,Single_Gunshot,2015-11-26,02:25:43,WashingtonDC6D,38.911,-76.937
7424,6D147602,Single_Gunshot,2015-11-26,03:08:53,WashingtonDC6D,38.873,-76.937
7425,4D48352,Multiple_Gunshots,2015-11-26,03:27:28,WashingtonDC4D,38.945,-77.027
7426,5D56114,Multiple_Gunshots,2015-11-26,04:13:28,WashingtonDC5D,38.928,-76.98
7427,5D56115,Single_Gunshot,2015-11-26,04:28:41,WashingtonDC5D,38.938,-76.956
7428,7D181064,Single_Gunshot,2015-11-26,06:59:09,WashingtonDC7D,38.861,-76.988
7429,7D181065,Single_Gunshot,2015-11-26,08:20:30,WashingtonDC7D,38.849,-76.98
7430,7D181066,Gunshot_or_Firecracker,2015-11-26,11:18:35,WashingtonDC7D,38.86,-76.98
7431,7D181067,Multiple_Gunshots,2015-11-26,14:59:36,WashingtonDC7D,38.833,-76.999
7432,7D181068,Single_Gunshot,2015-11-26,14:59:40,WashingtonDC7D,38.833,-76.998
7433,7D181069,Multiple_Gunshots,2015-11-26,14:59:42,WashingtonDC7D,38.833,-76.998
7434,7D181076,Single_Gunshot,2015-11-26,18:12:21,WashingtonDC7D,38.843,-76.989
7435,7D181080,Gunshot_or_Firecracker,2015-11-26,18:13:15,WashingtonDC7D,38.843,-76.989
7436,6D147606,Multiple_Gunshots,2015-11-26,18:33:12,WashingtonDC6D,38.863,-76.995
7437,7D181083,Multiple_Gunshots,2015-11-26,18:33:21,WashingtonDC7D,38.866,-76.999
7438,6D147610,Multiple_Gunshots,2015-11-26,20:01:17,WashingtonDC6D,38.872,-76.957
7439,6D147624,Multiple_Gunshots,2015-11-26,23:33:38,WashingtonDC6D,38.879,-76.93
7440,7D181086,Multiple_Gunshots,2015-11-27,00:38:13,WashingtonDC7D,38.846,-76.973
7441,7D181088,Multiple_Gunshots,2015-11-27,02:11:34,WashingtonDC7D,38.847,-76.972
7442,7D181092,Gunshot_or_Firecracker,2015-11-27,11:23:42,WashingtonDC7D,38.833,-76.997
7443,7D181095,Multiple_Gunshots,2015-11-27,17:12:35,WashingtonDC7D,38.827,-76.999
7444,7D181096,Gunshot_or_Firecracker,2015-11-27,17:17:26,WashingtonDC7D,38.841,-76.989
7445,5D56121,Multiple_Gunshots,2015-11-27,18:11:19,WashingtonDC5D,38.904,-76.976
7446,6D147629,Multiple_Gunshots,2015-11-27,18:47:27,WashingtonDC6D,38.907,-76.943
7447,6D147630,Gunshot_or_Firecracker,2015-11-27,19:23:43,WashingtonDC6D,38.877,-76.932
7448,6D147631,Multiple_Gunshots,2015-11-27,19:39:21,WashingtonDC6D,38.872,-76.927
7449,7D181098,Gunshot_or_Firecracker,2015-11-27,19:46:54,WashingtonDC7D,38.841,-76.993
7450,7D181099,Gunshot_or_Firecracker,2015-11-27,19:51:13,WashingtonDC7D,38.842,-76.975
7451,7D181100,Gunshot_or_Firecracker,2015-11-27,20:05:44,WashingtonDC7D,38.848,-76.971
7452,7D181101,Multiple_Gunshots,2015-11-27,20:40:35,WashingtonDC7D,38.83,-77.002
7453,7D181102,Multiple_Gunshots,2015-11-27,21:10:18,WashingtonDC7D,38.851,-76.975
7454,7D181103,Multiple_Gunshots,2015-11-27,21:10:21,WashingtonDC7D,38.856,-76.97
7455,3D52827,Multiple_Gunshots,2015-11-27,22:56:52,WashingtonDC3D,38.913,-77.023
7456,4D48365,Multiple_Gunshots,2015-11-27,22:57:01,WashingtonDC4D,38.94,-77.014
7457,7D181106,Single_Gunshot,2015-11-28,00:09:22,WashingtonDC7D,38.859,-76.994
7458,7D181107,Multiple_Gunshots,2015-11-28,01:46:35,WashingtonDC7D,38.83,-76.993
7459,6D147635,Single_Gunshot,2015-11-28,02:30:47,WashingtonDC6D,38.881,-76.946
7460,6D147637,Single_Gunshot,2015-11-28,03:18:23,WashingtonDC6D,38.905,-76.95
7461,7D181110,Multiple_Gunshots,2015-11-28,04:06:49,WashingtonDC7D,38.822,-76.989
7462,7D181111,Single_Gunshot,2015-11-28,04:24:49,WashingtonDC7D,38.846,-76.977
7463,5D56127,Multiple_Gunshots,2015-11-28,04:45:24,WashingtonDC5D,38.915,-76.976
7464,7D181112,Multiple_Gunshots,2015-11-28,09:23:22,WashingtonDC7D,38.855,-76.992
7465,7D181115,Multiple_Gunshots,2015-11-28,15:03:17,WashingtonDC7D,38.856,-76.972
7466,7D181116,Single_Gunshot,2015-11-28,15:06:18,WashingtonDC7D,38.854,-76.971
7467,7D181122,Multiple_Gunshots,2015-11-28,18:50:11,WashingtonDC7D,38.826,-76.986
7468,7D181123,Multiple_Gunshots,2015-11-28,19:18:56,WashingtonDC7D,38.865,-76.988
7469,7D181124,Multiple_Gunshots,2015-11-28,19:19:00,WashingtonDC7D,38.864,-76.986
7470,7D181125,Multiple_Gunshots,2015-11-28,19:19:02,WashingtonDC7D,38.856,-76.977
7471,7D181126,Multiple_Gunshots,2015-11-28,19:19:24,WashingtonDC7D,38.865,-76.99
7472,7D181127,Multiple_Gunshots,2015-11-28,19:19:52,WashingtonDC7D,38.865,-76.99
7473,1D74264,Multiple_Gunshots,2015-11-28,19:23:17,WashingtonDC1D,38.899,-76.983
7474,7D181128,Multiple_Gunshots,2015-11-28,19:40:54,WashingtonDC7D,38.825,-77.005
7475,6D147648,Multiple_Gunshots,2015-11-28,20:16:23,WashingtonDC6D,38.889,-76.954
7476,5D56138,Multiple_Gunshots,2015-11-28,21:23:22,WashingtonDC5D,38.93,-76.963
7477,7D181130,Single_Gunshot,2015-11-29,00:17:50,WashingtonDC7D,38.843,-76.987
7478,5D56139,Multiple_Gunshots,2015-11-29,00:54:12,WashingtonDC5D,38.921,-76.987
7479,6D147650,Single_Gunshot,2015-11-29,01:29:09,WashingtonDC6D,38.868,-76.946
7480,3D52830,Single_Gunshot,2015-11-29,01:56:34,WashingtonDC3D,38.914,-77.019
7481,6D147651,Multiple_Gunshots,2015-11-29,02:39:34,WashingtonDC6D,38.888,-76.921
7482,6D147652,Multiple_Gunshots,2015-11-29,02:39:38,WashingtonDC6D,38.887,-76.938
7483,6D147653,Multiple_Gunshots,2015-11-29,02:39:45,WashingtonDC6D,38.886,-76.93
7484,7D181131,Single_Gunshot,2015-11-29,02:45:44,WashingtonDC7D,38.841,-76.963
7485,6D147654,Single_Gunshot,2015-11-29,05:12:25,WashingtonDC6D,38.894,-76.909
7486,6D147658,Multiple_Gunshots,2015-11-29,14:24:45,WashingtonDC6D,38.883,-76.929
7487,7D181134,Multiple_Gunshots,2015-11-29,19:29:31,WashingtonDC7D,38.825,-77.007
7488,7D181136,Multiple_Gunshots,2015-11-29,21:31:29,WashingtonDC7D,38.846,-76.998
7489,7D181137,Single_Gunshot,2015-11-29,22:52:08,WashingtonDC7D,38.846,-76.998
7490,7D181138,Gunshot_or_Firecracker,2015-11-29,23:06:01,WashingtonDC7D,38.842,-76.991
7491,6D147667,Multiple_Gunshots,2015-11-30,00:11:33,WashingtonDC6D,38.887,-76.948
7492,6D147668,Multiple_Gunshots,2015-11-30,00:11:38,WashingtonDC6D,38.887,-76.948
7493,3D52831,Single_Gunshot,2015-11-30,00:31:33,WashingtonDC3D,38.912,-77.023
7494,7D181139,Single_Gunshot,2015-11-30,02:44:31,WashingtonDC7D,38.858,-76.99
7495,6D147669,Single_Gunshot,2015-11-30,02:57:24,WashingtonDC6D,38.89,-76.962
7496,6D147671,Multiple_Gunshots,2015-11-30,12:54:07,WashingtonDC6D,38.887,-76.952
7497,1D74286,Gunshot_or_Firecracker,2015-11-30,15:07:12,WashingtonDC1D,38.896,-76.983
7498,7D181154,Single_Gunshot,2015-12-01,00:23:29,WashingtonDC7D,38.852,-76.981
7499,7D181155,Single_Gunshot,2015-12-01,04:19:12,WashingtonDC7D,38.853,-76.98
7500,6D147675,Gunshot_or_Firecracker,2015-12-01,08:59:56,WashingtonDC6D,38.889,-76.955
7501,5D56146,Multiple_Gunshots,2015-12-01,10:57:43,WashingtonDC5D,38.92,-76.98
7502,6D147676,Multiple_Gunshots,2015-12-01,11:59:13,WashingtonDC6D,38.888,-76.951
7503,6D147678,Multiple_Gunshots,2015-12-01,20:05:31,WashingtonDC6D,38.898,-76.944
7504,7D181158,Multiple_Gunshots,2015-12-01,20:09:31,WashingtonDC7D,38.833,-76.996
7505,7D181159,Multiple_Gunshots,2015-12-01,20:09:43,WashingtonDC7D,38.833,-76.996
7506,7D181161,Multiple_Gunshots,2015-12-01,21:56:27,WashingtonDC7D,38.827,-77.003
7507,6D147686,Single_Gunshot,2015-12-02,00:08:29,WashingtonDC6D,38.858,-76.988
7508,6D147687,Multiple_Gunshots,2015-12-02,01:17:35,WashingtonDC6D,38.883,-76.938
7509,5D56154,Multiple_Gunshots,2015-12-02,14:20:01,WashingtonDC5D,38.91,-76.985
7510,7D181169,Multiple_Gunshots,2015-12-02,19:43:01,WashingtonDC7D,38.825,-77.004
7511,6D147692,Multiple_Gunshots,2015-12-02,21:06:19,WashingtonDC6D,38.904,-76.948
7512,6D147693,Multiple_Gunshots,2015-12-02,21:38:08,WashingtonDC6D,38.873,-76.978
7513,7D181172,Multiple_Gunshots,2015-12-02,22:35:14,WashingtonDC7D,38.829,-76.993
7514,6D147694,Multiple_Gunshots,2015-12-02,22:47:17,WashingtonDC6D,38.899,-76.921
7515,6D147695,Multiple_Gunshots,2015-12-02,22:47:34,WashingtonDC6D,38.899,-76.921
7516,4D48375,Gunshot_or_Firecracker,2015-12-02,23:04:22,WashingtonDC4D,38.938,-77.024
7517,5D56167,Multiple_Gunshots,2015-12-02,23:18:52,WashingtonDC5D,38.922,-76.973
7518,7D181173,Multiple_Gunshots,2015-12-02,23:33:19,WashingtonDC7D,38.833,-77.005
7519,6D147697,Single_Gunshot,2015-12-03,02:10:10,WashingtonDC6D,38.886,-76.93
7520,6D147698,Single_Gunshot,2015-12-03,02:10:23,WashingtonDC6D,38.886,-76.93
7521,6D147699,Multiple_Gunshots,2015-12-03,03:58:10,WashingtonDC6D,38.893,-76.928
7522,6D147700,Multiple_Gunshots,2015-12-03,03:58:16,WashingtonDC6D,38.893,-76.928
7523,5D56168,Multiple_Gunshots,2015-12-03,05:10:20,WashingtonDC5D,38.921,-76.984
7524,6D147703,Multiple_Gunshots,2015-12-03,12:11:27,WashingtonDC6D,38.895,-76.924
7525,6D147704,Multiple_Gunshots,2015-12-03,12:11:29,WashingtonDC6D,38.895,-76.924
7526,6D147705,Multiple_Gunshots,2015-12-03,12:11:35,WashingtonDC6D,38.898,-76.918
7527,4D48380,Multiple_Gunshots,2015-12-03,18:48:12,WashingtonDC4D,38.96,-77.016
7528,6D147710,Gunshot_or_Firecracker,2015-12-03,19:16:35,WashingtonDC6D,38.894,-76.937
7529,7D181177,Multiple_Gunshots,2015-12-03,21:00:42,WashingtonDC7D,38.857,-76.99
7530,6D147711,Single_Gunshot,2015-12-03,22:35:03,WashingtonDC6D,38.894,-76.951
7531,6D147712,Multiple_Gunshots,2015-12-04,00:29:00,WashingtonDC6D,38.878,-76.944
7532,7D181179,Single_Gunshot,2015-12-04,03:29:45,WashingtonDC7D,38.834,-77.0
7533,7D181180,Multiple_Gunshots,2015-12-04,03:30:20,WashingtonDC7D,38.834,-77.0
7534,6D147727,Multiple_Gunshots,2015-12-04,14:26:42,WashingtonDC6D,38.911,-76.937
7535,1D74325,Gunshot_or_Firecracker,2015-12-04,16:37:03,WashingtonDC1D,38.897,-76.978
7536,6D147736,Multiple_Gunshots,2015-12-04,19:19:30,WashingtonDC6D,38.906,-76.948
7537,6D147737,Single_Gunshot,2015-12-04,20:03:31,WashingtonDC6D,38.884,-76.94
7538,6D147739,Single_Gunshot,2015-12-04,22:29:27,WashingtonDC6D,38.874,-76.935
7539,6D147740,Multiple_Gunshots,2015-12-04,22:30:09,WashingtonDC6D,38.877,-76.936
7540,6D147741,Multiple_Gunshots,2015-12-04,23:10:52,WashingtonDC6D,38.896,-76.935
7541,5D56186,Single_Gunshot,2015-12-05,01:08:55,WashingtonDC5D,38.898,-76.977
7542,1D74328,Single_Gunshot,2015-12-05,01:08:55,WashingtonDC1D,38.897,-76.977
7543,7D181201,Multiple_Gunshots,2015-12-05,01:39:19,WashingtonDC7D,38.854,-76.971
7544,7D181202,Gunshot_or_Firecracker,2015-12-05,01:54:32,WashingtonDC7D,38.86,-76.998
7545,5D56188,Multiple_Gunshots,2015-12-05,02:09:44,WashingtonDC5D,38.905,-77.011
7546,6D147744,Single_Gunshot,2015-12-05,02:38:39,WashingtonDC6D,38.899,-76.925
7547,7D181204,Multiple_Gunshots,2015-12-05,02:42:23,WashingtonDC7D,38.828,-76.996
7548,7D181205,Multiple_Gunshots,2015-12-05,03:04:15,WashingtonDC7D,38.854,-76.981
7549,7D181206,Multiple_Gunshots,2015-12-05,03:04:27,WashingtonDC7D,38.853,-76.98
7550,7D181207,Multiple_Gunshots,2015-12-05,03:05:21,WashingtonDC7D,38.852,-76.982
7551,3D52846,Single_Gunshot,2015-12-05,03:13:49,WashingtonDC3D,38.914,-77.02
7552,7D181208,Multiple_Gunshots,2015-12-05,04:29:35,WashingtonDC7D,38.855,-76.958
7553,7D181209,Multiple_Gunshots,2015-12-05,05:37:49,WashingtonDC7D,38.849,-76.979
7554,7D181210,Multiple_Gunshots,2015-12-05,05:37:54,WashingtonDC7D,38.84,-76.983
7555,7D181211,Multiple_Gunshots,2015-12-05,05:37:55,WashingtonDC7D,38.848,-76.979
7556,7D181212,Multiple_Gunshots,2015-12-05,05:38:01,WashingtonDC7D,38.847,-76.981
7557,7D181213,Single_Gunshot,2015-12-05,05:38:08,WashingtonDC7D,38.846,-76.978
7558,7D181214,Multiple_Gunshots,2015-12-05,05:38:22,WashingtonDC7D,38.844,-76.978
7559,7D181215,Multiple_Gunshots,2015-12-05,05:38:50,WashingtonDC7D,38.844,-76.972
7560,7D181216,Multiple_Gunshots,2015-12-05,05:40:27,WashingtonDC7D,38.844,-76.972
7561,7D181217,Multiple_Gunshots,2015-12-05,05:40:36,WashingtonDC7D,38.837,-76.992
7562,6D147749,Multiple_Gunshots,2015-12-05,09:18:26,WashingtonDC6D,38.887,-76.929
7563,7D181224,Multiple_Gunshots,2015-12-05,21:25:54,WashingtonDC7D,38.863,-76.984
7564,6D147754,Multiple_Gunshots,2015-12-05,21:25:54,WashingtonDC6D,38.863,-76.984
7565,6D147755,Multiple_Gunshots,2015-12-05,21:26:07,WashingtonDC6D,38.863,-76.984
7566,1D74337,Single_Gunshot,2015-12-05,21:49:35,WashingtonDC1D,38.874,-77.012
7567,7D181225,Multiple_Gunshots,2015-12-05,21:57:04,WashingtonDC7D,38.826,-77.001
7568,3D52851,Single_Gunshot,2015-12-05,21:58:47,WashingtonDC3D,38.912,-77.013
7569,3D52852,Gunshot_or_Firecracker,2015-12-05,22:13:25,WashingtonDC3D,38.912,-77.012
7570,7D181228,Multiple_Gunshots,2015-12-05,23:07:53,WashingtonDC7D,38.829,-76.995
7571,4D48404,Multiple_Gunshots,2015-12-06,00:03:41,WashingtonDC4D,38.945,-77.019
7572,7D181229,Single_Gunshot,2015-12-06,00:49:51,WashingtonDC7D,38.835,-76.991
7573,4D48405,Single_Gunshot,2015-12-06,01:07:24,WashingtonDC4D,38.953,-77.016
7574,4D48406,Multiple_Gunshots,2015-12-06,01:07:41,WashingtonDC4D,38.953,-77.016
7575,7D181231,Multiple_Gunshots,2015-12-06,01:12:57,WashingtonDC7D,38.858,-76.987
7576,6D147762,Multiple_Gunshots,2015-12-06,01:12:58,WashingtonDC6D,38.855,-76.993
7577,6D147763,Single_Gunshot,2015-12-06,01:13:06,WashingtonDC6D,38.877,-76.949
7578,6D147765,Multiple_Gunshots,2015-12-06,02:14:21,WashingtonDC6D,38.883,-76.922
7579,6D147766,Multiple_Gunshots,2015-12-06,02:51:38,WashingtonDC6D,38.876,-76.969
7580,6D147768,Multiple_Gunshots,2015-12-06,03:03:55,WashingtonDC6D,38.918,-76.934
7581,6D147769,Multiple_Gunshots,2015-12-06,03:04:47,WashingtonDC6D,38.907,-76.939
7582,7D181232,Multiple_Gunshots,2015-12-06,03:51:16,WashingtonDC7D,38.854,-76.972
7583,4D48408,Multiple_Gunshots,2015-12-06,03:58:42,WashingtonDC4D,38.954,-77.016
7584,7D181233,Multiple_Gunshots,2015-12-06,04:05:28,WashingtonDC7D,38.854,-76.98
7585,6D147770,Multiple_Gunshots,2015-12-06,04:05:30,WashingtonDC6D,38.853,-76.98
7586,7D181234,Multiple_Gunshots,2015-12-06,04:05:39,WashingtonDC7D,38.853,-76.98
7587,6D147771,Single_Gunshot,2015-12-06,05:08:01,WashingtonDC6D,38.904,-76.925
7588,5D56194,Single_Gunshot,2015-12-06,07:11:09,WashingtonDC5D,38.905,-77.013
7589,6D147772,Single_Gunshot,2015-12-06,07:31:41,WashingtonDC6D,38.898,-76.95
7590,7D181235,Multiple_Gunshots,2015-12-06,12:55:56,WashingtonDC7D,38.829,-77.002
7591,6D147779,Multiple_Gunshots,2015-12-06,18:41:32,WashingtonDC6D,38.853,-76.981
7592,6D147783,Multiple_Gunshots,2015-12-06,20:35:36,WashingtonDC6D,38.887,-76.908
7593,6D147785,Multiple_Gunshots,2015-12-06,21:42:48,WashingtonDC6D,38.874,-76.966
7594,7D181241,Multiple_Gunshots,2015-12-06,22:25:07,WashingtonDC7D,38.828,-76.998
7595,7D181242,Multiple_Gunshots,2015-12-06,22:25:13,WashingtonDC7D,38.827,-76.998
7596,1D74338,Single_Gunshot,2015-12-06,22:36:19,WashingtonDC1D,38.874,-77.011
7597,6D147787,Multiple_Gunshots,2015-12-06,23:11:41,WashingtonDC6D,38.901,-76.95
7598,6D147788,Multiple_Gunshots,2015-12-06,23:11:46,WashingtonDC6D,38.905,-76.949
7599,6D147789,Multiple_Gunshots,2015-12-06,23:35:41,WashingtonDC6D,38.89,-76.957
7600,1D74340,Single_Gunshot,2015-12-07,00:32:26,WashingtonDC1D,38.892,-76.981
7601,6D147791,Multiple_Gunshots,2015-12-07,01:00:58,WashingtonDC6D,38.916,-76.932
7602,6D147792,Multiple_Gunshots,2015-12-07,01:47:22,WashingtonDC6D,38.87,-76.987
7603,6D147810,Multiple_Gunshots,2015-12-07,09:27:12,WashingtonDC6D,38.894,-76.932
7604,7D181271,Multiple_Gunshots,2015-12-07,13:17:04,WashingtonDC7D,38.846,-76.999
7605,6D147822,Multiple_Gunshots,2015-12-07,18:55:14,WashingtonDC6D,38.891,-76.953
7606,6D147823,Multiple_Gunshots,2015-12-07,20:34:36,WashingtonDC6D,38.902,-76.95
7607,6D147824,Multiple_Gunshots,2015-12-07,20:34:39,WashingtonDC6D,38.905,-76.949
7608,7D181276,Multiple_Gunshots,2015-12-07,23:22:47,WashingtonDC7D,38.832,-77.005
7609,5D56204,Multiple_Gunshots,2015-12-07,23:50:17,WashingtonDC5D,38.905,-77.01
7610,3D52869,Multiple_Gunshots,2015-12-07,23:50:19,WashingtonDC3D,38.905,-77.01
7611,6D147831,Multiple_Gunshots,2015-12-08,08:54:13,WashingtonDC6D,38.872,-76.995
7612,7D181295,Multiple_Gunshots,2015-12-08,17:43:43,WashingtonDC7D,38.844,-76.979
7613,7D181296,Multiple_Gunshots,2015-12-08,18:05:11,WashingtonDC7D,38.845,-76.979
7614,6D147850,Multiple_Gunshots,2015-12-08,22:23:49,WashingtonDC6D,38.885,-76.925
7615,5D56214,Multiple_Gunshots,2015-12-08,22:58:34,WashingtonDC5D,38.905,-76.98
7616,7D181300,Multiple_Gunshots,2015-12-09,00:21:31,WashingtonDC7D,38.858,-76.98
7617,7D181301,Multiple_Gunshots,2015-12-09,01:42:04,WashingtonDC7D,38.844,-76.999
7618,5D56215,Single_Gunshot,2015-12-09,02:22:38,WashingtonDC5D,38.922,-76.975
7619,5D56216,Multiple_Gunshots,2015-12-09,02:22:53,WashingtonDC5D,38.922,-76.974
7620,5D56217,Multiple_Gunshots,2015-12-09,02:22:58,WashingtonDC5D,38.914,-76.977
7621,7D181302,Multiple_Gunshots,2015-12-09,03:02:30,WashingtonDC7D,38.854,-76.972
7622,3D52878,Multiple_Gunshots,2015-12-09,08:50:57,WashingtonDC3D,38.913,-77.022
7623,6D147871,Multiple_Gunshots,2015-12-09,15:21:34,WashingtonDC6D,38.886,-76.958
7624,6D147872,Multiple_Gunshots,2015-12-09,15:21:37,WashingtonDC6D,38.886,-76.959
7625,6D147881,Gunshot_or_Firecracker,2015-12-09,18:58:57,WashingtonDC6D,38.886,-76.925
7626,5D56226,Gunshot_or_Firecracker,2015-12-09,19:27:13,WashingtonDC5D,38.904,-76.981
7627,1D74378,Gunshot_or_Firecracker,2015-12-09,19:27:24,WashingtonDC1D,38.904,-76.981
7628,7D181312,Multiple_Gunshots,2015-12-09,22:00:58,WashingtonDC7D,38.829,-76.994
7629,6D147884,Multiple_Gunshots,2015-12-09,23:18:46,WashingtonDC6D,38.878,-76.93
7630,7D181314,Multiple_Gunshots,2015-12-10,00:45:25,WashingtonDC7D,38.84,-76.994
7631,5D56233,Gunshot_or_Firecracker,2015-12-10,03:36:01,WashingtonDC5D,38.916,-76.983
7632,6D147886,Single_Gunshot,2015-12-10,05:20:32,WashingtonDC6D,38.898,-76.913
7633,5D56235,Multiple_Gunshots,2015-12-10,13:33:02,WashingtonDC5D,38.899,-76.974
7634,7D181330,Multiple_Gunshots,2015-12-10,18:06:19,WashingtonDC7D,38.857,-76.993
7635,6D147913,Multiple_Gunshots,2015-12-10,18:06:21,WashingtonDC6D,38.859,-76.995
7636,6D147914,Multiple_Gunshots,2015-12-10,19:29:13,WashingtonDC6D,38.881,-76.938
7637,6D147915,Gunshot_or_Firecracker,2015-12-10,19:30:21,WashingtonDC6D,38.879,-76.929
7638,6D147916,Gunshot_or_Firecracker,2015-12-10,19:35:24,WashingtonDC6D,38.879,-76.929
7639,4D48442,Multiple_Gunshots,2015-12-10,21:17:29,WashingtonDC4D,38.946,-77.027
7640,7D181335,Multiple_Gunshots,2015-12-10,23:30:51,WashingtonDC7D,38.852,-76.98
7641,6D147920,Multiple_Gunshots,2015-12-10,23:30:54,WashingtonDC6D,38.856,-76.977
7642,7D181340,Multiple_Gunshots,2015-12-11,00:17:34,WashingtonDC7D,38.86,-76.997
7643,6D147922,Multiple_Gunshots,2015-12-11,00:17:40,WashingtonDC6D,38.861,-76.995
7644,7D181342,Multiple_Gunshots,2015-12-11,00:42:47,WashingtonDC7D,38.83,-76.997
7645,7D181343,Multiple_Gunshots,2015-12-11,00:48:35,WashingtonDC7D,38.855,-76.986
7646,6D147927,Multiple_Gunshots,2015-12-11,00:48:35,WashingtonDC6D,38.855,-76.986
7647,7D181344,Multiple_Gunshots,2015-12-11,00:48:51,WashingtonDC7D,38.854,-76.986
7648,6D147928,Multiple_Gunshots,2015-12-11,00:48:52,WashingtonDC6D,38.855,-76.986
7649,7D181345,Multiple_Gunshots,2015-12-11,01:26:41,WashingtonDC7D,38.823,-76.992
7650,4D48445,Multiple_Gunshots,2015-12-11,02:26:58,WashingtonDC4D,38.956,-77.029
7651,4D48446,Single_Gunshot,2015-12-11,02:27:36,WashingtonDC4D,38.956,-77.029
7652,6D147932,Single_Gunshot,2015-12-11,06:23:29,WashingtonDC6D,38.881,-76.932
7653,3D52894,Gunshot_or_Firecracker,2015-12-11,09:09:10,WashingtonDC3D,38.925,-77.027
7654,6D147953,Gunshot_or_Firecracker,2015-12-11,12:20:19,WashingtonDC6D,38.892,-76.916
7655,6D147957,Single_Gunshot,2015-12-11,12:21:08,WashingtonDC6D,38.892,-76.916
7656,6D147974,Multiple_Gunshots,2015-12-11,19:58:39,WashingtonDC6D,38.896,-76.911
7657,6D147975,Multiple_Gunshots,2015-12-11,20:08:54,WashingtonDC6D,38.89,-76.917
7658,6D147976,Multiple_Gunshots,2015-12-11,20:12:57,WashingtonDC6D,38.887,-76.945
7659,6D147977,Multiple_Gunshots,2015-12-11,20:45:57,WashingtonDC6D,38.89,-76.929
7660,7D181362,Multiple_Gunshots,2015-12-11,21:30:58,WashingtonDC7D,38.827,-76.985
7661,7D181363,Single_Gunshot,2015-12-11,21:49:48,WashingtonDC7D,38.838,-76.99
7662,7D181364,Multiple_Gunshots,2015-12-11,23:13:26,WashingtonDC7D,38.821,-77.007
7663,7D181365,Multiple_Gunshots,2015-12-11,23:13:33,WashingtonDC7D,38.821,-77.007
7664,5D56249,Single_Gunshot,2015-12-12,00:45:12,WashingtonDC5D,38.899,-76.982
7665,1D74423,Single_Gunshot,2015-12-12,00:45:12,WashingtonDC1D,38.899,-76.982
7666,6D147982,Single_Gunshot,2015-12-12,00:59:47,WashingtonDC6D,38.894,-76.937
7667,6D147984,Single_Gunshot,2015-12-12,01:16:09,WashingtonDC6D,38.885,-76.925
7668,4D48450,Single_Gunshot,2015-12-12,01:30:57,WashingtonDC4D,38.942,-77.02
7669,6D147985,Single_Gunshot,2015-12-12,01:54:02,WashingtonDC6D,38.895,-76.925
7670,6D147987,Multiple_Gunshots,2015-12-12,02:41:20,WashingtonDC6D,38.905,-76.951
7671,6D147988,Multiple_Gunshots,2015-12-12,02:41:29,WashingtonDC6D,38.891,-76.937
7672,6D147989,Multiple_Gunshots,2015-12-12,02:41:32,WashingtonDC6D,38.867,-76.956
7673,5D56251,Multiple_Gunshots,2015-12-12,02:46:26,WashingtonDC5D,38.909,-76.982
7674,5D56252,Multiple_Gunshots,2015-12-12,02:46:35,WashingtonDC5D,38.909,-76.983
7675,6D147990,Multiple_Gunshots,2015-12-12,02:59:44,WashingtonDC6D,38.887,-76.958
7676,6D147991,Multiple_Gunshots,2015-12-12,03:13:32,WashingtonDC6D,38.864,-76.971
7677,7D181370,Multiple_Gunshots,2015-12-12,04:42:10,WashingtonDC7D,38.825,-77.003
7678,5D56255,Multiple_Gunshots,2015-12-12,04:50:04,WashingtonDC5D,38.923,-76.967
7679,7D181371,Multiple_Gunshots,2015-12-12,05:34:42,WashingtonDC7D,38.826,-77.003
7680,7D181372,Multiple_Gunshots,2015-12-12,05:34:48,WashingtonDC7D,38.832,-76.999
7681,7D181373,Multiple_Gunshots,2015-12-12,05:34:50,WashingtonDC7D,38.834,-77.002
7682,6D147995,Multiple_Gunshots,2015-12-12,05:50:01,WashingtonDC6D,38.859,-76.989
7683,7D181375,Multiple_Gunshots,2015-12-12,05:50:04,WashingtonDC7D,38.859,-76.988
7684,6D148000,Single_Gunshot,2015-12-12,10:02:45,WashingtonDC6D,38.866,-76.986
7685,6D148012,Multiple_Gunshots,2015-12-12,18:07:08,WashingtonDC6D,38.865,-76.98
7686,1D74428,Single_Gunshot,2015-12-12,18:37:11,WashingtonDC1D,38.891,-76.979
7687,7D181384,Multiple_Gunshots,2015-12-12,19:04:33,WashingtonDC7D,38.846,-76.972
7688,4D48464,Multiple_Gunshots,2015-12-12,22:32:38,WashingtonDC4D,38.954,-77.026
7689,6D148030,Single_Gunshot,2015-12-13,00:05:57,WashingtonDC6D,38.883,-76.926
7690,6D148034,Single_Gunshot,2015-12-13,00:25:32,WashingtonDC6D,38.872,-76.934
7691,7D181396,Multiple_Gunshots,2015-12-13,03:40:23,WashingtonDC7D,38.822,-77.008
7692,7D181397,Multiple_Gunshots,2015-12-13,03:43:45,WashingtonDC7D,38.821,-77.009
7693,1D74433,Multiple_Gunshots,2015-12-13,12:39:33,WashingtonDC1D,38.873,-77.012
7694,6D148041,Multiple_Gunshots,2015-12-13,15:03:15,WashingtonDC6D,38.884,-76.957
7695,7D181403,Multiple_Gunshots,2015-12-13,16:18:30,WashingtonDC7D,38.84,-77.004
7696,7D181406,Multiple_Gunshots,2015-12-13,17:30:50,WashingtonDC7D,38.847,-76.974
7697,7D181407,Multiple_Gunshots,2015-12-13,17:30:58,WashingtonDC7D,38.847,-76.974
7698,6D148042,Gunshot_or_Firecracker,2015-12-13,19:02:47,WashingtonDC6D,38.895,-76.928
7699,7D181408,Multiple_Gunshots,2015-12-13,19:38:20,WashingtonDC7D,38.857,-76.971
7700,6D148047,Multiple_Gunshots,2015-12-13,23:54:59,WashingtonDC6D,38.905,-76.952
7701,7D181409,Single_Gunshot,2015-12-14,00:02:09,WashingtonDC7D,38.858,-76.988
7702,7D181410,Single_Gunshot,2015-12-14,00:13:11,WashingtonDC7D,38.821,-76.996
7703,6D148048,Single_Gunshot,2015-12-14,01:09:56,WashingtonDC6D,38.893,-76.957
7704,3D52898,Single_Gunshot,2015-12-14,02:36:04,WashingtonDC3D,38.923,-77.034
7705,7D181411,Single_Gunshot,2015-12-14,02:40:35,WashingtonDC7D,38.822,-76.994
7706,7D181413,Multiple_Gunshots,2015-12-14,06:04:09,WashingtonDC7D,38.818,-76.997
7707,7D181414,Multiple_Gunshots,2015-12-14,06:04:20,WashingtonDC7D,38.818,-76.997
7708,7D181417,Multiple_Gunshots,2015-12-14,10:12:49,WashingtonDC7D,38.845,-76.974
7709,7D181420,Multiple_Gunshots,2015-12-14,15:58:28,WashingtonDC7D,38.828,-77.0
7710,7D181421,Multiple_Gunshots,2015-12-14,15:58:30,WashingtonDC7D,38.832,-77.002
7711,7D181422,Gunshot_or_Firecracker,2015-12-14,16:41:34,WashingtonDC7D,38.844,-76.993
7712,6D148078,Multiple_Gunshots,2015-12-14,17:54:21,WashingtonDC6D,38.887,-76.959
7713,6D148079,Multiple_Gunshots,2015-12-14,17:58:07,WashingtonDC6D,38.885,-76.928
7714,6D148080,Gunshot_or_Firecracker,2015-12-14,18:12:26,WashingtonDC6D,38.89,-76.907
7715,6D148081,Multiple_Gunshots,2015-12-14,21:24:01,WashingtonDC6D,38.883,-76.938
7716,6D148082,Multiple_Gunshots,2015-12-14,23:45:38,WashingtonDC6D,38.876,-76.932
7717,7D181424,Multiple_Gunshots,2015-12-15,12:04:45,WashingtonDC7D,38.843,-76.984
7718,6D148085,Multiple_Gunshots,2015-12-15,16:19:07,WashingtonDC6D,38.898,-76.922
7719,6D148089,Multiple_Gunshots,2015-12-15,21:25:39,WashingtonDC6D,38.883,-76.94
7720,4D48472,Multiple_Gunshots,2015-12-15,21:34:37,WashingtonDC4D,38.957,-77.019
7721,1D74448,Multiple_Gunshots,2015-12-15,23:00:38,WashingtonDC1D,38.896,-76.984
7722,5D56279,Multiple_Gunshots,2015-12-15,23:00:41,WashingtonDC5D,38.896,-76.983
7723,1D74449,Multiple_Gunshots,2015-12-15,23:00:45,WashingtonDC1D,38.896,-76.984
7724,3D52908,Multiple_Gunshots,2015-12-16,00:20:22,WashingtonDC3D,38.923,-77.034
7725,3D52909,Multiple_Gunshots,2015-12-16,00:20:28,WashingtonDC3D,38.91,-77.023
7726,6D148090,Multiple_Gunshots,2015-12-16,02:48:46,WashingtonDC6D,38.885,-76.945
7727,6D148091,Multiple_Gunshots,2015-12-16,02:48:48,WashingtonDC6D,38.885,-76.945
7728,6D148123,Single_Gunshot,2015-12-16,12:18:03,WashingtonDC6D,38.893,-76.938
7729,6D148134,Single_Gunshot,2015-12-16,15:55:00,WashingtonDC6D,38.906,-76.926
7730,5D56289,Gunshot_or_Firecracker,2015-12-16,16:10:47,WashingtonDC5D,38.906,-77.004
7731,7D181435,Multiple_Gunshots,2015-12-16,18:28:27,WashingtonDC7D,38.85,-76.973
7732,6D148139,Multiple_Gunshots,2015-12-16,18:51:55,WashingtonDC6D,38.897,-76.918
7733,6D148142,Multiple_Gunshots,2015-12-16,20:01:47,WashingtonDC6D,38.882,-76.944
7734,6D148143,Multiple_Gunshots,2015-12-16,20:07:35,WashingtonDC6D,38.888,-76.951
7735,6D148144,Multiple_Gunshots,2015-12-16,20:07:45,WashingtonDC6D,38.888,-76.951
7736,1D74465,Gunshot_or_Firecracker,2015-12-16,21:48:48,WashingtonDC1D,38.871,-77.012
7737,6D148146,Multiple_Gunshots,2015-12-16,21:56:14,WashingtonDC6D,38.904,-76.952
7738,7D181439,Multiple_Gunshots,2015-12-16,22:43:56,WashingtonDC7D,38.838,-76.981
7739,7D181440,Single_Gunshot,2015-12-17,00:26:34,WashingtonDC7D,38.824,-76.998
7740,7D181441,Single_Gunshot,2015-12-17,02:37:56,WashingtonDC7D,38.847,-76.973
7741,7D181442,Multiple_Gunshots,2015-12-17,02:51:38,WashingtonDC7D,38.83,-76.994
7742,4D48494,Single_Gunshot,2015-12-17,10:45:13,WashingtonDC4D,38.955,-77.017
7743,3D52921,Gunshot_or_Firecracker,2015-12-17,20:54:30,WashingtonDC3D,38.941,-77.038
7744,6D148154,Single_Gunshot,2015-12-17,21:26:07,WashingtonDC6D,38.889,-76.938
7745,6D148155,Single_Gunshot,2015-12-18,00:22:56,WashingtonDC6D,38.894,-76.937
7746,4D48503,Gunshot_or_Firecracker,2015-12-18,04:54:50,WashingtonDC4D,38.958,-77.02
7747,6D148157,Single_Gunshot,2015-12-18,06:39:05,WashingtonDC6D,38.899,-76.948
7748,7D181460,Multiple_Gunshots,2015-12-18,16:37:20,WashingtonDC7D,38.853,-76.969
7749,3D52925,Multiple_Gunshots,2015-12-18,17:02:44,WashingtonDC3D,38.928,-77.029
7750,7D181461,Gunshot_or_Firecracker,2015-12-18,22:07:05,WashingtonDC7D,38.862,-76.982
7751,6D148173,Single_Gunshot,2015-12-18,23:46:27,WashingtonDC6D,38.9,-76.926
7752,6D148175,Multiple_Gunshots,2015-12-19,01:22:33,WashingtonDC6D,38.874,-76.974
7753,6D148176,Multiple_Gunshots,2015-12-19,03:48:24,WashingtonDC6D,38.894,-76.915
7754,6D148177,Single_Gunshot,2015-12-19,03:50:54,WashingtonDC6D,38.893,-76.914
7755,7D181464,Multiple_Gunshots,2015-12-19,04:04:44,WashingtonDC7D,38.85,-76.973
7756,7D181465,Single_Gunshot,2015-12-19,04:19:25,WashingtonDC7D,38.843,-76.993
7757,1D74478,Single_Gunshot,2015-12-19,04:20:40,WashingtonDC1D,38.9,-76.982
7758,6D148213,Multiple_Gunshots,2015-12-19,14:36:22,WashingtonDC6D,38.878,-76.934
7759,1D74484,Multiple_Gunshots,2015-12-19,18:23:22,WashingtonDC1D,38.874,-77.011
7760,4D48508,Single_Gunshot,2015-12-19,21:10:25,WashingtonDC4D,38.951,-77.018
7761,7D181469,Multiple_Gunshots,2015-12-19,21:24:56,WashingtonDC7D,38.849,-76.98
7762,7D181470,Multiple_Gunshots,2015-12-19,21:25:06,WashingtonDC7D,38.849,-76.98
7763,1D74493,Multiple_Gunshots,2015-12-19,23:46:10,WashingtonDC1D,38.9,-76.991
7764,6D148216,Multiple_Gunshots,2015-12-20,01:24:02,WashingtonDC6D,38.886,-76.935
7765,6D148217,Single_Gunshot,2015-12-20,02:32:25,WashingtonDC6D,38.894,-76.925
7766,6D148218,Multiple_Gunshots,2015-12-20,03:15:16,WashingtonDC6D,38.882,-76.925
7767,6D148219,Multiple_Gunshots,2015-12-20,03:17:27,WashingtonDC6D,38.906,-76.922
7768,5D56301,Multiple_Gunshots,2015-12-20,07:09:36,WashingtonDC5D,38.905,-77.012
7769,1D74495,Multiple_Gunshots,2015-12-20,09:47:53,WashingtonDC1D,38.871,-77.01
7770,7D181474,Single_Gunshot,2015-12-20,12:53:01,WashingtonDC7D,38.838,-76.989
7771,6D148234,Multiple_Gunshots,2015-12-20,17:26:11,WashingtonDC6D,38.889,-76.915
7772,7D181478,Single_Gunshot,2015-12-20,19:14:02,WashingtonDC7D,38.833,-77.003
7773,7D181479,Single_Gunshot,2015-12-20,19:14:16,WashingtonDC7D,38.833,-77.003
7774,7D181480,Gunshot_or_Firecracker,2015-12-20,19:14:40,WashingtonDC7D,38.833,-77.003
7775,7D181482,Gunshot_or_Firecracker,2015-12-20,21:07:17,WashingtonDC7D,38.845,-76.993
7776,5D56303,Gunshot_or_Firecracker,2015-12-20,22:11:05,WashingtonDC5D,38.904,-76.99
7777,6D148238,Multiple_Gunshots,2015-12-20,22:24:07,WashingtonDC6D,38.886,-76.925
7778,4D48509,Multiple_Gunshots,2015-12-20,23:35:41,WashingtonDC4D,38.937,-77.023
7779,4D48510,Single_Gunshot,2015-12-20,23:56:38,WashingtonDC4D,38.937,-77.026
7780,6D148239,Single_Gunshot,2015-12-21,02:29:55,WashingtonDC6D,38.876,-76.924
7781,1D74496,Single_Gunshot,2015-12-21,03:00:37,WashingtonDC1D,38.88,-76.989
7782,7D181484,Gunshot_or_Firecracker,2015-12-21,13:28:49,WashingtonDC7D,38.837,-77.003
7783,6D148255,Multiple_Gunshots,2015-12-21,19:54:43,WashingtonDC6D,38.884,-76.926
7784,5D56311,Single_Gunshot,2015-12-21,20:00:45,WashingtonDC5D,38.903,-76.987
7785,6D148256,Multiple_Gunshots,2015-12-21,20:56:37,WashingtonDC6D,38.883,-76.931
7786,6D148257,Multiple_Gunshots,2015-12-21,22:34:38,WashingtonDC6D,38.888,-76.951
7787,7D181486,Single_Gunshot,2015-12-21,23:49:16,WashingtonDC7D,38.85,-76.971
7788,6D148258,Multiple_Gunshots,2015-12-21,23:56:45,WashingtonDC6D,38.882,-76.931
7789,6D148259,Single_Gunshot,2015-12-22,00:16:24,WashingtonDC6D,38.876,-76.948
7790,6D148260,Single_Gunshot,2015-12-22,00:16:53,WashingtonDC6D,38.873,-76.949
7791,6D148261,Multiple_Gunshots,2015-12-22,02:48:09,WashingtonDC6D,38.897,-76.912
7792,7D181490,Gunshot_or_Firecracker,2015-12-22,12:43:43,WashingtonDC7D,38.854,-76.999
7793,3D52940,Single_Gunshot,2015-12-22,15:14:32,WashingtonDC3D,38.912,-77.023
7794,5D56314,Multiple_Gunshots,2015-12-22,19:22:10,WashingtonDC5D,38.908,-76.986
7795,7D181492,Multiple_Gunshots,2015-12-22,19:55:11,WashingtonDC7D,38.858,-76.993
7796,6D148265,Multiple_Gunshots,2015-12-22,19:55:11,WashingtonDC6D,38.86,-76.993
7797,6D148267,Multiple_Gunshots,2015-12-22,23:16:51,WashingtonDC6D,38.879,-76.93
7798,6D148268,Multiple_Gunshots,2015-12-22,23:16:56,WashingtonDC6D,38.883,-76.929
7799,6D148269,Multiple_Gunshots,2015-12-22,23:16:58,WashingtonDC6D,38.89,-76.932
7800,6D148270,Multiple_Gunshots,2015-12-22,23:16:59,WashingtonDC6D,38.891,-76.922
7801,5D56318,Multiple_Gunshots,2015-12-23,01:51:33,WashingtonDC5D,38.908,-76.986
7802,4D48518,Multiple_Gunshots,2015-12-23,02:11:39,WashingtonDC4D,38.955,-77.029
7803,5D56319,Multiple_Gunshots,2015-12-23,03:07:45,WashingtonDC5D,38.903,-76.982
7804,5D56324,Gunshot_or_Firecracker,2015-12-23,09:59:55,WashingtonDC5D,38.923,-76.967
7805,6D148283,Gunshot_or_Firecracker,2015-12-23,13:27:48,WashingtonDC6D,38.886,-76.953
7806,6D148290,Single_Gunshot,2015-12-23,21:57:48,WashingtonDC6D,38.884,-76.935
7807,5D56325,Multiple_Gunshots,2015-12-23,22:00:53,WashingtonDC5D,38.905,-77.01
7808,6D148292,Multiple_Gunshots,2015-12-24,00:18:35,WashingtonDC6D,38.865,-76.968
7809,6D148293,Multiple_Gunshots,2015-12-24,00:48:33,WashingtonDC6D,38.893,-76.953
7810,7D181501,Multiple_Gunshots,2015-12-24,01:17:12,WashingtonDC7D,38.828,-76.996
7811,7D181504,Single_Gunshot,2015-12-24,02:08:57,WashingtonDC7D,38.858,-76.989
7812,6D148296,Single_Gunshot,2015-12-24,02:08:57,WashingtonDC6D,38.859,-76.989
7813,6D148299,Multiple_Gunshots,2015-12-24,03:36:48,WashingtonDC6D,38.892,-76.923
7814,7D181515,Multiple_Gunshots,2015-12-24,11:58:37,WashingtonDC7D,38.857,-76.974
7815,7D181516,Multiple_Gunshots,2015-12-24,12:05:10,WashingtonDC7D,38.845,-76.972
7816,7D181518,Multiple_Gunshots,2015-12-24,18:50:33,WashingtonDC7D,38.845,-76.972
7817,6D148309,Multiple_Gunshots,2015-12-24,19:39:35,WashingtonDC6D,38.885,-76.92
7818,7D181529,Multiple_Gunshots,2015-12-24,23:03:23,WashingtonDC7D,38.853,-76.973
7819,7D181530,Multiple_Gunshots,2015-12-24,23:03:35,WashingtonDC7D,38.853,-76.973
7820,6D148315,Multiple_Gunshots,2015-12-24,23:05:10,WashingtonDC6D,38.883,-76.924
7821,7D181535,Multiple_Gunshots,2015-12-25,00:01:42,WashingtonDC7D,38.828,-76.994
7822,7D181537,Multiple_Gunshots,2015-12-25,00:52:31,WashingtonDC7D,38.827,-76.995
7823,1D74523,Single_Gunshot,2015-12-25,00:56:04,WashingtonDC1D,38.898,-76.977
7824,7D181538,Multiple_Gunshots,2015-12-25,01:03:03,WashingtonDC7D,38.869,-76.986
7825,6D148322,Multiple_Gunshots,2015-12-25,01:03:04,WashingtonDC6D,38.87,-76.986
7826,7D181539,Multiple_Gunshots,2015-12-25,01:13:28,WashingtonDC7D,38.829,-76.995
7827,7D181541,Single_Gunshot,2015-12-25,01:54:49,WashingtonDC7D,38.833,-77.001
7828,6D148323,Multiple_Gunshots,2015-12-25,01:58:33,WashingtonDC6D,38.885,-76.924
7829,5D56334,Single_Gunshot,2015-12-25,02:08:51,WashingtonDC5D,38.923,-77.016
7830,5D56335,Multiple_Gunshots,2015-12-25,02:09:23,WashingtonDC5D,38.92,-77.008
7831,7D181542,Multiple_Gunshots,2015-12-25,02:12:04,WashingtonDC7D,38.841,-76.983
7832,4D48543,Single_Gunshot,2015-12-25,03:41:05,WashingtonDC4D,38.953,-77.025
7833,4D48544,Single_Gunshot,2015-12-25,03:41:12,WashingtonDC4D,38.953,-77.024
7834,4D48545,Multiple_Gunshots,2015-12-25,03:46:32,WashingtonDC4D,38.956,-77.02
7835,6D148329,Multiple_Gunshots,2015-12-25,04:48:50,WashingtonDC6D,38.893,-76.927
7836,7D181545,Gunshot_or_Firecracker,2015-12-25,07:58:54,WashingtonDC7D,38.841,-76.974
7837,7D181546,Multiple_Gunshots,2015-12-25,10:07:15,WashingtonDC7D,38.858,-76.99
7838,4D48546,Multiple_Gunshots,2015-12-25,10:11:33,WashingtonDC4D,38.956,-77.028
7839,6D148330,Multiple_Gunshots,2015-12-25,18:10:15,WashingtonDC6D,38.871,-76.975
7840,6D148332,Multiple_Gunshots,2015-12-25,18:42:24,WashingtonDC6D,38.905,-76.949
7841,5D56341,Multiple_Gunshots,2015-12-25,23:17:24,WashingtonDC5D,38.936,-76.973
7842,5D56342,Multiple_Gunshots,2015-12-25,23:24:17,WashingtonDC5D,38.928,-76.995
7843,3D52974,Multiple_Gunshots,2015-12-25,23:51:37,WashingtonDC3D,38.908,-77.021
7844,7D181550,Multiple_Gunshots,2015-12-25,23:55:39,WashingtonDC7D,38.852,-76.977
7845,7D181551,Multiple_Gunshots,2015-12-25,23:56:07,WashingtonDC7D,38.852,-76.978
7846,6D148342,Multiple_Gunshots,2015-12-26,00:22:19,WashingtonDC6D,38.894,-76.923
7847,1D74525,Multiple_Gunshots,2015-12-26,00:31:08,WashingtonDC1D,38.871,-77.012
7848,1D74526,Multiple_Gunshots,2015-12-26,00:31:13,WashingtonDC1D,38.872,-77.012
7849,7D181552,Multiple_Gunshots,2015-12-26,00:40:25,WashingtonDC7D,38.843,-76.979
7850,7D181553,Single_Gunshot,2015-12-26,00:57:27,WashingtonDC7D,38.833,-76.989
7851,7D181556,Single_Gunshot,2015-12-26,01:20:46,WashingtonDC7D,38.834,-76.995
7852,7D181557,Multiple_Gunshots,2015-12-26,02:55:19,WashingtonDC7D,38.843,-76.979
7853,7D181558,Multiple_Gunshots,2015-12-26,02:55:26,WashingtonDC7D,38.842,-76.981
7854,7D181559,Multiple_Gunshots,2015-12-26,02:55:31,WashingtonDC7D,38.842,-76.981
7855,7D181560,Multiple_Gunshots,2015-12-26,03:04:04,WashingtonDC7D,38.855,-76.98
7856,7D181561,Multiple_Gunshots,2015-12-26,03:04:12,WashingtonDC7D,38.847,-76.997
7857,5D56344,Single_Gunshot,2015-12-26,03:58:32,WashingtonDC5D,38.925,-76.993
7858,6D148343,Multiple_Gunshots,2015-12-26,07:19:32,WashingtonDC6D,38.884,-76.932
7859,6D148351,Single_Gunshot,2015-12-26,18:59:44,WashingtonDC6D,38.903,-76.927
7860,7D181565,Multiple_Gunshots,2015-12-26,19:19:24,WashingtonDC7D,38.841,-76.987
7861,7D181570,Multiple_Gunshots,2015-12-26,20:01:56,WashingtonDC7D,38.863,-76.983
7862,6D148357,Single_Gunshot,2015-12-26,20:02:00,WashingtonDC6D,38.886,-76.952
7863,7D181571,Single_Gunshot,2015-12-26,20:02:57,WashingtonDC7D,38.863,-76.982
7864,6D148363,Single_Gunshot,2015-12-26,21:27:42,WashingtonDC6D,38.888,-76.92
7865,7D181573,Multiple_Gunshots,2015-12-26,21:56:28,WashingtonDC7D,38.843,-76.985
7866,7D181574,Multiple_Gunshots,2015-12-26,21:56:45,WashingtonDC7D,38.843,-76.986
7867,4D48550,Single_Gunshot,2015-12-27,01:16:33,WashingtonDC4D,38.956,-77.021
7868,6D148370,Multiple_Gunshots,2015-12-27,01:22:31,WashingtonDC6D,38.89,-76.941
7869,6D148371,Single_Gunshot,2015-12-27,01:27:25,WashingtonDC6D,38.902,-76.926
7870,6D148372,Multiple_Gunshots,2015-12-27,03:09:09,WashingtonDC6D,38.897,-76.916
7871,5D56348,Multiple_Gunshots,2015-12-27,15:01:45,WashingtonDC5D,38.919,-77.002
7872,7D181581,Multiple_Gunshots,2015-12-27,17:10:36,WashingtonDC7D,38.854,-76.972
7873,7D181582,Multiple_Gunshots,2015-12-27,17:11:47,WashingtonDC7D,38.857,-76.974
7874,4D48551,Single_Gunshot,2015-12-27,19:12:54,WashingtonDC4D,38.956,-77.022
7875,7D181583,Gunshot_or_Firecracker,2015-12-27,19:27:42,WashingtonDC7D,38.858,-76.99
7876,6D148378,Multiple_Gunshots,2015-12-27,19:39:49,WashingtonDC6D,38.895,-76.945
7877,,Multiple_Gunshots,2015-12-27,19:41:22,WashingtonDC5D,38.931,-76.97
7878,7D181585,Multiple_Gunshots,2015-12-27,22:04:28,WashingtonDC7D,38.834,-76.996
7879,7D181587,Gunshot_or_Firecracker,2015-12-27,22:40:28,WashingtonDC7D,38.855,-76.971
7880,7D181588,Single_Gunshot,2015-12-27,22:42:03,WashingtonDC7D,38.85,-76.986
7881,1D74527,Single_Gunshot,2015-12-27,23:32:59,WashingtonDC1D,38.902,-76.99
7882,6D148380,Single_Gunshot,2015-12-27,23:51:32,WashingtonDC6D,38.907,-76.928
7883,7D181590,Multiple_Gunshots,2015-12-28,00:22:08,WashingtonDC7D,38.856,-76.992
7884,7D181591,Multiple_Gunshots,2015-12-28,01:31:14,WashingtonDC7D,38.834,-76.997
7885,6D148381,Single_Gunshot,2015-12-28,05:58:29,WashingtonDC6D,38.892,-76.93
7886,6D148403,Multiple_Gunshots,2015-12-28,12:00:56,WashingtonDC6D,38.887,-76.929
7887,6D148431,Single_Gunshot,2015-12-28,17:25:56,WashingtonDC6D,38.88,-76.928
7888,6D148432,Multiple_Gunshots,2015-12-28,18:03:50,WashingtonDC6D,38.868,-76.944
7889,7D181603,Multiple_Gunshots,2015-12-28,20:18:10,WashingtonDC7D,38.842,-76.992
7890,7D181604,Multiple_Gunshots,2015-12-28,22:31:42,WashingtonDC7D,38.843,-77.002
7891,7D181605,Multiple_Gunshots,2015-12-28,23:03:08,WashingtonDC7D,38.844,-76.979
7892,6D148435,Multiple_Gunshots,2015-12-28,23:27:09,WashingtonDC6D,38.892,-76.922
7893,6D148436,Single_Gunshot,2015-12-28,23:56:31,WashingtonDC6D,38.868,-76.944
7894,6D148437,Multiple_Gunshots,2015-12-29,00:22:25,WashingtonDC6D,38.881,-76.939
7895,6D148441,Single_Gunshot,2015-12-29,02:30:00,WashingtonDC6D,38.886,-76.957
7896,1D74532,Multiple_Gunshots,2015-12-29,04:56:29,WashingtonDC1D,38.888,-76.971
7897,6D148444,Multiple_Gunshots,2015-12-29,08:55:56,WashingtonDC6D,38.892,-76.938
7898,7D181617,Multiple_Gunshots,2015-12-29,14:54:02,WashingtonDC7D,38.828,-77.003
7899,7D181618,Multiple_Gunshots,2015-12-29,14:54:10,WashingtonDC7D,38.834,-77.003
7900,6D148463,Gunshot_or_Firecracker,2015-12-29,18:15:41,WashingtonDC6D,38.902,-76.948
7901,7D181628,Gunshot_or_Firecracker,2015-12-30,00:00:59,WashingtonDC7D,38.833,-76.997
7902,7D181630,Multiple_Gunshots,2015-12-30,00:25:08,WashingtonDC7D,38.849,-76.982
7903,7D181631,Single_Gunshot,2015-12-30,01:11:06,WashingtonDC7D,38.852,-76.981
7904,5D56363,Multiple_Gunshots,2015-12-30,01:48:50,WashingtonDC5D,38.921,-76.979
7905,6D148465,Single_Gunshot,2015-12-30,03:16:30,WashingtonDC6D,38.887,-76.951
7906,6D148466,Multiple_Gunshots,2015-12-30,04:35:03,WashingtonDC6D,38.891,-76.914
7907,6D148469,Multiple_Gunshots,2015-12-30,07:36:11,WashingtonDC6D,38.892,-76.938
7908,6D148470,Multiple_Gunshots,2015-12-30,07:36:17,WashingtonDC6D,38.892,-76.938
7909,6D148471,Multiple_Gunshots,2015-12-30,07:36:23,WashingtonDC6D,38.892,-76.938
7910,6D148500,Multiple_Gunshots,2015-12-30,14:58:28,WashingtonDC6D,38.891,-76.92
7911,1D74553,Single_Gunshot,2015-12-30,17:56:06,WashingtonDC1D,38.899,-76.974
7912,1D74554,Single_Gunshot,2015-12-30,19:42:29,WashingtonDC1D,38.898,-76.98
7913,1D74555,Single_Gunshot,2015-12-30,19:42:32,WashingtonDC1D,38.894,-76.981
7914,5D56368,Multiple_Gunshots,2015-12-30,19:42:44,WashingtonDC5D,38.897,-76.978
7915,1D74556,Multiple_Gunshots,2015-12-30,19:42:44,WashingtonDC1D,38.898,-76.979
7916,6D148506,Gunshot_or_Firecracker,2015-12-30,21:16:35,WashingtonDC6D,38.893,-76.916
7917,6D148507,Single_Gunshot,2015-12-30,21:17:02,WashingtonDC6D,38.87,-76.98
7918,5D56371,Single_Gunshot,2015-12-30,22:59:57,WashingtonDC5D,38.914,-77.002
7919,4D48579,Single_Gunshot,2015-12-31,00:52:53,WashingtonDC4D,38.955,-77.025
7920,4D48580,Multiple_Gunshots,2015-12-31,00:52:57,WashingtonDC4D,38.955,-77.025
7921,7D181638,Single_Gunshot,2015-12-31,01:33:00,WashingtonDC7D,38.834,-76.996
7922,3D52990,Gunshot_or_Firecracker,2015-12-31,01:58:54,WashingtonDC3D,38.923,-77.027
7923,7D181639,Multiple_Gunshots,2015-12-31,02:20:02,WashingtonDC7D,38.853,-76.981
7924,7D181640,Single_Gunshot,2015-12-31,07:19:56,WashingtonDC7D,38.833,-77.006
7925,5D56376,Multiple_Gunshots,2015-12-31,09:33:11,WashingtonDC5D,38.905,-77.009
7926,6D148522,Gunshot_or_Firecracker,2015-12-31,11:13:59,WashingtonDC6D,38.899,-76.95
7927,6D148535,Multiple_Gunshots,2015-12-31,17:38:18,WashingtonDC6D,38.894,-76.916
7928,6D148540,Multiple_Gunshots,2015-12-31,20:35:29,WashingtonDC6D,38.909,-76.927
7929,5D56414,Multiple_Gunshots,2015-12-31,21:52:28,WashingtonDC5D,38.913,-76.99
7930,7D181678,Multiple_Gunshots,2015-12-31,21:58:38,WashingtonDC7D,38.829,-76.995
7931,7D181681,Multiple_Gunshots,2015-12-31,22:07:47,WashingtonDC7D,38.863,-76.984
7932,6D148551,Multiple_Gunshots,2015-12-31,22:08:13,WashingtonDC6D,38.863,-76.984
7933,5D56415,Multiple_Gunshots,2015-12-31,22:35:15,WashingtonDC5D,38.909,-76.984
7934,6D148552,Multiple_Gunshots,2015-12-31,22:46:14,WashingtonDC6D,38.904,-76.934
7935,7D181691,Multiple_Gunshots,2015-12-31,22:47:47,WashingtonDC7D,38.857,-76.972
7936,1D74566,Multiple_Gunshots,2015-12-31,22:55:51,WashingtonDC1D,38.901,-76.986
7937,7D181692,Multiple_Gunshots,2015-12-31,22:59:09,WashingtonDC7D,38.852,-76.982
7938,7D181698,Single_Gunshot,2015-12-31,23:39:59,WashingtonDC7D,38.852,-76.978
7939,7D181703,Multiple_Gunshots,2015-12-31,23:44:55,WashingtonDC7D,38.851,-76.978
7940,6D148561,Single_Gunshot,2015-12-31,23:49:33,WashingtonDC6D,38.9,-76.921
7941,7D181726,Multiple_Gunshots,2015-12-31,23:55:10,WashingtonDC7D,38.848,-76.973
7942,6D148566,Multiple_Gunshots,2015-12-31,23:55:12,WashingtonDC6D,38.901,-76.922
7943,7D181730,Multiple_Gunshots,2015-12-31,23:55:41,WashingtonDC7D,38.849,-76.972
7944,6D148567,Multiple_Gunshots,2015-12-31,23:56:11,WashingtonDC6D,38.894,-76.919
7945,7D181735,Multiple_Gunshots,2015-12-31,23:57:31,WashingtonDC7D,38.845,-76.972
7946,6D148576,Multiple_Gunshots,2015-12-31,23:58:13,WashingtonDC6D,38.907,-76.919
7947,7D181738,Gunshot_or_Firecracker,2015-12-31,23:59:38,WashingtonDC7D,38.86,-76.991
7948,6D148582,Single_Gunshot,2015-12-31,23:59:52,WashingtonDC6D,38.892,-76.951
7949,1D74574,Multiple_Gunshots,2015-12-31,23:59:53,WashingtonDC1D,38.896,-76.981
7950,7D181741,Multiple_Gunshots,2015-12-31,23:59:55,WashingtonDC7D,38.834,-76.984
7951,4D48621,Multiple_Gunshots,2015-12-31,23:59:55,WashingtonDC4D,38.946,-77.016
0,3D53039,Multiple_Gunshots,2016-01-01,00:00:03,WashingtonDC3D,38.923,-77.027
1,3D53042,Multiple_Gunshots,2016-01-01,00:00:23,WashingtonDC3D,38.922,-77.026
2,4D48629,Multiple_Gunshots,2016-01-01,00:01:25,WashingtonDC4D,38.955,-77.029
3,3D53047,Multiple_Gunshots,2016-01-01,00:02:00,WashingtonDC3D,38.928,-77.021
4,5D56455,Multiple_Gunshots,2016-01-01,00:02:10,WashingtonDC5D,38.92,-76.981
5,5D56456,Multiple_Gunshots,2016-01-01,00:02:15,WashingtonDC5D,38.913,-76.984
6,3D53050,Multiple_Gunshots,2016-01-01,00:02:24,WashingtonDC3D,38.927,-77.029
7,1D74582,Multiple_Gunshots,2016-01-01,00:02:41,WashingtonDC1D,38.907,-76.988
8,5D56459,Multiple_Gunshots,2016-01-01,00:02:50,WashingtonDC5D,38.907,-76.988
9,3D53052,Multiple_Gunshots,2016-01-01,00:02:53,WashingtonDC3D,38.917,-77.016
10,3D53053,Multiple_Gunshots,2016-01-01,00:02:55,WashingtonDC3D,38.918,-77.016
11,6D148588,Multiple_Gunshots,2016-01-01,00:03:37,WashingtonDC6D,38.906,-76.95
12,6D148589,Multiple_Gunshots,2016-01-01,00:03:39,WashingtonDC6D,38.904,-76.95
13,5D56463,Multiple_Gunshots,2016-01-01,00:03:44,WashingtonDC5D,38.917,-77.005
14,5D56465,Multiple_Gunshots,2016-01-01,00:04:03,WashingtonDC5D,38.913,-76.984
15,6D148592,Multiple_Gunshots,2016-01-01,00:04:09,WashingtonDC6D,38.906,-76.951
16,4D48645,Multiple_Gunshots,2016-01-01,00:04:10,WashingtonDC4D,38.948,-77.023
17,5D56466,Multiple_Gunshots,2016-01-01,00:04:12,WashingtonDC5D,38.909,-76.986
18,4D48646,Multiple_Gunshots,2016-01-01,00:04:17,WashingtonDC4D,38.954,-77.021
19,6D148593,Multiple_Gunshots,2016-01-01,00:04:19,WashingtonDC6D,38.905,-76.95
20,6D148594,Multiple_Gunshots,2016-01-01,00:04:32,WashingtonDC6D,38.888,-76.956
21,5D56469,Multiple_Gunshots,2016-01-01,00:04:47,WashingtonDC5D,38.923,-76.987
22,7D181751,Multiple_Gunshots,2016-01-01,00:04:58,WashingtonDC7D,38.867,-76.988
23,5D56470,Multiple_Gunshots,2016-01-01,00:05:01,WashingtonDC5D,38.905,-77.01
24,5D56473,Multiple_Gunshots,2016-01-01,00:05:19,WashingtonDC5D,38.913,-76.984
25,5D56474,Multiple_Gunshots,2016-01-01,00:05:26,WashingtonDC5D,38.905,-77.011
26,3D53060,Multiple_Gunshots,2016-01-01,00:05:45,WashingtonDC3D,38.918,-77.016
27,5D56478,Multiple_Gunshots,2016-01-01,00:06:15,WashingtonDC5D,38.912,-76.987
28,5D56479,Multiple_Gunshots,2016-01-01,00:06:21,WashingtonDC5D,38.906,-76.991
29,5D56480,Multiple_Gunshots,2016-01-01,00:06:23,WashingtonDC5D,38.909,-76.986
30,4D48655,Multiple_Gunshots,2016-01-01,00:07:04,WashingtonDC4D,38.956,-77.029
31,4D48656,Multiple_Gunshots,2016-01-01,00:07:14,WashingtonDC4D,38.952,-77.023
32,3D53065,Multiple_Gunshots,2016-01-01,00:07:16,WashingtonDC3D,38.938,-77.028
33,4D48657,Multiple_Gunshots,2016-01-01,00:07:24,WashingtonDC4D,38.955,-77.022
34,4D48658,Multiple_Gunshots,2016-01-01,00:07:28,WashingtonDC4D,38.955,-77.022
35,4D48659,Multiple_Gunshots,2016-01-01,00:07:33,WashingtonDC4D,38.955,-77.022
36,3D53066,Multiple_Gunshots,2016-01-01,00:08:17,WashingtonDC3D,38.919,-77.016
37,3D53067,Multiple_Gunshots,2016-01-01,00:08:21,WashingtonDC3D,38.914,-77.013
38,4D48663,Multiple_Gunshots,2016-01-01,00:08:42,WashingtonDC4D,38.96,-77.013
39,1D74605,Multiple_Gunshots,2016-01-01,00:08:47,WashingtonDC1D,38.899,-76.973
40,4D48666,Single_Gunshot,2016-01-01,00:09:30,WashingtonDC4D,38.952,-77.024
41,4D48667,Multiple_Gunshots,2016-01-01,00:09:40,WashingtonDC4D,38.953,-77.026
42,5D56494,Multiple_Gunshots,2016-01-01,00:09:54,WashingtonDC5D,38.922,-76.978
43,1D74610,Multiple_Gunshots,2016-01-01,00:10:50,WashingtonDC1D,38.906,-76.999
44,7D181786,Multiple_Gunshots,2016-01-01,00:11:11,WashingtonDC7D,38.858,-76.997
45,6D148633,Multiple_Gunshots,2016-01-01,00:11:12,WashingtonDC6D,38.884,-76.955
46,6D148635,Multiple_Gunshots,2016-01-01,00:11:32,WashingtonDC6D,38.887,-76.951
47,7D181789,Single_Gunshot,2016-01-01,00:11:37,WashingtonDC7D,38.827,-76.998
48,5D56504,Single_Gunshot,2016-01-01,00:11:43,WashingtonDC5D,38.906,-76.976
49,6D148637,Multiple_Gunshots,2016-01-01,00:11:48,WashingtonDC6D,38.901,-76.935
50,7D181792,Multiple_Gunshots,2016-01-01,00:12:03,WashingtonDC7D,38.842,-76.986
51,7D181793,Multiple_Gunshots,2016-01-01,00:12:15,WashingtonDC7D,38.842,-77.002
52,4D48674,Multiple_Gunshots,2016-01-01,00:12:17,WashingtonDC4D,38.953,-77.008
53,7D181795,Multiple_Gunshots,2016-01-01,00:12:37,WashingtonDC7D,38.843,-76.985
54,1D74615,Multiple_Gunshots,2016-01-01,00:12:45,WashingtonDC1D,38.902,-76.986
55,3D53083,Multiple_Gunshots,2016-01-01,00:13:02,WashingtonDC3D,38.945,-77.035
56,5D56510,Multiple_Gunshots,2016-01-01,00:13:04,WashingtonDC5D,38.9,-76.987
57,1D74617,Multiple_Gunshots,2016-01-01,00:13:04,WashingtonDC1D,38.902,-76.985
58,6D148649,Multiple_Gunshots,2016-01-01,00:14:22,WashingtonDC6D,38.901,-76.935
59,6D148651,Multiple_Gunshots,2016-01-01,00:14:38,WashingtonDC6D,38.887,-76.951
60,4D48686,Multiple_Gunshots,2016-01-01,00:14:45,WashingtonDC4D,38.955,-77.021
61,7D181811,Multiple_Gunshots,2016-01-01,00:16:07,WashingtonDC7D,38.823,-77.009
62,7D181812,Multiple_Gunshots,2016-01-01,00:16:14,WashingtonDC7D,38.86,-76.991
63,6D148660,Multiple_Gunshots,2016-01-01,00:16:24,WashingtonDC6D,38.894,-76.925
64,7D181813,Multiple_Gunshots,2016-01-01,00:16:29,WashingtonDC7D,38.852,-76.978
65,6D148661,Multiple_Gunshots,2016-01-01,00:16:33,WashingtonDC6D,38.881,-76.938
66,6D148662,Multiple_Gunshots,2016-01-01,00:16:42,WashingtonDC6D,38.866,-76.988
67,7D181817,Multiple_Gunshots,2016-01-01,00:17:07,WashingtonDC7D,38.86,-76.99
68,4D48707,Single_Gunshot,2016-01-01,00:17:07,WashingtonDC4D,38.954,-77.023
69,5D56525,Multiple_Gunshots,2016-01-01,00:17:29,WashingtonDC5D,38.911,-77.011
70,5D56526,Multiple_Gunshots,2016-01-01,00:17:36,WashingtonDC5D,38.907,-76.978
71,1D74626,Multiple_Gunshots,2016-01-01,00:17:37,WashingtonDC1D,38.907,-76.978
72,4D48712,Multiple_Gunshots,2016-01-01,00:17:48,WashingtonDC4D,38.955,-77.022
73,4D48713,Multiple_Gunshots,2016-01-01,00:18:02,WashingtonDC4D,38.954,-77.021
74,7D181824,Multiple_Gunshots,2016-01-01,00:18:46,WashingtonDC7D,38.856,-76.991
75,5D56529,Multiple_Gunshots,2016-01-01,00:18:51,WashingtonDC5D,38.906,-76.977
76,5D56533,Multiple_Gunshots,2016-01-01,00:19:28,WashingtonDC5D,38.906,-77.011
77,5D56535,Multiple_Gunshots,2016-01-01,00:19:36,WashingtonDC5D,38.906,-77.011
78,6D148678,Multiple_Gunshots,2016-01-01,00:19:46,WashingtonDC6D,38.886,-76.951
79,7D181830,Multiple_Gunshots,2016-01-01,00:19:59,WashingtonDC7D,38.833,-77.005
80,7D181833,Multiple_Gunshots,2016-01-01,00:20:15,WashingtonDC7D,38.83,-77.003
81,6D148684,Multiple_Gunshots,2016-01-01,00:20:36,WashingtonDC6D,38.886,-76.951
82,1D74629,Multiple_Gunshots,2016-01-01,00:20:47,WashingtonDC1D,38.901,-76.974
83,4D48726,Single_Gunshot,2016-01-01,00:21:17,WashingtonDC4D,38.948,-77.035
84,5D56538,Multiple_Gunshots,2016-01-01,00:21:23,WashingtonDC5D,38.908,-76.988
85,3D53109,Gunshot_or_Firecracker,2016-01-01,00:21:32,WashingtonDC3D,38.925,-77.03
86,7D181841,Multiple_Gunshots,2016-01-01,00:21:45,WashingtonDC7D,38.867,-76.988
87,6D148697,Multiple_Gunshots,2016-01-01,00:21:46,WashingtonDC6D,38.867,-76.988
88,7D181844,Multiple_Gunshots,2016-01-01,00:22:00,WashingtonDC7D,38.865,-76.987
89,3D53112,Multiple_Gunshots,2016-01-01,00:23:12,WashingtonDC3D,38.931,-77.039
90,4D48743,Multiple_Gunshots,2016-01-01,00:24:37,WashingtonDC4D,38.959,-77.019
91,7D181864,Multiple_Gunshots,2016-01-01,00:25:29,WashingtonDC7D,38.822,-76.997
92,7D181866,Multiple_Gunshots,2016-01-01,00:25:42,WashingtonDC7D,38.834,-76.993
93,7D181869,Multiple_Gunshots,2016-01-01,00:26:46,WashingtonDC7D,38.837,-77.003
94,7D181870,Multiple_Gunshots,2016-01-01,00:26:58,WashingtonDC7D,38.833,-77.006
95,5D56546,Multiple_Gunshots,2016-01-01,00:27:18,WashingtonDC5D,38.905,-76.976
96,1D74641,Multiple_Gunshots,2016-01-01,00:27:19,WashingtonDC1D,38.905,-76.975
97,7D181875,Multiple_Gunshots,2016-01-01,00:27:24,WashingtonDC7D,38.833,-77.006
98,5D56550,Multiple_Gunshots,2016-01-01,00:28:29,WashingtonDC5D,38.917,-77.005
99,4D48760,Multiple_Gunshots,2016-01-01,00:28:48,WashingtonDC4D,38.949,-77.007
100,7D181892,Multiple_Gunshots,2016-01-01,00:31:01,WashingtonDC7D,38.837,-76.988
101,6D148744,Multiple_Gunshots,2016-01-01,00:31:30,WashingtonDC6D,38.905,-76.95
102,7D181894,Multiple_Gunshots,2016-01-01,00:31:35,WashingtonDC7D,38.862,-76.987
103,6D148745,Multiple_Gunshots,2016-01-01,00:31:36,WashingtonDC6D,38.903,-76.933
104,7D181896,Multiple_Gunshots,2016-01-01,00:31:59,WashingtonDC7D,38.833,-77.003
105,6D148757,Multiple_Gunshots,2016-01-01,00:33:48,WashingtonDC6D,38.898,-76.936
106,7D181903,Multiple_Gunshots,2016-01-01,00:33:55,WashingtonDC7D,38.857,-76.974
107,7D181907,Multiple_Gunshots,2016-01-01,00:36:35,WashingtonDC7D,38.821,-77.009
108,7D181909,Multiple_Gunshots,2016-01-01,00:37:00,WashingtonDC7D,38.846,-76.983
109,7D181913,Multiple_Gunshots,2016-01-01,00:37:40,WashingtonDC7D,38.836,-76.993
110,7D181915,Single_Gunshot,2016-01-01,00:37:54,WashingtonDC7D,38.868,-76.98
111,3D53144,Multiple_Gunshots,2016-01-01,00:38:04,WashingtonDC3D,38.926,-77.025
112,4D48791,Multiple_Gunshots,2016-01-01,00:38:14,WashingtonDC4D,38.955,-77.02
113,6D148770,Multiple_Gunshots,2016-01-01,00:39:29,WashingtonDC6D,38.911,-76.938
114,5D56574,Multiple_Gunshots,2016-01-01,00:42:38,WashingtonDC5D,38.923,-76.986
115,5D56575,Multiple_Gunshots,2016-01-01,00:42:51,WashingtonDC5D,38.922,-76.987
116,7D181921,Multiple_Gunshots,2016-01-01,00:43:30,WashingtonDC7D,38.827,-77.0
117,7D181925,Multiple_Gunshots,2016-01-01,00:45:54,WashingtonDC7D,38.845,-77.002
118,6D148787,Multiple_Gunshots,2016-01-01,00:46:53,WashingtonDC6D,38.895,-76.915
119,5D56576,Multiple_Gunshots,2016-01-01,00:47:40,WashingtonDC5D,38.937,-76.968
120,7D181930,Multiple_Gunshots,2016-01-01,00:48:22,WashingtonDC7D,38.851,-76.978
121,7D181932,Multiple_Gunshots,2016-01-01,00:50:00,WashingtonDC7D,38.845,-76.978
122,6D148796,Multiple_Gunshots,2016-01-01,00:51:31,WashingtonDC6D,38.894,-76.924
123,7D181933,Gunshot_or_Firecracker,2016-01-01,00:52:30,WashingtonDC7D,38.856,-76.97
124,6D148798,Multiple_Gunshots,2016-01-01,00:52:32,WashingtonDC6D,38.894,-76.923
125,6D148799,Multiple_Gunshots,2016-01-01,00:52:45,WashingtonDC6D,38.884,-76.932
126,6D148803,Single_Gunshot,2016-01-01,01:00:01,WashingtonDC6D,38.876,-76.964
127,7D181940,Multiple_Gunshots,2016-01-01,01:02:41,WashingtonDC7D,38.836,-76.993
128,7D181941,Multiple_Gunshots,2016-01-01,01:02:45,WashingtonDC7D,38.84,-76.99
129,7D181942,Multiple_Gunshots,2016-01-01,01:02:46,WashingtonDC7D,38.827,-76.987
130,7D181943,Multiple_Gunshots,2016-01-01,01:02:47,WashingtonDC7D,38.836,-76.994
131,7D181944,Multiple_Gunshots,2016-01-01,01:03:44,WashingtonDC7D,38.862,-76.973
132,7D181949,Multiple_Gunshots,2016-01-01,01:13:22,WashingtonDC7D,38.834,-76.992
133,6D148808,Multiple_Gunshots,2016-01-01,01:16:15,WashingtonDC6D,38.911,-76.938
134,7D181951,Multiple_Gunshots,2016-01-01,01:16:49,WashingtonDC7D,38.858,-76.97
135,7D181952,Multiple_Gunshots,2016-01-01,01:17:06,WashingtonDC7D,38.858,-76.972
136,6D148812,Multiple_Gunshots,2016-01-01,01:24:51,WashingtonDC6D,38.894,-76.937
137,5D56587,Multiple_Gunshots,2016-01-01,01:29:04,WashingtonDC5D,38.905,-77.011
138,7D181956,Multiple_Gunshots,2016-01-01,01:30:14,WashingtonDC7D,38.848,-76.974
139,4D48824,Multiple_Gunshots,2016-01-01,01:30:14,WashingtonDC4D,38.958,-77.022
140,7D181958,Multiple_Gunshots,2016-01-01,01:32:53,WashingtonDC7D,38.857,-76.973
141,6D148814,Multiple_Gunshots,2016-01-01,01:34:12,WashingtonDC6D,38.886,-76.951
142,7D181962,Multiple_Gunshots,2016-01-01,01:37:34,WashingtonDC7D,38.835,-76.988
143,4D48826,Multiple_Gunshots,2016-01-01,01:39:54,WashingtonDC4D,38.952,-77.025
144,4D48829,Single_Gunshot,2016-01-01,01:42:01,WashingtonDC4D,38.952,-77.025
145,5D56590,Multiple_Gunshots,2016-01-01,01:43:08,WashingtonDC5D,38.921,-76.978
146,6D148819,Multiple_Gunshots,2016-01-01,01:45:39,WashingtonDC6D,38.911,-76.936
147,7D181966,Multiple_Gunshots,2016-01-01,01:54:44,WashingtonDC7D,38.859,-76.987
148,7D181967,Single_Gunshot,2016-01-01,01:56:03,WashingtonDC7D,38.839,-76.994
149,7D181969,Single_Gunshot,2016-01-01,01:58:06,WashingtonDC7D,38.832,-77.005
150,7D181970,Single_Gunshot,2016-01-01,01:59:38,WashingtonDC7D,38.837,-76.988
151,7D181971,Multiple_Gunshots,2016-01-01,02:00:23,WashingtonDC7D,38.862,-76.981
152,7D181975,Multiple_Gunshots,2016-01-01,02:12:34,WashingtonDC7D,38.843,-76.988
153,7D181976,Multiple_Gunshots,2016-01-01,02:13:22,WashingtonDC7D,38.859,-76.987
154,7D181977,Single_Gunshot,2016-01-01,02:22:32,WashingtonDC7D,38.848,-76.977
155,7D181978,Multiple_Gunshots,2016-01-01,02:23:18,WashingtonDC7D,38.841,-76.989
156,5D56603,Multiple_Gunshots,2016-01-01,02:37:53,WashingtonDC5D,38.902,-76.992
157,6D148828,Multiple_Gunshots,2016-01-01,02:42:08,WashingtonDC6D,38.887,-76.937
158,6D148829,Single_Gunshot,2016-01-01,02:43:49,WashingtonDC6D,38.868,-76.982
159,6D148830,Single_Gunshot,2016-01-01,02:44:16,WashingtonDC6D,38.87,-76.979
160,7D181987,Single_Gunshot,2016-01-01,02:51:40,WashingtonDC7D,38.831,-77.0
161,6D148832,Multiple_Gunshots,2016-01-01,02:53:45,WashingtonDC6D,38.888,-76.938
162,7D181988,Multiple_Gunshots,2016-01-01,02:55:19,WashingtonDC7D,38.83,-76.996
163,7D181990,Multiple_Gunshots,2016-01-01,03:14:33,WashingtonDC7D,38.859,-76.998
164,3D53195,Multiple_Gunshots,2016-01-01,03:17:10,WashingtonDC3D,38.911,-77.014
165,5D56627,Multiple_Gunshots,2016-01-01,03:17:12,WashingtonDC5D,38.912,-77.013
166,6D148835,Multiple_Gunshots,2016-01-01,03:29:19,WashingtonDC6D,38.894,-76.928
167,6D148836,Multiple_Gunshots,2016-01-01,03:29:27,WashingtonDC6D,38.894,-76.929
168,6D148837,Multiple_Gunshots,2016-01-01,03:29:28,WashingtonDC6D,38.894,-76.928
169,4D48839,Multiple_Gunshots,2016-01-01,03:31:10,WashingtonDC4D,38.955,-77.023
170,7D181996,Multiple_Gunshots,2016-01-01,03:32:37,WashingtonDC7D,38.859,-76.998
171,7D181997,Multiple_Gunshots,2016-01-01,03:47:22,WashingtonDC7D,38.844,-76.979
172,4D48841,Single_Gunshot,2016-01-01,03:49:06,WashingtonDC4D,38.946,-77.025
173,6D148841,Single_Gunshot,2016-01-01,03:49:35,WashingtonDC6D,38.887,-76.924
174,6D148846,Multiple_Gunshots,2016-01-01,03:52:39,WashingtonDC6D,38.873,-76.983
175,5D56631,Single_Gunshot,2016-01-01,04:02:58,WashingtonDC5D,38.931,-76.969
176,5D56632,Single_Gunshot,2016-01-01,04:03:47,WashingtonDC5D,38.931,-76.969
177,3D53196,Multiple_Gunshots,2016-01-01,04:10:51,WashingtonDC3D,38.929,-77.038
178,3D53197,Single_Gunshot,2016-01-01,04:10:59,WashingtonDC3D,38.929,-77.038
179,6D148850,Single_Gunshot,2016-01-01,04:25:24,WashingtonDC6D,38.892,-76.948
180,7D182000,Multiple_Gunshots,2016-01-01,04:27:23,WashingtonDC7D,38.859,-76.998
181,6D148852,Multiple_Gunshots,2016-01-01,04:27:24,WashingtonDC6D,38.892,-76.948
182,7D182001,Single_Gunshot,2016-01-01,04:30:00,WashingtonDC7D,38.83,-77.002
183,5D56636,Multiple_Gunshots,2016-01-01,04:33:19,WashingtonDC5D,38.905,-77.01
184,6D148853,Multiple_Gunshots,2016-01-01,04:40:43,WashingtonDC6D,38.885,-76.954
185,6D148854,Multiple_Gunshots,2016-01-01,04:40:48,WashingtonDC6D,38.885,-76.954
186,6D148855,Multiple_Gunshots,2016-01-01,04:40:53,WashingtonDC6D,38.885,-76.953
187,6D148857,Multiple_Gunshots,2016-01-01,06:22:55,WashingtonDC6D,38.905,-76.951
188,6D148859,Multiple_Gunshots,2016-01-01,11:37:17,WashingtonDC6D,38.886,-76.951
189,3D53200,Multiple_Gunshots,2016-01-01,16:35:51,WashingtonDC3D,38.922,-77.026
190,1D74704,Multiple_Gunshots,2016-01-01,17:46:07,WashingtonDC1D,38.874,-77.011
191,7D182008,Multiple_Gunshots,2016-01-01,18:43:17,WashingtonDC7D,38.867,-76.986
192,6D148867,Multiple_Gunshots,2016-01-01,18:43:17,WashingtonDC6D,38.868,-76.986
193,7D182010,Multiple_Gunshots,2016-01-01,21:00:13,WashingtonDC7D,38.861,-76.987
194,6D148872,Multiple_Gunshots,2016-01-01,21:00:13,WashingtonDC6D,38.861,-76.987
195,7D182013,Multiple_Gunshots,2016-01-01,22:01:18,WashingtonDC7D,38.832,-76.993
196,7D182014,Multiple_Gunshots,2016-01-01,22:01:25,WashingtonDC7D,38.832,-76.993
197,7D182015,Multiple_Gunshots,2016-01-01,22:05:08,WashingtonDC7D,38.826,-77.004
198,6D148877,Multiple_Gunshots,2016-01-02,00:05:56,WashingtonDC6D,38.867,-76.983
199,7D182031,Multiple_Gunshots,2016-01-02,00:05:57,WashingtonDC7D,38.867,-76.984
200,5D56646,Multiple_Gunshots,2016-01-02,00:58:57,WashingtonDC5D,38.927,-76.966
201,5D56647,Multiple_Gunshots,2016-01-02,01:00:16,WashingtonDC5D,38.927,-76.966
202,7D182032,Multiple_Gunshots,2016-01-02,01:27:25,WashingtonDC7D,38.848,-76.977
203,6D148878,Multiple_Gunshots,2016-01-02,01:50:16,WashingtonDC6D,38.866,-76.946
204,6D148879,Multiple_Gunshots,2016-01-02,02:25:54,WashingtonDC6D,38.89,-76.913
205,6D148880,Multiple_Gunshots,2016-01-02,02:51:24,WashingtonDC6D,38.91,-76.93
206,6D148881,Multiple_Gunshots,2016-01-02,02:51:34,WashingtonDC6D,38.906,-76.927
207,6D148882,Multiple_Gunshots,2016-01-02,03:10:50,WashingtonDC6D,38.902,-76.944
208,6D148883,Multiple_Gunshots,2016-01-02,03:10:54,WashingtonDC6D,38.903,-76.942
209,5D56649,Multiple_Gunshots,2016-01-02,03:17:05,WashingtonDC5D,38.907,-76.986
210,6D148886,Multiple_Gunshots,2016-01-02,05:18:01,WashingtonDC6D,38.879,-76.913
211,6D148914,Single_Gunshot,2016-01-02,21:49:57,WashingtonDC6D,38.89,-76.954
212,7D182061,Single_Gunshot,2016-01-02,22:28:13,WashingtonDC7D,38.837,-77.005
213,6D148918,Multiple_Gunshots,2016-01-03,01:38:39,WashingtonDC6D,38.868,-76.975
214,6D148919,Multiple_Gunshots,2016-01-03,01:39:20,WashingtonDC6D,38.866,-76.976
215,7D182063,Multiple_Gunshots,2016-01-03,01:39:27,WashingtonDC7D,38.866,-76.976
216,7D182064,Multiple_Gunshots,2016-01-03,02:04:11,WashingtonDC7D,38.823,-77.001
217,6D148933,Multiple_Gunshots,2016-01-03,15:31:59,WashingtonDC6D,38.887,-76.949
218,7D182069,Multiple_Gunshots,2016-01-03,17:36:51,WashingtonDC7D,38.825,-77.008
219,6D148941,Multiple_Gunshots,2016-01-03,19:22:07,WashingtonDC6D,38.913,-76.932
220,7D182072,Gunshot_or_Firecracker,2016-01-03,20:06:12,WashingtonDC7D,38.854,-76.986
221,6D148945,Multiple_Gunshots,2016-01-03,20:30:00,WashingtonDC6D,38.906,-76.951
222,7D182073,Multiple_Gunshots,2016-01-03,21:32:13,WashingtonDC7D,38.844,-77.007
223,6D148947,Multiple_Gunshots,2016-01-03,22:32:20,WashingtonDC6D,38.893,-76.925
224,6D148948,Multiple_Gunshots,2016-01-03,22:32:23,WashingtonDC6D,38.896,-76.921
225,6D148949,Multiple_Gunshots,2016-01-03,22:32:24,WashingtonDC6D,38.893,-76.924
226,6D148950,Multiple_Gunshots,2016-01-03,22:32:30,WashingtonDC6D,38.893,-76.924
227,1D74719,Gunshot_or_Firecracker,2016-01-03,23:36:20,WashingtonDC1D,38.89,-76.975
228,7D182075,Multiple_Gunshots,2016-01-04,01:34:14,WashingtonDC7D,38.86,-77.001
229,7D182076,Multiple_Gunshots,2016-01-04,01:54:22,WashingtonDC7D,38.824,-76.993
230,3D53218,Multiple_Gunshots,2016-01-04,02:46:14,WashingtonDC3D,38.921,-77.025
231,7D182077,Single_Gunshot,2016-01-04,03:04:14,WashingtonDC7D,38.853,-76.987
232,6D148954,Multiple_Gunshots,2016-01-04,21:41:40,WashingtonDC6D,38.905,-76.949
233,6D148955,Multiple_Gunshots,2016-01-04,21:42:55,WashingtonDC6D,38.905,-76.949
234,7D182083,Multiple_Gunshots,2016-01-04,22:51:07,WashingtonDC7D,38.859,-76.993
235,7D182084,Multiple_Gunshots,2016-01-05,03:56:30,WashingtonDC7D,38.829,-76.998
236,7D182085,Single_Gunshot,2016-01-05,03:56:38,WashingtonDC7D,38.83,-76.998
237,7D182087,Multiple_Gunshots,2016-01-05,17:48:32,WashingtonDC7D,38.832,-77.008
238,6D148970,Single_Gunshot,2016-01-05,18:53:01,WashingtonDC6D,38.899,-76.923
239,6D148971,Multiple_Gunshots,2016-01-05,19:36:04,WashingtonDC6D,38.897,-76.946
240,7D182088,Single_Gunshot,2016-01-05,21:08:59,WashingtonDC7D,38.859,-76.996
241,3D53220,Multiple_Gunshots,2016-01-05,21:32:01,WashingtonDC3D,38.937,-77.032
242,7D182089,Single_Gunshot,2016-01-05,21:57:46,WashingtonDC7D,38.833,-76.993
243,7D182090,Multiple_Gunshots,2016-01-06,00:06:32,WashingtonDC7D,38.831,-77.001
244,5D56672,Multiple_Gunshots,2016-01-06,00:33:03,WashingtonDC5D,38.91,-76.987
245,7D182091,Multiple_Gunshots,2016-01-06,01:05:10,WashingtonDC7D,38.833,-76.992
246,7D182092,Single_Gunshot,2016-01-06,03:09:36,WashingtonDC7D,38.828,-77.009
247,1D74726,Multiple_Gunshots,2016-01-06,09:40:12,WashingtonDC1D,38.875,-77.013
248,1D74727,Gunshot_or_Firecracker,2016-01-06,12:41:02,WashingtonDC1D,38.891,-76.988
249,3D53222,Multiple_Gunshots,2016-01-06,13:04:14,WashingtonDC3D,38.929,-77.018
250,6D148984,Single_Gunshot,2016-01-06,17:39:24,WashingtonDC6D,38.87,-76.981
251,7D182106,Multiple_Gunshots,2016-01-06,20:49:09,WashingtonDC7D,38.864,-76.986
252,6D148990,Multiple_Gunshots,2016-01-06,20:49:09,WashingtonDC6D,38.864,-76.986
253,7D182107,Multiple_Gunshots,2016-01-07,02:01:31,WashingtonDC7D,38.841,-76.987
254,6D148993,Single_Gunshot,2016-01-07,02:52:00,WashingtonDC6D,38.887,-76.953
255,5D56678,Multiple_Gunshots,2016-01-07,05:22:05,WashingtonDC5D,38.914,-76.975
256,7D182110,Gunshot_or_Firecracker,2016-01-07,08:42:22,WashingtonDC7D,38.847,-76.972
257,4D48869,Gunshot_or_Firecracker,2016-01-07,18:57:13,WashingtonDC4D,38.95,-77.029
258,7D182113,Single_Gunshot,2016-01-07,21:43:19,WashingtonDC7D,38.859,-76.996
259,7D182114,Multiple_Gunshots,2016-01-07,22:19:02,WashingtonDC7D,38.867,-76.985
260,6D148999,Multiple_Gunshots,2016-01-07,22:19:02,WashingtonDC6D,38.867,-76.985
261,7D182115,Multiple_Gunshots,2016-01-07,23:42:55,WashingtonDC7D,38.832,-77.009
262,7D182116,Single_Gunshot,2016-01-08,01:19:20,WashingtonDC7D,38.831,-77.007
263,7D182117,Single_Gunshot,2016-01-08,02:12:03,WashingtonDC7D,38.828,-77.0
264,6D149001,Multiple_Gunshots,2016-01-08,03:25:26,WashingtonDC6D,38.89,-76.964
265,1D74735,Multiple_Gunshots,2016-01-08,03:25:28,WashingtonDC1D,38.89,-76.964
266,6D149002,Multiple_Gunshots,2016-01-08,03:25:29,WashingtonDC6D,38.885,-76.956
267,6D149003,Multiple_Gunshots,2016-01-08,03:25:30,WashingtonDC6D,38.887,-76.964
268,5D56691,Multiple_Gunshots,2016-01-08,03:46:12,WashingtonDC5D,38.935,-76.968
269,5D56693,Gunshot_or_Firecracker,2016-01-08,13:12:49,WashingtonDC5D,38.928,-76.964
270,7D182137,Multiple_Gunshots,2016-01-08,18:12:59,WashingtonDC7D,38.849,-76.972
271,1D74744,Multiple_Gunshots,2016-01-08,21:48:26,WashingtonDC1D,38.89,-76.978
272,1D74745,Multiple_Gunshots,2016-01-08,21:48:34,WashingtonDC1D,38.89,-76.978
273,6D149017,Multiple_Gunshots,2016-01-08,22:31:08,WashingtonDC6D,38.871,-76.929
274,6D149018,Multiple_Gunshots,2016-01-08,22:31:31,WashingtonDC6D,38.871,-76.929
275,6D149019,Multiple_Gunshots,2016-01-08,23:55:47,WashingtonDC6D,38.907,-76.95
276,6D149021,Multiple_Gunshots,2016-01-08,23:59:19,WashingtonDC6D,38.906,-76.953
277,6D149022,Multiple_Gunshots,2016-01-08,23:59:28,WashingtonDC6D,38.906,-76.952
278,6D149023,Multiple_Gunshots,2016-01-09,00:08:27,WashingtonDC6D,38.883,-76.933
279,6D149024,Single_Gunshot,2016-01-09,02:25:02,WashingtonDC6D,38.867,-76.942
280,1D74747,Gunshot_or_Firecracker,2016-01-09,14:50:50,WashingtonDC1D,38.899,-76.979
281,6D149044,Multiple_Gunshots,2016-01-09,16:45:22,WashingtonDC6D,38.889,-76.962
282,6D149050,Multiple_Gunshots,2016-01-09,23:59:13,WashingtonDC6D,38.866,-76.965
283,6D149051,Multiple_Gunshots,2016-01-10,00:14:28,WashingtonDC6D,38.905,-76.949
284,7D182152,Multiple_Gunshots,2016-01-10,03:16:22,WashingtonDC7D,38.857,-76.978
285,6D149052,Multiple_Gunshots,2016-01-10,03:16:22,WashingtonDC6D,38.857,-76.978
286,7D182153,Multiple_Gunshots,2016-01-10,03:16:30,WashingtonDC7D,38.857,-76.978
287,6D149053,Multiple_Gunshots,2016-01-10,03:16:30,WashingtonDC6D,38.856,-76.978
288,7D182155,Multiple_Gunshots,2016-01-10,03:57:28,WashingtonDC7D,38.861,-76.985
289,6D149054,Multiple_Gunshots,2016-01-10,03:57:28,WashingtonDC6D,38.861,-76.985
290,7D182156,Multiple_Gunshots,2016-01-10,03:57:37,WashingtonDC7D,38.861,-76.985
291,6D149055,Multiple_Gunshots,2016-01-10,03:57:37,WashingtonDC6D,38.861,-76.985
292,6D149056,Single_Gunshot,2016-01-10,05:30:53,WashingtonDC6D,38.887,-76.952
293,6D149057,Single_Gunshot,2016-01-10,05:31:09,WashingtonDC6D,38.887,-76.952
294,6D149058,Gunshot_or_Firecracker,2016-01-10,15:10:59,WashingtonDC6D,38.893,-76.919
295,7D182160,Multiple_Gunshots,2016-01-10,15:16:47,WashingtonDC7D,38.853,-76.979
296,6D149061,Single_Gunshot,2016-01-10,18:15:52,WashingtonDC6D,38.89,-76.936
297,7D182163,Multiple_Gunshots,2016-01-10,18:27:44,WashingtonDC7D,38.839,-77.004
298,5D56698,Gunshot_or_Firecracker,2016-01-10,18:39:16,WashingtonDC5D,38.9,-76.973
299,1D74755,Single_Gunshot,2016-01-10,18:39:16,WashingtonDC1D,38.9,-76.973
300,6D149063,Single_Gunshot,2016-01-10,20:03:10,WashingtonDC6D,38.895,-76.929
301,7D182164,Single_Gunshot,2016-01-10,20:06:44,WashingtonDC7D,38.818,-76.998
302,7D182165,Single_Gunshot,2016-01-10,20:11:39,WashingtonDC7D,38.818,-76.998
303,7D182167,Multiple_Gunshots,2016-01-10,23:00:20,WashingtonDC7D,38.846,-77.0
304,5D56703,Multiple_Gunshots,2016-01-10,23:56:57,WashingtonDC5D,38.92,-76.982
305,7D182168,Single_Gunshot,2016-01-11,04:41:11,WashingtonDC7D,38.865,-76.989
306,6D149080,Multiple_Gunshots,2016-01-11,17:21:06,WashingtonDC6D,38.896,-76.942
307,6D149082,Multiple_Gunshots,2016-01-11,20:46:19,WashingtonDC6D,38.902,-76.923
308,7D182178,Single_Gunshot,2016-01-11,21:12:54,WashingtonDC7D,38.826,-77.006
309,7D182179,Multiple_Gunshots,2016-01-11,22:29:34,WashingtonDC7D,38.859,-76.968
310,5D56704,Single_Gunshot,2016-01-11,23:14:33,WashingtonDC5D,38.908,-76.988
311,7D182180,Multiple_Gunshots,2016-01-11,23:46:39,WashingtonDC7D,38.846,-76.972
312,7D182181,Single_Gunshot,2016-01-11,23:47:04,WashingtonDC7D,38.857,-76.991
313,3D53263,Multiple_Gunshots,2016-01-12,00:07:03,WashingtonDC3D,38.907,-77.019
314,6D149089,Multiple_Gunshots,2016-01-12,00:33:45,WashingtonDC6D,38.875,-76.961
315,7D182182,Multiple_Gunshots,2016-01-12,00:44:02,WashingtonDC7D,38.855,-76.972
316,4D48905,Gunshot_or_Firecracker,2016-01-12,01:51:36,WashingtonDC4D,38.947,-77.027
317,3D53265,Single_Gunshot,2016-01-12,16:48:33,WashingtonDC3D,38.934,-77.023
318,3D53267,Multiple_Gunshots,2016-01-12,16:48:39,WashingtonDC3D,38.934,-77.023
319,3D53268,Multiple_Gunshots,2016-01-12,16:48:45,WashingtonDC3D,38.934,-77.023
320,6D149093,Multiple_Gunshots,2016-01-12,18:47:12,WashingtonDC6D,38.869,-76.981
321,6D149094,Single_Gunshot,2016-01-12,18:49:56,WashingtonDC6D,38.868,-76.982
322,6D149095,Single_Gunshot,2016-01-12,18:50:14,WashingtonDC6D,38.888,-76.932
323,7D182190,Single_Gunshot,2016-01-12,20:08:30,WashingtonDC7D,38.843,-76.987
324,6D149097,Multiple_Gunshots,2016-01-12,23:21:38,WashingtonDC6D,38.885,-76.931
325,6D149098,Multiple_Gunshots,2016-01-12,23:21:50,WashingtonDC6D,38.885,-76.93
326,6D149099,Multiple_Gunshots,2016-01-12,23:21:59,WashingtonDC6D,38.885,-76.931
327,6D149100,Multiple_Gunshots,2016-01-13,01:02:32,WashingtonDC6D,38.911,-76.938
328,6D149102,Multiple_Gunshots,2016-01-13,09:37:01,WashingtonDC6D,38.906,-76.946
329,6D149104,Gunshot_or_Firecracker,2016-01-13,10:11:07,WashingtonDC6D,38.884,-76.937
330,6D149105,Gunshot_or_Firecracker,2016-01-13,10:11:21,WashingtonDC6D,38.884,-76.938
331,6D149107,Gunshot_or_Firecracker,2016-01-13,11:42:57,WashingtonDC6D,38.884,-76.938
332,7D182194,Gunshot_or_Firecracker,2016-01-13,12:49:39,WashingtonDC7D,38.852,-76.978
333,7D182200,Multiple_Gunshots,2016-01-13,17:36:14,WashingtonDC7D,38.837,-77.004
334,6D149117,Single_Gunshot,2016-01-13,21:08:21,WashingtonDC6D,38.898,-76.917
335,6D149118,Multiple_Gunshots,2016-01-13,21:08:32,WashingtonDC6D,38.898,-76.917
336,7D182227,Multiple_Gunshots,2016-01-14,17:39:33,WashingtonDC7D,38.86,-76.989
337,7D182229,Multiple_Gunshots,2016-01-14,17:55:20,WashingtonDC7D,38.83,-76.997
338,6D149141,Gunshot_or_Firecracker,2016-01-14,18:50:15,WashingtonDC6D,38.882,-76.935
339,6D149144,Gunshot_or_Firecracker,2016-01-14,18:50:25,WashingtonDC6D,38.884,-76.929
340,6D149147,Multiple_Gunshots,2016-01-14,20:37:04,WashingtonDC6D,38.888,-76.936
341,6D149148,Multiple_Gunshots,2016-01-14,20:37:09,WashingtonDC6D,38.889,-76.936
342,6D149150,Multiple_Gunshots,2016-01-14,21:52:08,WashingtonDC6D,38.904,-76.933
343,7D182233,Single_Gunshot,2016-01-14,22:05:00,WashingtonDC7D,38.827,-77.007
344,7D182236,Multiple_Gunshots,2016-01-15,00:41:30,WashingtonDC7D,38.823,-77.002
345,5D56714,Single_Gunshot,2016-01-15,01:38:20,WashingtonDC5D,38.92,-76.98
346,7D182237,Single_Gunshot,2016-01-15,02:02:13,WashingtonDC7D,38.827,-76.997
347,5D56715,Single_Gunshot,2016-01-15,02:21:15,WashingtonDC5D,38.921,-77.009
348,6D149152,Multiple_Gunshots,2016-01-15,02:53:46,WashingtonDC6D,38.904,-76.933
349,6D149153,Multiple_Gunshots,2016-01-15,02:53:57,WashingtonDC6D,38.904,-76.933
350,6D149154,Single_Gunshot,2016-01-15,03:25:59,WashingtonDC6D,38.902,-76.938
351,6D149155,Multiple_Gunshots,2016-01-15,03:56:56,WashingtonDC6D,38.887,-76.937
352,6D149165,Gunshot_or_Firecracker,2016-01-15,12:16:04,WashingtonDC6D,38.886,-76.925
353,1D74786,Gunshot_or_Firecracker,2016-01-15,13:00:26,WashingtonDC1D,38.873,-77.016
354,6D149167,Multiple_Gunshots,2016-01-15,15:02:41,WashingtonDC6D,38.897,-76.942
355,7D182246,Gunshot_or_Firecracker,2016-01-15,15:45:57,WashingtonDC7D,38.828,-76.992
356,7D182248,Single_Gunshot,2016-01-15,23:59:06,WashingtonDC7D,38.846,-76.978
357,6D149173,Single_Gunshot,2016-01-16,00:49:21,WashingtonDC6D,38.881,-76.932
358,6D149174,Single_Gunshot,2016-01-16,02:14:36,WashingtonDC6D,38.882,-76.936
359,6D149178,Multiple_Gunshots,2016-01-16,02:29:48,WashingtonDC6D,38.905,-76.949
360,7D182249,Multiple_Gunshots,2016-01-16,03:06:36,WashingtonDC7D,38.86,-76.992
361,6D149180,Gunshot_or_Firecracker,2016-01-16,08:24:01,WashingtonDC6D,38.899,-76.95
362,7D182251,Gunshot_or_Firecracker,2016-01-16,09:25:26,WashingtonDC7D,38.832,-77.006
363,1D74796,Gunshot_or_Firecracker,2016-01-16,16:07:39,WashingtonDC1D,38.875,-77.015
364,6D149188,Multiple_Gunshots,2016-01-16,18:05:26,WashingtonDC6D,38.905,-76.938
365,6D149189,Multiple_Gunshots,2016-01-16,18:05:37,WashingtonDC6D,38.905,-76.938
366,1D74798,Multiple_Gunshots,2016-01-16,18:36:24,WashingtonDC1D,38.875,-77.013
367,6D149197,Multiple_Gunshots,2016-01-16,21:43:50,WashingtonDC6D,38.893,-76.916
368,7D182257,Single_Gunshot,2016-01-16,22:09:18,WashingtonDC7D,38.857,-76.974
369,6D149199,Multiple_Gunshots,2016-01-17,02:53:07,WashingtonDC6D,38.896,-76.941
370,6D149200,Multiple_Gunshots,2016-01-17,03:14:45,WashingtonDC6D,38.889,-76.936
371,6D149201,Single_Gunshot,2016-01-17,03:41:51,WashingtonDC6D,38.911,-76.939
372,6D149202,Multiple_Gunshots,2016-01-17,03:42:19,WashingtonDC6D,38.911,-76.939
373,7D182260,Multiple_Gunshots,2016-01-17,04:11:13,WashingtonDC7D,38.854,-76.993
374,7D182273,Multiple_Gunshots,2016-01-17,21:28:30,WashingtonDC7D,38.832,-76.993
375,5D56731,Single_Gunshot,2016-01-17,22:11:16,WashingtonDC5D,38.908,-76.988
376,6D149221,Single_Gunshot,2016-01-17,22:47:20,WashingtonDC6D,38.889,-76.959
377,7D182275,Single_Gunshot,2016-01-17,22:54:50,WashingtonDC7D,38.845,-76.979
378,6D149222,Single_Gunshot,2016-01-18,00:01:22,WashingtonDC6D,38.887,-76.956
379,4D48920,Single_Gunshot,2016-01-18,02:11:34,WashingtonDC4D,38.954,-77.021
380,4D48921,Single_Gunshot,2016-01-18,03:20:44,WashingtonDC4D,38.943,-77.024
381,7D182278,Multiple_Gunshots,2016-01-18,11:32:28,WashingtonDC7D,38.84,-76.994
382,7D182279,Multiple_Gunshots,2016-01-18,11:32:40,WashingtonDC7D,38.84,-76.994
383,5D56732,Multiple_Gunshots,2016-01-18,15:19:31,WashingtonDC5D,38.934,-76.972
384,6D149227,Multiple_Gunshots,2016-01-18,18:00:21,WashingtonDC6D,38.89,-76.958
385,6D149228,Multiple_Gunshots,2016-01-18,18:58:45,WashingtonDC6D,38.886,-76.953
386,7D182280,Multiple_Gunshots,2016-01-18,20:15:43,WashingtonDC7D,38.847,-77.004
387,6D149236,Multiple_Gunshots,2016-01-18,21:57:39,WashingtonDC6D,38.89,-76.959
388,7D182284,Single_Gunshot,2016-01-18,23:04:06,WashingtonDC7D,38.834,-77.0
389,7D182285,Multiple_Gunshots,2016-01-18,23:30:34,WashingtonDC7D,38.856,-76.974
390,7D182286,Multiple_Gunshots,2016-01-19,08:40:58,WashingtonDC7D,38.839,-76.997
391,3D53284,Multiple_Gunshots,2016-01-19,16:13:22,WashingtonDC3D,38.932,-77.03
392,7D182288,Single_Gunshot,2016-01-19,21:43:58,WashingtonDC7D,38.836,-76.995
393,6D149245,Single_Gunshot,2016-01-19,22:44:14,WashingtonDC6D,38.896,-76.919
394,5D56737,Single_Gunshot,2016-01-20,01:23:56,WashingtonDC5D,38.911,-76.998
395,7D182289,Multiple_Gunshots,2016-01-20,03:11:30,WashingtonDC7D,38.854,-76.971
396,6D149246,Multiple_Gunshots,2016-01-20,04:35:08,WashingtonDC6D,38.893,-76.914
397,6D149247,Single_Gunshot,2016-01-20,06:17:55,WashingtonDC6D,38.904,-76.942
398,6D149263,Multiple_Gunshots,2016-01-20,18:18:10,WashingtonDC6D,38.887,-76.954
399,6D149265,Multiple_Gunshots,2016-01-20,21:44:00,WashingtonDC6D,38.897,-76.941
400,6D149266,Multiple_Gunshots,2016-01-20,22:02:30,WashingtonDC6D,38.896,-76.941
401,1D74816,Multiple_Gunshots,2016-01-20,22:12:08,WashingtonDC1D,38.9,-76.973
402,5D56743,Multiple_Gunshots,2016-01-20,23:47:13,WashingtonDC5D,38.907,-77.007
403,7D182305,Single_Gunshot,2016-01-20,23:56:38,WashingtonDC7D,38.855,-76.972
404,7D182306,Multiple_Gunshots,2016-01-21,02:04:24,WashingtonDC7D,38.859,-76.989
405,1D74817,Single_Gunshot,2016-01-21,02:37:29,WashingtonDC1D,38.874,-77.013
406,6D149269,Multiple_Gunshots,2016-01-21,02:54:20,WashingtonDC6D,38.912,-76.935
407,4D48928,Multiple_Gunshots,2016-01-21,11:56:31,WashingtonDC4D,38.946,-77.021
408,4D48929,Single_Gunshot,2016-01-21,11:56:43,WashingtonDC4D,38.946,-77.021
409,6D149276,Multiple_Gunshots,2016-01-21,15:15:31,WashingtonDC6D,38.897,-76.941
410,5D56750,Multiple_Gunshots,2016-01-21,19:33:33,WashingtonDC5D,38.925,-76.986
411,6D149294,Single_Gunshot,2016-01-21,21:19:20,WashingtonDC6D,38.896,-76.928
412,7D182311,Single_Gunshot,2016-01-21,22:31:12,WashingtonDC7D,38.847,-76.982
413,6D149304,Multiple_Gunshots,2016-01-22,17:10:39,WashingtonDC6D,38.874,-76.927
414,3D53305,Multiple_Gunshots,2016-01-22,20:40:52,WashingtonDC3D,38.93,-77.035
415,4D48940,Single_Gunshot,2016-01-22,21:31:43,WashingtonDC4D,38.946,-77.019
416,5D56757,Single_Gunshot,2016-01-22,21:45:11,WashingtonDC5D,38.909,-77.009
417,4D48941,Multiple_Gunshots,2016-01-22,22:17:16,WashingtonDC4D,38.943,-77.018
418,4D48942,Multiple_Gunshots,2016-01-22,22:36:58,WashingtonDC4D,38.944,-77.025
419,5D56758,Single_Gunshot,2016-01-22,23:07:19,WashingtonDC5D,38.921,-76.977
420,4D48945,Multiple_Gunshots,2016-01-22,23:29:30,WashingtonDC4D,38.944,-77.017
421,6D149316,Multiple_Gunshots,2016-01-22,23:59:22,WashingtonDC6D,38.905,-76.95
422,6D149317,Single_Gunshot,2016-01-22,23:59:36,WashingtonDC6D,38.905,-76.95
423,3D53307,Multiple_Gunshots,2016-01-23,00:10:22,WashingtonDC3D,38.911,-77.021
424,3D53309,Multiple_Gunshots,2016-01-23,00:25:25,WashingtonDC3D,38.912,-77.02
425,6D149318,Single_Gunshot,2016-01-23,00:57:19,WashingtonDC6D,38.896,-76.918
426,3D53310,Single_Gunshot,2016-01-23,01:45:46,WashingtonDC3D,38.923,-77.036
427,6D149319,Gunshot_or_Firecracker,2016-01-23,09:33:47,WashingtonDC6D,38.893,-76.926
428,6D149321,Gunshot_or_Firecracker,2016-01-23,12:42:28,WashingtonDC6D,38.894,-76.917
429,7D182327,Multiple_Gunshots,2016-01-23,13:55:09,WashingtonDC7D,38.862,-76.994
430,6D149322,Multiple_Gunshots,2016-01-23,14:37:06,WashingtonDC6D,38.889,-76.954
431,7D182332,Gunshot_or_Firecracker,2016-01-23,15:50:14,WashingtonDC7D,38.851,-76.973
432,6D149324,Single_Gunshot,2016-01-23,18:15:42,WashingtonDC6D,38.881,-76.937
433,6D149333,Multiple_Gunshots,2016-01-23,23:03:11,WashingtonDC6D,38.892,-76.941
434,6D149340,Single_Gunshot,2016-01-24,03:08:27,WashingtonDC6D,38.901,-76.947
435,4D48952,Single_Gunshot,2016-01-24,05:36:50,WashingtonDC4D,38.955,-77.022
436,6D149345,Single_Gunshot,2016-01-24,08:57:04,WashingtonDC6D,38.892,-76.922
437,4D48953,Multiple_Gunshots,2016-01-24,11:41:16,WashingtonDC4D,38.948,-77.022
438,4D48954,Multiple_Gunshots,2016-01-24,11:41:24,WashingtonDC4D,38.948,-77.023
439,6D149352,Multiple_Gunshots,2016-01-24,15:57:28,WashingtonDC6D,38.907,-76.939
440,6D149354,Multiple_Gunshots,2016-01-24,16:07:34,WashingtonDC6D,38.905,-76.938
441,6D149356,Single_Gunshot,2016-01-24,17:43:04,WashingtonDC6D,38.894,-76.917
442,7D182345,Single_Gunshot,2016-01-24,18:17:17,WashingtonDC7D,38.839,-76.993
443,7D182347,Gunshot_or_Firecracker,2016-01-24,18:17:50,WashingtonDC7D,38.839,-76.992
444,7D182348,Gunshot_or_Firecracker,2016-01-24,18:32:31,WashingtonDC7D,38.85,-76.973
445,6D149360,Single_Gunshot,2016-01-24,19:11:58,WashingtonDC6D,38.898,-76.919
446,6D149361,Multiple_Gunshots,2016-01-24,19:53:35,WashingtonDC6D,38.905,-76.931
447,6D149364,Single_Gunshot,2016-01-24,20:42:47,WashingtonDC6D,38.884,-76.921
448,6D149366,Multiple_Gunshots,2016-01-24,21:01:36,WashingtonDC6D,38.883,-76.935
449,7D182349,Multiple_Gunshots,2016-01-24,21:02:30,WashingtonDC7D,38.847,-76.977
450,7D182353,Single_Gunshot,2016-01-24,22:54:33,WashingtonDC7D,38.862,-76.982
451,6D149370,Multiple_Gunshots,2016-01-24,22:54:34,WashingtonDC6D,38.862,-76.982
452,7D182354,Single_Gunshot,2016-01-24,23:10:38,WashingtonDC7D,38.832,-76.988
453,6D149372,Multiple_Gunshots,2016-01-24,23:35:57,WashingtonDC6D,38.863,-76.973
454,7D182355,Multiple_Gunshots,2016-01-24,23:38:57,WashingtonDC7D,38.842,-76.997
455,7D182356,Multiple_Gunshots,2016-01-24,23:39:15,WashingtonDC7D,38.842,-76.997
456,7D182357,Single_Gunshot,2016-01-25,00:38:06,WashingtonDC7D,38.864,-76.983
457,6D149373,Single_Gunshot,2016-01-25,00:38:06,WashingtonDC6D,38.863,-76.982
458,6D149374,Single_Gunshot,2016-01-25,00:44:15,WashingtonDC6D,38.863,-76.98
459,7D182358,Single_Gunshot,2016-01-25,00:57:28,WashingtonDC7D,38.844,-76.977
460,7D182359,Multiple_Gunshots,2016-01-25,00:57:43,WashingtonDC7D,38.844,-76.977
461,6D149379,Multiple_Gunshots,2016-01-25,03:26:40,WashingtonDC6D,38.898,-76.922
462,6D149392,Multiple_Gunshots,2016-01-25,16:07:48,WashingtonDC6D,38.882,-76.947
463,5D56816,Single_Gunshot,2016-01-25,17:22:43,WashingtonDC5D,38.924,-77.003
464,6D149393,Multiple_Gunshots,2016-01-25,17:56:35,WashingtonDC6D,38.892,-76.912
465,7D182368,Gunshot_or_Firecracker,2016-01-25,18:09:03,WashingtonDC7D,38.854,-76.991
466,7D182370,Multiple_Gunshots,2016-01-25,19:19:20,WashingtonDC7D,38.858,-76.996
467,7D182371,Multiple_Gunshots,2016-01-25,19:55:23,WashingtonDC7D,38.845,-76.981
468,7D182372,Single_Gunshot,2016-01-25,20:53:49,WashingtonDC7D,38.862,-76.981
469,6D149397,Single_Gunshot,2016-01-25,20:53:50,WashingtonDC6D,38.862,-76.981
470,7D182373,Gunshot_or_Firecracker,2016-01-25,20:54:27,WashingtonDC7D,38.818,-76.996
471,5D56832,Gunshot_or_Firecracker,2016-01-25,21:27:23,WashingtonDC5D,38.936,-76.96
472,7D182383,Multiple_Gunshots,2016-01-26,15:19:22,WashingtonDC7D,38.863,-76.988
473,7D182388,Multiple_Gunshots,2016-01-26,20:27:29,WashingtonDC7D,38.86,-76.997
474,7D182389,Multiple_Gunshots,2016-01-26,20:31:25,WashingtonDC7D,38.825,-77.003
475,7D182390,Multiple_Gunshots,2016-01-26,21:42:23,WashingtonDC7D,38.863,-76.986
476,6D149402,Multiple_Gunshots,2016-01-26,21:42:23,WashingtonDC6D,38.863,-76.987
477,7D182391,Multiple_Gunshots,2016-01-26,22:06:32,WashingtonDC7D,38.849,-76.976
478,6D149403,Multiple_Gunshots,2016-01-26,22:56:42,WashingtonDC6D,38.883,-76.948
479,6D149404,Multiple_Gunshots,2016-01-26,22:56:47,WashingtonDC6D,38.89,-76.934
480,7D182393,Single_Gunshot,2016-01-26,23:26:12,WashingtonDC7D,38.842,-76.987
481,6D149406,Single_Gunshot,2016-01-26,23:55:09,WashingtonDC6D,38.892,-76.952
482,7D182394,Single_Gunshot,2016-01-27,00:42:37,WashingtonDC7D,38.832,-76.992
483,6D149407,Single_Gunshot,2016-01-27,01:21:12,WashingtonDC6D,38.889,-76.917
484,6D149411,Single_Gunshot,2016-01-27,03:02:25,WashingtonDC6D,38.9,-76.94
485,3D53362,Single_Gunshot,2016-01-27,05:33:46,WashingtonDC3D,38.923,-77.033
486,1D74938,Single_Gunshot,2016-01-27,12:50:22,WashingtonDC1D,38.879,-77.018
487,7D182400,Multiple_Gunshots,2016-01-27,13:42:36,WashingtonDC7D,38.846,-76.999
488,7D182401,Multiple_Gunshots,2016-01-27,13:55:31,WashingtonDC7D,38.848,-77.01
489,7D182403,Single_Gunshot,2016-01-27,14:54:30,WashingtonDC7D,38.828,-77.007
490,6D149419,Multiple_Gunshots,2016-01-27,17:35:34,WashingtonDC6D,38.893,-76.962
491,7D182406,Multiple_Gunshots,2016-01-27,18:11:37,WashingtonDC7D,38.834,-76.99
492,7D182411,Multiple_Gunshots,2016-01-27,20:56:09,WashingtonDC7D,38.849,-76.971
493,7D182412,Multiple_Gunshots,2016-01-27,20:56:12,WashingtonDC7D,38.849,-76.971
494,7D182413,Multiple_Gunshots,2016-01-27,22:34:09,WashingtonDC7D,38.834,-76.995
495,7D182414,Single_Gunshot,2016-01-27,23:02:55,WashingtonDC7D,38.84,-76.978
496,7D182415,Multiple_Gunshots,2016-01-27,23:08:26,WashingtonDC7D,38.827,-77.002
497,7D182417,Gunshot_or_Firecracker,2016-01-27,23:09:07,WashingtonDC7D,38.827,-77.003
498,7D182418,Multiple_Gunshots,2016-01-27,23:59:17,WashingtonDC7D,38.85,-76.975
499,7D182419,Multiple_Gunshots,2016-01-28,00:01:40,WashingtonDC7D,38.844,-77.0
500,7D182420,Multiple_Gunshots,2016-01-28,00:27:34,WashingtonDC7D,38.844,-76.992
501,7D182421,Single_Gunshot,2016-01-28,01:28:49,WashingtonDC7D,38.839,-76.992
502,1D74948,Single_Gunshot,2016-01-28,01:57:28,WashingtonDC1D,38.898,-76.976
503,1D74949,Single_Gunshot,2016-01-28,01:57:36,WashingtonDC1D,38.898,-76.976
504,5D56925,Gunshot_or_Firecracker,2016-01-28,03:01:12,WashingtonDC5D,38.916,-76.99
505,7D182428,Gunshot_or_Firecracker,2016-01-28,12:17:06,WashingtonDC7D,38.854,-76.971
506,6D149444,Single_Gunshot,2016-01-28,18:33:38,WashingtonDC6D,38.898,-76.917
507,6D149453,Multiple_Gunshots,2016-01-28,21:02:09,WashingtonDC6D,38.899,-76.944
508,6D149458,Single_Gunshot,2016-01-29,04:51:57,WashingtonDC6D,38.884,-76.941
509,7D182441,Gunshot_or_Firecracker,2016-01-29,08:00:04,WashingtonDC7D,38.851,-77.01
510,7D182448,Multiple_Gunshots,2016-01-29,23:33:55,WashingtonDC7D,38.833,-77.006
511,5D56967,Single_Gunshot,2016-01-30,00:05:24,WashingtonDC5D,38.906,-77.011
512,6D149471,Single_Gunshot,2016-01-30,01:28:57,WashingtonDC6D,38.905,-76.95
513,1D74970,Single_Gunshot,2016-01-30,03:11:36,WashingtonDC1D,38.901,-76.993
514,6D149472,Single_Gunshot,2016-01-30,04:11:48,WashingtonDC6D,38.894,-76.935
515,6D149473,Single_Gunshot,2016-01-30,05:41:01,WashingtonDC6D,38.884,-76.921
516,7D182450,Gunshot_or_Firecracker,2016-01-30,08:32:55,WashingtonDC7D,38.845,-76.999
517,6D149481,Gunshot_or_Firecracker,2016-01-30,14:31:39,WashingtonDC6D,38.861,-76.984
518,7D182453,Multiple_Gunshots,2016-01-30,19:37:10,WashingtonDC7D,38.846,-76.998
519,7D182454,Multiple_Gunshots,2016-01-30,22:22:47,WashingtonDC7D,38.845,-76.984
520,6D149485,Multiple_Gunshots,2016-01-30,22:22:53,WashingtonDC6D,38.862,-76.986
521,7D182455,Single_Gunshot,2016-01-30,22:23:24,WashingtonDC7D,38.845,-76.985
522,7D182456,Multiple_Gunshots,2016-01-30,22:31:06,WashingtonDC7D,38.843,-76.985
523,1D74979,Gunshot_or_Firecracker,2016-01-31,00:24:49,WashingtonDC1D,38.885,-76.988
524,7D182459,Single_Gunshot,2016-01-31,00:48:34,WashingtonDC7D,38.828,-76.997
525,7D182460,Single_Gunshot,2016-01-31,00:49:08,WashingtonDC7D,38.828,-76.997
526,7D182461,Multiple_Gunshots,2016-01-31,01:49:38,WashingtonDC7D,38.834,-76.996
527,4D48983,Single_Gunshot,2016-01-31,02:48:56,WashingtonDC4D,38.949,-77.021
528,4D48984,Multiple_Gunshots,2016-01-31,03:37:56,WashingtonDC4D,38.949,-77.026
529,6D149490,Single_Gunshot,2016-01-31,04:08:45,WashingtonDC6D,38.881,-76.925
530,7D182463,Multiple_Gunshots,2016-01-31,16:16:36,WashingtonDC7D,38.833,-77.006
531,6D149502,Multiple_Gunshots,2016-01-31,19:41:24,WashingtonDC6D,38.882,-76.943
532,7D182468,Single_Gunshot,2016-01-31,21:05:07,WashingtonDC7D,38.827,-76.998
533,5D57005,Single_Gunshot,2016-01-31,21:56:32,WashingtonDC5D,38.922,-76.978
534,7D182469,Single_Gunshot,2016-01-31,22:12:47,WashingtonDC7D,38.827,-77.0
535,6D149506,Single_Gunshot,2016-01-31,23:08:05,WashingtonDC6D,38.862,-76.935
536,5D57006,Single_Gunshot,2016-01-31,23:59:40,WashingtonDC5D,38.907,-77.002
537,7D182470,Multiple_Gunshots,2016-02-01,01:15:02,WashingtonDC7D,38.828,-77.008
538,7D182471,Multiple_Gunshots,2016-02-01,01:21:53,WashingtonDC7D,38.819,-77.01
539,7D182472,Multiple_Gunshots,2016-02-01,01:22:00,WashingtonDC7D,38.824,-77.007
540,7D182473,Multiple_Gunshots,2016-02-01,01:48:43,WashingtonDC7D,38.845,-76.997
541,6D149508,Single_Gunshot,2016-02-01,04:36:06,WashingtonDC6D,38.892,-76.922
542,7D182474,Multiple_Gunshots,2016-02-01,05:24:20,WashingtonDC7D,38.827,-76.995
543,7D182475,Multiple_Gunshots,2016-02-01,05:26:20,WashingtonDC7D,38.828,-76.996
544,7D182476,Multiple_Gunshots,2016-02-01,05:26:29,WashingtonDC7D,38.83,-76.994
545,6D149514,Multiple_Gunshots,2016-02-01,13:36:36,WashingtonDC6D,38.892,-76.921
546,7D182482,Multiple_Gunshots,2016-02-01,19:47:23,WashingtonDC7D,38.848,-77.002
547,7D182483,Single_Gunshot,2016-02-01,22:46:26,WashingtonDC7D,38.855,-76.972
548,4D48998,Gunshot_or_Firecracker,2016-02-01,23:12:12,WashingtonDC4D,38.955,-77.027
549,7D182484,Single_Gunshot,2016-02-01,23:18:31,WashingtonDC7D,38.848,-76.976
550,4D48999,Single_Gunshot,2016-02-02,00:57:06,WashingtonDC4D,38.951,-77.026
551,6D149525,Single_Gunshot,2016-02-02,02:35:16,WashingtonDC6D,38.91,-76.942
552,1D74998,Single_Gunshot,2016-02-02,05:25:05,WashingtonDC1D,38.908,-76.987
553,1D74999,Gunshot_or_Firecracker,2016-02-02,05:27:09,WashingtonDC1D,38.908,-76.988
554,3D53420,Multiple_Gunshots,2016-02-02,16:47:28,WashingtonDC3D,38.919,-77.017
555,7D182505,Multiple_Gunshots,2016-02-02,19:21:08,WashingtonDC7D,38.859,-76.996
556,6D149536,Multiple_Gunshots,2016-02-02,19:21:08,WashingtonDC6D,38.859,-76.996
557,6D149538,Single_Gunshot,2016-02-02,19:37:45,WashingtonDC6D,38.884,-76.939
558,7D182507,Gunshot_or_Firecracker,2016-02-02,20:56:13,WashingtonDC7D,38.855,-76.971
559,7D182508,Single_Gunshot,2016-02-02,21:21:08,WashingtonDC7D,38.859,-76.996
560,7D182509,Multiple_Gunshots,2016-02-02,21:27:32,WashingtonDC7D,38.859,-76.996
561,6D149540,Multiple_Gunshots,2016-02-02,21:27:32,WashingtonDC6D,38.859,-76.996
562,6D149541,Single_Gunshot,2016-02-02,21:29:57,WashingtonDC6D,38.867,-76.98
563,7D182515,Multiple_Gunshots,2016-02-03,02:00:20,WashingtonDC7D,38.818,-76.998
564,5D57024,Multiple_Gunshots,2016-02-03,02:25:15,WashingtonDC5D,38.906,-76.977
565,7D182519,Multiple_Gunshots,2016-02-03,15:29:19,WashingtonDC7D,38.853,-76.972
566,7D182521,Gunshot_or_Firecracker,2016-02-03,20:34:51,WashingtonDC7D,38.823,-77.004
567,6D149556,Multiple_Gunshots,2016-02-03,20:35:01,WashingtonDC6D,38.865,-76.982
568,7D182522,Multiple_Gunshots,2016-02-03,20:35:05,WashingtonDC7D,38.864,-76.982
569,6D149557,Multiple_Gunshots,2016-02-03,20:35:06,WashingtonDC6D,38.866,-76.982
570,7D182523,Multiple_Gunshots,2016-02-03,20:47:19,WashingtonDC7D,38.861,-76.984
571,6D149558,Multiple_Gunshots,2016-02-03,20:47:19,WashingtonDC6D,38.861,-76.984
572,7D182524,Multiple_Gunshots,2016-02-03,20:47:29,WashingtonDC7D,38.867,-76.98
573,7D182525,Multiple_Gunshots,2016-02-03,20:47:30,WashingtonDC7D,38.86,-76.983
574,7D182526,Multiple_Gunshots,2016-02-03,20:47:31,WashingtonDC7D,38.865,-76.986
575,6D149559,Multiple_Gunshots,2016-02-03,20:47:31,WashingtonDC6D,38.861,-76.985
576,7D182527,Multiple_Gunshots,2016-02-03,20:47:36,WashingtonDC7D,38.86,-76.983
577,6D149560,Multiple_Gunshots,2016-02-03,20:47:37,WashingtonDC6D,38.865,-76.982
578,6D149561,Single_Gunshot,2016-02-03,22:24:02,WashingtonDC6D,38.877,-76.949
579,6D149563,Multiple_Gunshots,2016-02-03,23:38:51,WashingtonDC6D,38.89,-76.964
580,6D149566,Multiple_Gunshots,2016-02-04,10:57:38,WashingtonDC6D,38.893,-76.949
581,6D149567,Multiple_Gunshots,2016-02-04,10:58:00,WashingtonDC6D,38.893,-76.95
582,7D182542,Multiple_Gunshots,2016-02-04,19:45:08,WashingtonDC7D,38.847,-77.002
583,6D149571,Multiple_Gunshots,2016-02-04,20:15:50,WashingtonDC6D,38.888,-76.937
584,7D182543,Single_Gunshot,2016-02-04,20:22:59,WashingtonDC7D,38.827,-76.998
585,7D182545,Multiple_Gunshots,2016-02-04,20:40:36,WashingtonDC7D,38.845,-77.003
586,6D149572,Multiple_Gunshots,2016-02-04,23:24:49,WashingtonDC6D,38.88,-76.932
587,6D149573,Multiple_Gunshots,2016-02-04,23:46:25,WashingtonDC6D,38.893,-76.94
588,6D149574,Multiple_Gunshots,2016-02-05,02:22:15,WashingtonDC6D,38.893,-76.916
589,7D182549,Gunshot_or_Firecracker,2016-02-05,14:21:07,WashingtonDC7D,38.84,-77.0
590,6D149579,Multiple_Gunshots,2016-02-05,14:37:32,WashingtonDC6D,38.867,-76.981
591,6D149580,Gunshot_or_Firecracker,2016-02-05,14:40:49,WashingtonDC6D,38.889,-76.923
592,6D149583,Multiple_Gunshots,2016-02-05,15:47:13,WashingtonDC6D,38.894,-76.93
593,7D182551,Multiple_Gunshots,2016-02-05,20:37:28,WashingtonDC7D,38.852,-76.977
594,7D182552,Multiple_Gunshots,2016-02-05,20:37:31,WashingtonDC7D,38.843,-76.983
595,7D182553,Multiple_Gunshots,2016-02-05,20:37:32,WashingtonDC7D,38.853,-76.978
596,7D182556,Multiple_Gunshots,2016-02-05,23:15:31,WashingtonDC7D,38.858,-76.996
597,6D149589,Single_Gunshot,2016-02-05,23:43:19,WashingtonDC6D,38.895,-76.924
598,7D182558,Multiple_Gunshots,2016-02-06,00:23:45,WashingtonDC7D,38.83,-77.002
599,6D149590,Single_Gunshot,2016-02-06,01:39:05,WashingtonDC6D,38.894,-76.914
600,6D149591,Single_Gunshot,2016-02-06,01:39:41,WashingtonDC6D,38.894,-76.914
601,7D182559,Multiple_Gunshots,2016-02-06,01:47:51,WashingtonDC7D,38.848,-76.958
602,6D149592,Single_Gunshot,2016-02-06,01:58:31,WashingtonDC6D,38.889,-76.906
603,7D182560,Multiple_Gunshots,2016-02-06,03:02:13,WashingtonDC7D,38.845,-77.006
604,7D182561,Multiple_Gunshots,2016-02-06,03:05:11,WashingtonDC7D,38.847,-77.0
605,3D53437,Single_Gunshot,2016-02-06,03:05:47,WashingtonDC3D,38.925,-77.041
606,6D149593,Multiple_Gunshots,2016-02-06,03:16:09,WashingtonDC6D,38.876,-76.971
607,6D149594,Single_Gunshot,2016-02-06,03:25:39,WashingtonDC6D,38.881,-76.946
608,6D149596,Single_Gunshot,2016-02-06,04:17:04,WashingtonDC6D,38.883,-76.943
609,7D182563,Single_Gunshot,2016-02-06,05:19:19,WashingtonDC7D,38.845,-76.998
610,5D57036,Gunshot_or_Firecracker,2016-02-06,13:09:32,WashingtonDC5D,38.913,-76.976
611,6D149604,Gunshot_or_Firecracker,2016-02-06,16:46:18,WashingtonDC6D,38.889,-76.932
612,6D149605,Multiple_Gunshots,2016-02-06,20:05:43,WashingtonDC6D,38.886,-76.902
613,6D149606,Multiple_Gunshots,2016-02-06,20:06:49,WashingtonDC6D,38.89,-76.954
614,6D149607,Multiple_Gunshots,2016-02-06,21:03:27,WashingtonDC6D,38.866,-76.944
615,7D182586,Multiple_Gunshots,2016-02-06,21:34:57,WashingtonDC7D,38.851,-76.976
616,7D182587,Multiple_Gunshots,2016-02-06,22:04:03,WashingtonDC7D,38.851,-76.978
617,4D49042,Multiple_Gunshots,2016-02-06,22:25:26,WashingtonDC4D,38.956,-77.028
618,4D49043,Multiple_Gunshots,2016-02-06,22:25:28,WashingtonDC4D,38.955,-77.028
619,7D182588,Multiple_Gunshots,2016-02-07,00:27:10,WashingtonDC7D,38.848,-76.98
620,7D182589,Single_Gunshot,2016-02-07,01:03:41,WashingtonDC7D,38.821,-77.009
621,7D182590,Multiple_Gunshots,2016-02-07,01:04:07,WashingtonDC7D,38.821,-77.009
622,1D75041,Single_Gunshot,2016-02-07,01:32:21,WashingtonDC1D,38.899,-76.984
623,5D57038,Single_Gunshot,2016-02-07,02:15:22,WashingtonDC5D,38.926,-76.995
624,7D182591,Single_Gunshot,2016-02-07,03:02:58,WashingtonDC7D,38.847,-76.997
625,7D182592,Multiple_Gunshots,2016-02-07,03:03:22,WashingtonDC7D,38.847,-76.998
626,1D75042,Multiple_Gunshots,2016-02-07,03:56:30,WashingtonDC1D,38.896,-76.983
627,6D149610,Multiple_Gunshots,2016-02-07,03:56:35,WashingtonDC6D,38.892,-76.962
628,7D182593,Multiple_Gunshots,2016-02-07,05:38:26,WashingtonDC7D,38.847,-77.002
629,7D182594,Multiple_Gunshots,2016-02-07,06:07:50,WashingtonDC7D,38.864,-76.991
630,7D182595,Multiple_Gunshots,2016-02-07,08:03:40,WashingtonDC7D,38.857,-76.974
631,7D182596,Single_Gunshot,2016-02-07,12:20:45,WashingtonDC7D,38.827,-76.998
632,1D75050,Single_Gunshot,2016-02-07,16:03:52,WashingtonDC1D,38.892,-76.981
633,7D182600,Single_Gunshot,2016-02-07,20:06:00,WashingtonDC7D,38.84,-76.97
634,7D182604,Multiple_Gunshots,2016-02-07,22:37:55,WashingtonDC7D,38.843,-76.993
635,4D49044,Multiple_Gunshots,2016-02-08,02:13:11,WashingtonDC4D,38.954,-77.027
636,6D149625,Multiple_Gunshots,2016-02-08,04:31:42,WashingtonDC6D,38.898,-76.917
637,7D182613,Multiple_Gunshots,2016-02-08,15:06:38,WashingtonDC7D,38.831,-77.004
638,6D149631,Gunshot_or_Firecracker,2016-02-08,15:32:54,WashingtonDC6D,38.889,-76.955
639,7D182615,Multiple_Gunshots,2016-02-08,17:25:20,WashingtonDC7D,38.861,-76.984
640,6D149633,Multiple_Gunshots,2016-02-08,17:25:20,WashingtonDC6D,38.861,-76.984
641,5D57051,Single_Gunshot,2016-02-08,18:38:00,WashingtonDC5D,38.92,-76.97
642,7D182616,Single_Gunshot,2016-02-08,20:54:04,WashingtonDC7D,38.846,-76.999
643,6D149636,Multiple_Gunshots,2016-02-08,22:58:11,WashingtonDC6D,38.883,-76.943
644,7D182625,Multiple_Gunshots,2016-02-09,16:54:41,WashingtonDC7D,38.849,-76.98
645,7D182626,Multiple_Gunshots,2016-02-09,16:55:02,WashingtonDC7D,38.849,-76.979
646,7D182629,Multiple_Gunshots,2016-02-09,19:44:01,WashingtonDC7D,38.848,-77.002
647,5D57055,Multiple_Gunshots,2016-02-09,20:39:12,WashingtonDC5D,38.906,-77.011
648,7D182630,Gunshot_or_Firecracker,2016-02-09,21:12:01,WashingtonDC7D,38.83,-77.003
649,7D182631,Multiple_Gunshots,2016-02-09,21:12:04,WashingtonDC7D,38.83,-77.003
650,7D182632,Multiple_Gunshots,2016-02-09,22:23:07,WashingtonDC7D,38.839,-77.004
651,7D182633,Multiple_Gunshots,2016-02-09,22:23:26,WashingtonDC7D,38.837,-77.004
652,6D149642,Single_Gunshot,2016-02-09,23:14:43,WashingtonDC6D,38.898,-76.921
653,7D182634,Single_Gunshot,2016-02-10,01:14:50,WashingtonDC7D,38.843,-76.988
654,6D149652,Multiple_Gunshots,2016-02-10,16:00:06,WashingtonDC6D,38.866,-76.98
655,6D149653,Single_Gunshot,2016-02-10,16:07:20,WashingtonDC6D,38.896,-76.929
656,6D149659,Single_Gunshot,2016-02-10,19:42:52,WashingtonDC6D,38.903,-76.943
657,7D182640,Multiple_Gunshots,2016-02-10,20:41:42,WashingtonDC7D,38.835,-77.007
658,7D182641,Single_Gunshot,2016-02-10,23:41:35,WashingtonDC7D,38.859,-76.996
659,6D149660,Single_Gunshot,2016-02-10,23:41:35,WashingtonDC6D,38.859,-76.996
660,1D75072,Multiple_Gunshots,2016-02-11,13:05:11,WashingtonDC1D,38.897,-76.984
661,7D182643,Multiple_Gunshots,2016-02-11,21:25:31,WashingtonDC7D,38.852,-76.978
662,7D182644,Multiple_Gunshots,2016-02-11,21:25:51,WashingtonDC7D,38.852,-76.978
663,6D149671,Single_Gunshot,2016-02-11,22:35:36,WashingtonDC6D,38.884,-76.943
664,6D149672,Single_Gunshot,2016-02-11,22:36:18,WashingtonDC6D,38.884,-76.943
665,1D75077,Multiple_Gunshots,2016-02-11,23:09:24,WashingtonDC1D,38.902,-76.992
666,7D182645,Multiple_Gunshots,2016-02-11,23:17:24,WashingtonDC7D,38.845,-76.998
667,5D57063,Multiple_Gunshots,2016-02-12,00:06:43,WashingtonDC5D,38.906,-76.997
668,6D149673,Multiple_Gunshots,2016-02-12,00:34:50,WashingtonDC6D,38.886,-76.957
669,6D149674,Single_Gunshot,2016-02-12,02:48:29,WashingtonDC6D,38.906,-76.95
670,6D149675,Multiple_Gunshots,2016-02-12,03:08:55,WashingtonDC6D,38.897,-76.918
671,6D149685,Gunshot_or_Firecracker,2016-02-12,12:19:44,WashingtonDC6D,38.876,-76.929
672,5D57065,Multiple_Gunshots,2016-02-12,18:33:33,WashingtonDC5D,38.919,-76.978
673,7D182660,Multiple_Gunshots,2016-02-12,19:06:14,WashingtonDC7D,38.821,-76.996
674,5D57067,Multiple_Gunshots,2016-02-12,21:12:24,WashingtonDC5D,38.919,-76.977
675,7D182661,Multiple_Gunshots,2016-02-12,22:09:54,WashingtonDC7D,38.828,-77.001
676,5D57068,Multiple_Gunshots,2016-02-13,00:01:04,WashingtonDC5D,38.908,-76.988
677,6D149688,Single_Gunshot,2016-02-13,00:53:37,WashingtonDC6D,38.898,-76.935
678,7D182663,Multiple_Gunshots,2016-02-13,00:59:20,WashingtonDC7D,38.834,-76.995
679,7D182664,Single_Gunshot,2016-02-13,01:15:22,WashingtonDC7D,38.843,-76.987
680,7D182668,Multiple_Gunshots,2016-02-13,02:39:29,WashingtonDC7D,38.858,-76.973
681,6D149690,Multiple_Gunshots,2016-02-13,03:12:31,WashingtonDC6D,38.884,-76.924
682,7D182669,Multiple_Gunshots,2016-02-13,05:51:40,WashingtonDC7D,38.846,-76.973
683,5D57070,Single_Gunshot,2016-02-13,06:29:14,WashingtonDC5D,38.926,-77.0
684,5D57072,Multiple_Gunshots,2016-02-13,22:34:22,WashingtonDC5D,38.909,-77.016
685,6D149693,Single_Gunshot,2016-02-13,22:49:51,WashingtonDC6D,38.886,-76.955
686,6D149694,Multiple_Gunshots,2016-02-13,23:35:09,WashingtonDC6D,38.895,-76.925
687,7D182672,Single_Gunshot,2016-02-14,00:54:04,WashingtonDC7D,38.865,-76.988
688,6D149695,Single_Gunshot,2016-02-14,00:54:04,WashingtonDC6D,38.866,-76.988
689,4D49063,Multiple_Gunshots,2016-02-14,02:43:55,WashingtonDC4D,38.955,-77.028
690,6D149696,Multiple_Gunshots,2016-02-14,02:56:39,WashingtonDC6D,38.902,-76.945
691,6D149697,Single_Gunshot,2016-02-14,02:56:58,WashingtonDC6D,38.899,-76.949
692,6D149699,Single_Gunshot,2016-02-14,02:58:02,WashingtonDC6D,38.889,-76.96
693,7D182673,Multiple_Gunshots,2016-02-14,12:23:36,WashingtonDC7D,38.844,-76.987
694,6D149704,Multiple_Gunshots,2016-02-14,20:05:51,WashingtonDC6D,38.887,-76.919
695,6D149706,Multiple_Gunshots,2016-02-14,20:59:03,WashingtonDC6D,38.89,-76.944
696,6D149709,Multiple_Gunshots,2016-02-14,22:49:08,WashingtonDC6D,38.896,-76.917
697,7D182680,Single_Gunshot,2016-02-15,00:44:48,WashingtonDC7D,38.862,-76.989
698,7D182684,Single_Gunshot,2016-02-15,17:33:32,WashingtonDC7D,38.846,-76.996
699,6D149712,Multiple_Gunshots,2016-02-15,21:17:29,WashingtonDC6D,38.883,-76.946
700,6D149713,Single_Gunshot,2016-02-15,21:18:40,WashingtonDC6D,38.883,-76.946
701,1D75096,Single_Gunshot,2016-02-16,02:50:53,WashingtonDC1D,38.873,-77.012
702,4D49067,Single_Gunshot,2016-02-16,04:31:29,WashingtonDC4D,38.953,-77.027
703,7D182689,Multiple_Gunshots,2016-02-16,20:30:37,WashingtonDC7D,38.839,-76.989
704,7D182690,Single_Gunshot,2016-02-16,20:49:26,WashingtonDC7D,38.842,-76.986
705,7D182691,Multiple_Gunshots,2016-02-16,22:05:34,WashingtonDC7D,38.852,-76.978
706,7D182692,Multiple_Gunshots,2016-02-16,22:05:39,WashingtonDC7D,38.852,-76.977
707,6D149719,Single_Gunshot,2016-02-17,00:23:26,WashingtonDC6D,38.885,-76.96
708,6D149720,Single_Gunshot,2016-02-17,00:24:07,WashingtonDC6D,38.885,-76.96
709,4D49073,Multiple_Gunshots,2016-02-17,01:04:43,WashingtonDC4D,38.964,-77.028
710,7D182695,Single_Gunshot,2016-02-17,01:45:54,WashingtonDC7D,38.858,-76.996
711,4D49075,Single_Gunshot,2016-02-17,06:57:43,WashingtonDC4D,38.958,-77.027
712,1D75108,Multiple_Gunshots,2016-02-17,20:51:55,WashingtonDC1D,38.898,-76.977
713,1D75109,Multiple_Gunshots,2016-02-17,20:52:09,WashingtonDC1D,38.898,-76.977
714,7D182711,Multiple_Gunshots,2016-02-17,21:53:20,WashingtonDC7D,38.83,-76.996
715,6D149726,Single_Gunshot,2016-02-17,23:12:36,WashingtonDC6D,38.897,-76.919
716,7D182712,Single_Gunshot,2016-02-17,23:39:13,WashingtonDC7D,38.84,-77.005
717,7D182714,Single_Gunshot,2016-02-18,01:01:07,WashingtonDC7D,38.844,-77.002
718,7D182718,Multiple_Gunshots,2016-02-18,17:29:47,WashingtonDC7D,38.83,-77.002
719,7D182721,Single_Gunshot,2016-02-18,20:29:36,WashingtonDC7D,38.848,-77.0
720,7D182723,Multiple_Gunshots,2016-02-18,22:50:15,WashingtonDC7D,38.843,-77.003
721,1D75116,Single_Gunshot,2016-02-18,23:30:39,WashingtonDC1D,38.899,-76.978
722,5D57094,Single_Gunshot,2016-02-19,00:05:56,WashingtonDC5D,38.919,-76.977
723,5D57095,Gunshot_or_Firecracker,2016-02-19,00:10:05,WashingtonDC5D,38.919,-76.977
724,6D149736,Single_Gunshot,2016-02-19,01:45:36,WashingtonDC6D,38.905,-76.949
725,6D149737,Single_Gunshot,2016-02-19,02:44:07,WashingtonDC6D,38.888,-76.958
726,6D149752,Multiple_Gunshots,2016-02-19,20:14:56,WashingtonDC6D,38.901,-76.922
727,6D149754,Multiple_Gunshots,2016-02-19,20:30:54,WashingtonDC6D,38.876,-76.929
728,7D182735,Multiple_Gunshots,2016-02-19,23:08:47,WashingtonDC7D,38.845,-76.972
729,7D182736,Multiple_Gunshots,2016-02-19,23:08:58,WashingtonDC7D,38.845,-76.972
730,7D182737,Multiple_Gunshots,2016-02-19,23:47:41,WashingtonDC7D,38.857,-76.993
731,6D149756,Multiple_Gunshots,2016-02-19,23:47:41,WashingtonDC6D,38.857,-76.991
732,7D182738,Multiple_Gunshots,2016-02-20,00:12:56,WashingtonDC7D,38.856,-76.969
733,6D149757,Multiple_Gunshots,2016-02-20,00:12:58,WashingtonDC6D,38.856,-76.972
734,3D53497,Single_Gunshot,2016-02-20,01:12:48,WashingtonDC3D,38.925,-77.041
735,6D149759,Single_Gunshot,2016-02-20,01:35:36,WashingtonDC6D,38.88,-76.945
736,7D182739,Multiple_Gunshots,2016-02-20,02:50:38,WashingtonDC7D,38.859,-76.999
737,6D149760,Multiple_Gunshots,2016-02-20,02:50:38,WashingtonDC6D,38.859,-76.999
738,5D57111,Single_Gunshot,2016-02-20,04:39:03,WashingtonDC5D,38.91,-76.987
739,7D182740,Multiple_Gunshots,2016-02-20,05:25:05,WashingtonDC7D,38.844,-76.973
740,7D182741,Multiple_Gunshots,2016-02-20,05:29:38,WashingtonDC7D,38.846,-76.972
741,7D182743,Multiple_Gunshots,2016-02-20,05:38:25,WashingtonDC7D,38.833,-76.995
742,7D182747,Gunshot_or_Firecracker,2016-02-20,15:10:01,WashingtonDC7D,38.841,-76.985
743,7D182752,Multiple_Gunshots,2016-02-20,16:34:57,WashingtonDC7D,38.855,-76.969
744,7D182756,Single_Gunshot,2016-02-20,20:46:26,WashingtonDC7D,38.837,-77.004
745,7D182757,Multiple_Gunshots,2016-02-20,21:39:47,WashingtonDC7D,38.835,-76.991
746,7D182758,Multiple_Gunshots,2016-02-20,22:18:30,WashingtonDC7D,38.846,-77.0
747,7D182759,Multiple_Gunshots,2016-02-20,22:28:12,WashingtonDC7D,38.823,-77.0
748,5D57114,Multiple_Gunshots,2016-02-20,22:39:32,WashingtonDC5D,38.924,-76.974
749,7D182760,Single_Gunshot,2016-02-20,23:14:45,WashingtonDC7D,38.832,-76.997
750,6D149774,Multiple_Gunshots,2016-02-20,23:40:19,WashingtonDC6D,38.889,-76.94
751,6D149775,Multiple_Gunshots,2016-02-21,00:12:40,WashingtonDC6D,38.889,-76.932
752,7D182761,Multiple_Gunshots,2016-02-21,01:02:47,WashingtonDC7D,38.847,-77.004
753,6D149777,Single_Gunshot,2016-02-21,01:24:55,WashingtonDC6D,38.875,-76.927
754,7D182762,Single_Gunshot,2016-02-21,03:03:53,WashingtonDC7D,38.825,-77.007
755,7D182763,Multiple_Gunshots,2016-02-21,03:13:00,WashingtonDC7D,38.834,-76.996
756,6D149779,Multiple_Gunshots,2016-02-21,07:56:50,WashingtonDC6D,38.891,-76.934
757,5D57121,Single_Gunshot,2016-02-21,19:24:08,WashingtonDC5D,38.917,-77.002
758,7D182765,Single_Gunshot,2016-02-21,20:27:12,WashingtonDC7D,38.855,-76.992
759,7D182766,Multiple_Gunshots,2016-02-21,22:15:28,WashingtonDC7D,38.853,-76.974
760,7D182767,Multiple_Gunshots,2016-02-21,22:15:32,WashingtonDC7D,38.853,-76.975
761,6D149788,Multiple_Gunshots,2016-02-21,23:04:48,WashingtonDC6D,38.893,-76.912
762,6D149789,Gunshot_or_Firecracker,2016-02-22,00:26:29,WashingtonDC6D,38.899,-76.927
763,5D57123,Gunshot_or_Firecracker,2016-02-22,00:57:59,WashingtonDC5D,38.894,-76.982
764,6D149790,Single_Gunshot,2016-02-22,02:58:35,WashingtonDC6D,38.885,-76.953
765,6D149801,Single_Gunshot,2016-02-22,16:03:08,WashingtonDC6D,38.883,-76.933
766,7D182771,Single_Gunshot,2016-02-22,17:34:54,WashingtonDC7D,38.822,-77.011
767,4D49091,Multiple_Gunshots,2016-02-22,17:55:39,WashingtonDC4D,38.954,-77.023
768,7D182774,Single_Gunshot,2016-02-22,19:54:36,WashingtonDC7D,38.833,-77.006
769,7D182776,Gunshot_or_Firecracker,2016-02-22,20:33:56,WashingtonDC7D,38.864,-76.983
770,1D75150,Single_Gunshot,2016-02-22,21:05:44,WashingtonDC1D,38.897,-76.968
771,5D57133,Single_Gunshot,2016-02-22,21:21:56,WashingtonDC5D,38.906,-76.978
772,6D149817,Multiple_Gunshots,2016-02-22,22:15:35,WashingtonDC6D,38.905,-76.949
773,7D182780,Multiple_Gunshots,2016-02-22,22:18:29,WashingtonDC7D,38.837,-76.992
774,6D149818,Single_Gunshot,2016-02-22,23:03:09,WashingtonDC6D,38.9,-76.915
775,7D182781,Multiple_Gunshots,2016-02-23,01:07:37,WashingtonDC7D,38.827,-77.002
776,7D182782,Single_Gunshot,2016-02-23,05:17:07,WashingtonDC7D,38.835,-76.984
777,6D149821,Multiple_Gunshots,2016-02-23,18:56:56,WashingtonDC6D,38.905,-76.949
778,7D182786,Multiple_Gunshots,2016-02-23,20:31:07,WashingtonDC7D,38.827,-76.998
779,6D149822,Single_Gunshot,2016-02-24,01:13:34,WashingtonDC6D,38.9,-76.912
780,6D149823,Single_Gunshot,2016-02-24,01:14:30,WashingtonDC6D,38.9,-76.912
781,5D57136,Single_Gunshot,2016-02-24,01:16:04,WashingtonDC5D,38.907,-77.017
782,3D53508,Single_Gunshot,2016-02-24,05:10:42,WashingtonDC3D,38.907,-77.017
783,5D57137,Single_Gunshot,2016-02-24,05:10:43,WashingtonDC5D,38.907,-77.017
784,6D149824,Single_Gunshot,2016-02-24,06:10:11,WashingtonDC6D,38.899,-76.918
785,3D53509,Gunshot_or_Firecracker,2016-02-24,10:38:47,WashingtonDC3D,38.914,-77.026
786,1D75154,Single_Gunshot,2016-02-24,17:33:30,WashingtonDC1D,38.873,-77.013
787,7D182792,Single_Gunshot,2016-02-24,19:15:45,WashingtonDC7D,38.843,-76.984
788,6D149829,Single_Gunshot,2016-02-24,19:24:05,WashingtonDC6D,38.897,-76.943
789,5D57140,Single_Gunshot,2016-02-24,20:05:22,WashingtonDC5D,38.917,-76.971
790,6D149835,Single_Gunshot,2016-02-24,21:57:21,WashingtonDC6D,38.899,-76.937
791,6D149836,Multiple_Gunshots,2016-02-24,22:18:23,WashingtonDC6D,38.902,-76.929
792,7D182795,Single_Gunshot,2016-02-24,23:38:32,WashingtonDC7D,38.856,-76.99
793,6D149837,Multiple_Gunshots,2016-02-24,23:42:25,WashingtonDC6D,38.899,-76.937
794,6D149838,Single_Gunshot,2016-02-24,23:42:55,WashingtonDC6D,38.885,-76.929
795,4D49104,Single_Gunshot,2016-02-25,04:50:23,WashingtonDC4D,38.955,-77.023
796,4D49106,Gunshot_or_Firecracker,2016-02-25,14:51:05,WashingtonDC4D,38.948,-77.04
797,7D182810,Single_Gunshot,2016-02-25,18:06:23,WashingtonDC7D,38.828,-77.001
798,7D182812,Multiple_Gunshots,2016-02-25,19:16:27,WashingtonDC7D,38.84,-76.993
799,7D182813,Multiple_Gunshots,2016-02-25,19:16:32,WashingtonDC7D,38.839,-76.994
800,7D182814,Multiple_Gunshots,2016-02-25,20:49:15,WashingtonDC7D,38.862,-76.986
801,7D182815,Multiple_Gunshots,2016-02-25,20:55:21,WashingtonDC7D,38.84,-76.994
802,7D182817,Single_Gunshot,2016-02-25,22:44:59,WashingtonDC7D,38.854,-76.972
803,7D182818,Single_Gunshot,2016-02-26,00:10:49,WashingtonDC7D,38.854,-76.973
804,6D149847,Multiple_Gunshots,2016-02-26,00:22:31,WashingtonDC6D,38.896,-76.919
805,7D182819,Multiple_Gunshots,2016-02-26,01:33:35,WashingtonDC7D,38.855,-76.972
806,5D57143,Single_Gunshot,2016-02-26,02:28:08,WashingtonDC5D,38.925,-77.008
807,4D49107,Multiple_Gunshots,2016-02-26,05:15:21,WashingtonDC4D,38.949,-77.027
808,7D182826,Single_Gunshot,2016-02-26,20:59:25,WashingtonDC7D,38.849,-76.979
809,6D149858,Multiple_Gunshots,2016-02-26,21:15:33,WashingtonDC6D,38.906,-76.949
810,7D182827,Multiple_Gunshots,2016-02-26,21:15:43,WashingtonDC7D,38.824,-77.003
811,7D182828,Multiple_Gunshots,2016-02-26,21:17:54,WashingtonDC7D,38.854,-76.972
812,7D182829,Multiple_Gunshots,2016-02-26,21:36:45,WashingtonDC7D,38.828,-76.996
813,6D149860,Multiple_Gunshots,2016-02-26,22:15:59,WashingtonDC6D,38.888,-76.932
814,6D149861,Single_Gunshot,2016-02-26,22:48:05,WashingtonDC6D,38.886,-76.955
815,7D182831,Multiple_Gunshots,2016-02-27,01:26:05,WashingtonDC7D,38.827,-76.998
816,7D182832,Multiple_Gunshots,2016-02-27,01:48:10,WashingtonDC7D,38.842,-76.994
817,6D149862,Multiple_Gunshots,2016-02-27,02:59:49,WashingtonDC6D,38.898,-76.921
818,4D49109,Multiple_Gunshots,2016-02-27,03:01:42,WashingtonDC4D,38.945,-77.02
819,6D149863,Single_Gunshot,2016-02-27,03:39:56,WashingtonDC6D,38.889,-76.96
820,6D149864,Single_Gunshot,2016-02-27,05:26:33,WashingtonDC6D,38.883,-76.938
821,6D149868,Multiple_Gunshots,2016-02-27,08:43:44,WashingtonDC6D,38.896,-76.925
822,4D49113,Multiple_Gunshots,2016-02-27,10:45:22,WashingtonDC4D,38.954,-77.02
823,7D182847,Single_Gunshot,2016-02-27,19:17:27,WashingtonDC7D,38.863,-76.987
824,6D149871,Single_Gunshot,2016-02-27,19:17:27,WashingtonDC6D,38.864,-76.987
825,3D53519,Single_Gunshot,2016-02-27,19:30:52,WashingtonDC3D,38.919,-77.016
826,7D182850,Multiple_Gunshots,2016-02-27,22:47:32,WashingtonDC7D,38.836,-76.987
827,7D182851,Multiple_Gunshots,2016-02-27,22:47:42,WashingtonDC7D,38.836,-76.987
828,7D182852,Single_Gunshot,2016-02-28,00:34:06,WashingtonDC7D,38.855,-76.971
829,7D182853,Single_Gunshot,2016-02-28,00:39:21,WashingtonDC7D,38.857,-76.971
830,6D149874,Multiple_Gunshots,2016-02-28,00:40:10,WashingtonDC6D,38.857,-76.972
831,6D149875,Multiple_Gunshots,2016-02-28,00:57:05,WashingtonDC6D,38.886,-76.946
832,6D149876,Single_Gunshot,2016-02-28,01:01:38,WashingtonDC6D,38.881,-76.945
833,6D149879,Single_Gunshot,2016-02-28,02:13:52,WashingtonDC6D,38.86,-76.958
834,6D149880,Single_Gunshot,2016-02-28,03:46:41,WashingtonDC6D,38.872,-76.95
835,7D182854,Single_Gunshot,2016-02-28,03:53:32,WashingtonDC7D,38.826,-76.988
836,5D57154,Multiple_Gunshots,2016-02-28,04:37:24,WashingtonDC5D,38.917,-76.981
837,7D182855,Multiple_Gunshots,2016-02-28,05:38:28,WashingtonDC7D,38.853,-76.979
838,6D149881,Multiple_Gunshots,2016-02-28,05:38:30,WashingtonDC6D,38.856,-76.977
839,7D182856,Single_Gunshot,2016-02-28,05:40:29,WashingtonDC7D,38.853,-76.979
840,6D149882,Single_Gunshot,2016-02-28,07:34:46,WashingtonDC6D,38.88,-76.926
841,7D182857,Multiple_Gunshots,2016-02-28,15:29:25,WashingtonDC7D,38.833,-76.995
842,7D182858,Multiple_Gunshots,2016-02-28,15:29:33,WashingtonDC7D,38.833,-76.995
843,7D182859,Multiple_Gunshots,2016-02-28,15:29:40,WashingtonDC7D,38.833,-76.995
844,7D182861,Multiple_Gunshots,2016-02-28,18:23:05,WashingtonDC7D,38.856,-76.972
845,6D149885,Multiple_Gunshots,2016-02-28,18:23:10,WashingtonDC6D,38.858,-76.972
846,7D182865,Single_Gunshot,2016-02-28,20:28:52,WashingtonDC7D,38.846,-76.998
847,6D149886,Multiple_Gunshots,2016-02-28,21:04:14,WashingtonDC6D,38.91,-76.939
848,6D149889,Single_Gunshot,2016-02-28,22:36:59,WashingtonDC6D,38.894,-76.946
849,7D182868,Multiple_Gunshots,2016-02-29,00:26:58,WashingtonDC7D,38.854,-76.972
850,7D182869,Single_Gunshot,2016-02-29,00:27:37,WashingtonDC7D,38.827,-76.998
851,6D149891,Single_Gunshot,2016-02-29,00:36:28,WashingtonDC6D,38.883,-76.931
852,5D57157,Multiple_Gunshots,2016-02-29,00:53:14,WashingtonDC5D,38.905,-76.978
853,5D57158,Single_Gunshot,2016-02-29,00:53:40,WashingtonDC5D,38.905,-76.979
854,7D182870,Multiple_Gunshots,2016-02-29,03:11:43,WashingtonDC7D,38.823,-76.99
855,7D182871,Single_Gunshot,2016-02-29,03:11:54,WashingtonDC7D,38.824,-76.991
856,7D182872,Single_Gunshot,2016-02-29,03:12:02,WashingtonDC7D,38.824,-76.991
857,6D149893,Multiple_Gunshots,2016-02-29,11:18:10,WashingtonDC6D,38.882,-76.93
858,7D182879,Multiple_Gunshots,2016-02-29,16:18:31,WashingtonDC7D,38.856,-76.973
859,7D182880,Multiple_Gunshots,2016-02-29,16:38:31,WashingtonDC7D,38.829,-77.0
860,7D182881,Single_Gunshot,2016-02-29,16:38:35,WashingtonDC7D,38.829,-77.0
861,7D182882,Multiple_Gunshots,2016-02-29,17:01:02,WashingtonDC7D,38.855,-76.97
862,5D57160,Multiple_Gunshots,2016-02-29,18:51:22,WashingtonDC5D,38.904,-77.008
863,6D149895,Multiple_Gunshots,2016-02-29,21:40:32,WashingtonDC6D,38.903,-76.919
864,6D149897,Single_Gunshot,2016-02-29,22:25:51,WashingtonDC6D,38.867,-76.982
865,7D182887,Single_Gunshot,2016-02-29,22:40:36,WashingtonDC7D,38.825,-77.002
866,7D182888,Multiple_Gunshots,2016-02-29,22:45:14,WashingtonDC7D,38.819,-77.0
867,7D182891,Gunshot_or_Firecracker,2016-02-29,23:21:17,WashingtonDC7D,38.853,-76.979
868,7D182892,Multiple_Gunshots,2016-02-29,23:51:25,WashingtonDC7D,38.824,-77.001
869,7D182893,Multiple_Gunshots,2016-03-01,00:02:31,WashingtonDC7D,38.822,-77.001
870,7D182894,Single_Gunshot,2016-03-01,00:45:08,WashingtonDC7D,38.846,-76.998
871,7D182895,Single_Gunshot,2016-03-01,00:45:20,WashingtonDC7D,38.846,-76.999
872,1D75170,Multiple_Gunshots,2016-03-01,01:03:43,WashingtonDC1D,38.894,-76.975
873,7D182898,Multiple_Gunshots,2016-03-01,04:01:14,WashingtonDC7D,38.851,-76.965
874,6D149903,Gunshot_or_Firecracker,2016-03-01,14:28:31,WashingtonDC6D,38.888,-76.951
875,6D149905,Gunshot_or_Firecracker,2016-03-01,14:44:45,WashingtonDC6D,38.889,-76.952
876,7D182901,Multiple_Gunshots,2016-03-01,15:11:22,WashingtonDC7D,38.827,-76.998
877,7D182904,Multiple_Gunshots,2016-03-01,19:01:09,WashingtonDC7D,38.845,-76.972
878,7D182907,Single_Gunshot,2016-03-01,21:32:40,WashingtonDC7D,38.838,-77.004
879,6D149910,Single_Gunshot,2016-03-01,22:11:53,WashingtonDC6D,38.87,-76.959
880,7D182908,Multiple_Gunshots,2016-03-01,22:54:52,WashingtonDC7D,38.831,-77.001
881,6D149912,Single_Gunshot,2016-03-02,00:40:04,WashingtonDC6D,38.903,-76.932
882,4D49130,Multiple_Gunshots,2016-03-02,01:36:58,WashingtonDC4D,38.956,-77.026
883,6D149917,Multiple_Gunshots,2016-03-02,13:00:37,WashingtonDC6D,38.89,-76.933
884,6D149919,Multiple_Gunshots,2016-03-02,21:44:25,WashingtonDC6D,38.902,-76.919
885,7D182915,Single_Gunshot,2016-03-02,22:30:51,WashingtonDC7D,38.858,-76.996
886,6D149920,Multiple_Gunshots,2016-03-02,22:34:11,WashingtonDC6D,38.894,-76.913
887,6D149921,Multiple_Gunshots,2016-03-02,23:28:29,WashingtonDC6D,38.869,-76.975
888,6D149923,Multiple_Gunshots,2016-03-03,00:16:50,WashingtonDC6D,38.894,-76.925
889,6D149925,Multiple_Gunshots,2016-03-03,02:56:03,WashingtonDC6D,38.87,-76.979
890,7D182923,Multiple_Gunshots,2016-03-03,12:33:45,WashingtonDC7D,38.845,-76.972
891,7D182924,Multiple_Gunshots,2016-03-03,19:29:15,WashingtonDC7D,38.856,-76.99
892,6D149930,Multiple_Gunshots,2016-03-03,19:29:15,WashingtonDC6D,38.863,-76.992
893,6D149932,Single_Gunshot,2016-03-03,21:29:21,WashingtonDC6D,38.9,-76.947
894,6D149933,Multiple_Gunshots,2016-03-03,21:29:34,WashingtonDC6D,38.9,-76.947
895,6D149934,Single_Gunshot,2016-03-03,22:30:26,WashingtonDC6D,38.901,-76.947
896,6D149935,Multiple_Gunshots,2016-03-03,23:15:04,WashingtonDC6D,38.895,-76.923
897,4D49140,Multiple_Gunshots,2016-03-04,00:17:25,WashingtonDC4D,38.947,-77.027
898,7D182926,Single_Gunshot,2016-03-04,01:19:50,WashingtonDC7D,38.857,-76.991
899,6D149937,Gunshot_or_Firecracker,2016-03-04,14:22:47,WashingtonDC6D,38.889,-76.915
900,7D182928,Multiple_Gunshots,2016-03-04,14:44:33,WashingtonDC7D,38.849,-76.971
901,7D182937,Multiple_Gunshots,2016-03-04,18:18:06,WashingtonDC7D,38.832,-76.993
902,7D182939,Multiple_Gunshots,2016-03-04,20:04:15,WashingtonDC7D,38.855,-76.987
903,1D75189,Multiple_Gunshots,2016-03-04,20:04:45,WashingtonDC1D,38.883,-77.02
904,6D149946,Single_Gunshot,2016-03-04,21:56:07,WashingtonDC6D,38.884,-76.961
905,7D182942,Multiple_Gunshots,2016-03-05,00:42:19,WashingtonDC7D,38.85,-76.98
906,7D182943,Multiple_Gunshots,2016-03-05,01:03:19,WashingtonDC7D,38.858,-76.991
907,4D49144,Single_Gunshot,2016-03-05,01:11:23,WashingtonDC4D,38.953,-77.025
908,6D149949,Single_Gunshot,2016-03-05,03:34:03,WashingtonDC6D,38.886,-76.963
909,5D57174,Single_Gunshot,2016-03-05,03:36:33,WashingtonDC5D,38.922,-76.989
910,7D182944,Single_Gunshot,2016-03-05,03:51:40,WashingtonDC7D,38.83,-77.005
911,7D182945,Single_Gunshot,2016-03-05,03:52:04,WashingtonDC7D,38.83,-77.005
912,7D182946,Multiple_Gunshots,2016-03-05,03:52:24,WashingtonDC7D,38.847,-76.972
913,6D149952,Single_Gunshot,2016-03-05,11:20:27,WashingtonDC6D,38.886,-76.953
914,7D182950,Multiple_Gunshots,2016-03-05,14:59:09,WashingtonDC7D,38.826,-77.01
915,6D149957,Multiple_Gunshots,2016-03-05,19:30:19,WashingtonDC6D,38.892,-76.915
916,6D149958,Multiple_Gunshots,2016-03-05,21:39:55,WashingtonDC6D,38.885,-76.915
917,6D149959,Single_Gunshot,2016-03-05,22:46:06,WashingtonDC6D,38.884,-76.93
918,6D149960,Multiple_Gunshots,2016-03-05,23:03:52,WashingtonDC6D,38.877,-76.927
919,6D149961,Single_Gunshot,2016-03-06,00:18:04,WashingtonDC6D,38.881,-76.929
920,7D182955,Multiple_Gunshots,2016-03-06,02:17:56,WashingtonDC7D,38.832,-77.003
921,7D182956,Multiple_Gunshots,2016-03-06,02:18:05,WashingtonDC7D,38.833,-77.002
922,7D182957,Multiple_Gunshots,2016-03-06,02:18:42,WashingtonDC7D,38.833,-77.002
923,7D182958,Multiple_Gunshots,2016-03-06,02:19:11,WashingtonDC7D,38.833,-77.002
924,7D182959,Single_Gunshot,2016-03-06,02:19:44,WashingtonDC7D,38.833,-77.002
925,7D182960,Multiple_Gunshots,2016-03-06,02:22:07,WashingtonDC7D,38.833,-77.002
926,6D149962,Single_Gunshot,2016-03-06,04:06:12,WashingtonDC6D,38.881,-76.928
927,6D149963,Multiple_Gunshots,2016-03-06,04:07:49,WashingtonDC6D,38.905,-76.951
928,5D57180,Multiple_Gunshots,2016-03-06,04:23:53,WashingtonDC5D,38.905,-77.01
929,6D149964,Multiple_Gunshots,2016-03-06,07:51:06,WashingtonDC6D,38.891,-76.932
930,6D149965,Multiple_Gunshots,2016-03-06,09:25:09,WashingtonDC6D,38.872,-76.971
931,7D182963,Multiple_Gunshots,2016-03-06,13:16:08,WashingtonDC7D,38.859,-76.968
932,7D182967,Multiple_Gunshots,2016-03-06,16:35:03,WashingtonDC7D,38.845,-76.978
933,7D182969,Gunshot_or_Firecracker,2016-03-06,18:47:03,WashingtonDC7D,38.857,-76.974
934,7D182970,Single_Gunshot,2016-03-06,18:52:48,WashingtonDC7D,38.857,-76.975
935,6D149975,Single_Gunshot,2016-03-06,21:18:37,WashingtonDC6D,38.897,-76.917
936,5D57194,Multiple_Gunshots,2016-03-06,22:28:30,WashingtonDC5D,38.899,-76.983
937,1D75196,Multiple_Gunshots,2016-03-06,22:28:30,WashingtonDC1D,38.899,-76.983
938,7D182981,Single_Gunshot,2016-03-06,23:48:40,WashingtonDC7D,38.845,-76.977
939,7D182982,Multiple_Gunshots,2016-03-06,23:48:53,WashingtonDC7D,38.844,-76.977
940,6D149977,Multiple_Gunshots,2016-03-06,23:53:24,WashingtonDC6D,38.884,-76.924
941,6D149979,Single_Gunshot,2016-03-07,01:41:42,WashingtonDC6D,38.855,-76.994
942,6D149982,Single_Gunshot,2016-03-07,02:39:57,WashingtonDC6D,38.904,-76.933
943,7D183007,Multiple_Gunshots,2016-03-07,22:25:12,WashingtonDC7D,38.827,-77.006
944,7D183008,Multiple_Gunshots,2016-03-07,22:31:27,WashingtonDC7D,38.838,-77.003
945,6D149990,Single_Gunshot,2016-03-08,00:15:55,WashingtonDC6D,38.902,-76.929
946,7D183009,Single_Gunshot,2016-03-08,01:10:36,WashingtonDC7D,38.843,-77.009
947,7D183010,Single_Gunshot,2016-03-08,01:20:11,WashingtonDC7D,38.827,-77.006
948,1D75206,Multiple_Gunshots,2016-03-08,02:36:25,WashingtonDC1D,38.87,-77.012
949,3D53568,Multiple_Gunshots,2016-03-08,07:26:07,WashingtonDC3D,38.918,-77.034
950,7D183016,Multiple_Gunshots,2016-03-08,14:49:51,WashingtonDC7D,38.826,-76.998
951,7D183017,Multiple_Gunshots,2016-03-08,14:50:03,WashingtonDC7D,38.827,-76.998
952,6D149995,Multiple_Gunshots,2016-03-08,15:18:30,WashingtonDC6D,38.884,-76.931
953,7D183023,Multiple_Gunshots,2016-03-08,22:23:27,WashingtonDC7D,38.852,-76.983
954,6D150004,Single_Gunshot,2016-03-08,22:26:15,WashingtonDC6D,38.895,-76.925
955,7D183024,Single_Gunshot,2016-03-08,22:38:28,WashingtonDC7D,38.854,-76.968
956,7D183025,Multiple_Gunshots,2016-03-08,22:39:07,WashingtonDC7D,38.854,-76.968
957,6D150005,Single_Gunshot,2016-03-09,03:03:23,WashingtonDC6D,38.901,-76.937
958,6D150006,Single_Gunshot,2016-03-09,03:28:15,WashingtonDC6D,38.91,-76.938
959,6D150007,Multiple_Gunshots,2016-03-09,05:01:35,WashingtonDC6D,38.887,-76.93
960,7D183037,Multiple_Gunshots,2016-03-09,19:09:52,WashingtonDC7D,38.826,-77.003
961,7D183039,Multiple_Gunshots,2016-03-09,20:01:39,WashingtonDC7D,38.844,-77.0
962,7D183040,Multiple_Gunshots,2016-03-09,20:03:23,WashingtonDC7D,38.846,-76.997
963,7D183041,Single_Gunshot,2016-03-09,20:15:13,WashingtonDC7D,38.834,-76.987
964,7D183042,Single_Gunshot,2016-03-09,20:46:05,WashingtonDC7D,38.842,-76.999
965,1D75237,Multiple_Gunshots,2016-03-09,21:56:53,WashingtonDC1D,38.9,-76.972
966,6D150021,Multiple_Gunshots,2016-03-09,21:56:56,WashingtonDC6D,38.9,-76.971
967,6D150022,Single_Gunshot,2016-03-09,22:19:01,WashingtonDC6D,38.894,-76.964
968,6D150024,Multiple_Gunshots,2016-03-09,22:22:51,WashingtonDC6D,38.894,-76.964
969,6D150027,Multiple_Gunshots,2016-03-09,22:34:54,WashingtonDC6D,38.894,-76.964
970,7D183044,Gunshot_or_Firecracker,2016-03-09,23:18:32,WashingtonDC7D,38.852,-76.965
971,6D150030,Single_Gunshot,2016-03-09,23:22:33,WashingtonDC6D,38.885,-76.957
972,6D150031,Multiple_Gunshots,2016-03-09,23:53:00,WashingtonDC6D,38.876,-76.948
973,4D49179,Single_Gunshot,2016-03-09,23:54:07,WashingtonDC4D,38.953,-77.028
974,7D183045,Multiple_Gunshots,2016-03-10,00:02:16,WashingtonDC7D,38.828,-77.001
975,7D183046,Multiple_Gunshots,2016-03-10,00:02:17,WashingtonDC7D,38.829,-77.001
976,6D150032,Single_Gunshot,2016-03-10,00:12:29,WashingtonDC6D,38.864,-76.98
977,6D150033,Multiple_Gunshots,2016-03-10,00:52:58,WashingtonDC6D,38.883,-76.933
978,7D183047,Multiple_Gunshots,2016-03-10,01:48:51,WashingtonDC7D,38.829,-77.0
979,4D49181,Gunshot_or_Firecracker,2016-03-10,13:26:50,WashingtonDC4D,38.955,-77.025
980,4D49182,Multiple_Gunshots,2016-03-10,13:27:03,WashingtonDC4D,38.955,-77.025
981,7D183049,Gunshot_or_Firecracker,2016-03-10,14:42:51,WashingtonDC7D,38.832,-76.988
982,6D150039,Multiple_Gunshots,2016-03-10,18:54:31,WashingtonDC6D,38.881,-76.964
983,7D183063,Multiple_Gunshots,2016-03-10,19:56:59,WashingtonDC7D,38.826,-77.009
984,6D150048,Single_Gunshot,2016-03-10,21:38:28,WashingtonDC6D,38.882,-76.939
985,7D183067,Multiple_Gunshots,2016-03-10,22:46:31,WashingtonDC7D,38.854,-76.986
986,7D183068,Multiple_Gunshots,2016-03-10,22:46:52,WashingtonDC7D,38.854,-76.987
987,7D183069,Multiple_Gunshots,2016-03-10,23:39:26,WashingtonDC7D,38.86,-76.989
988,6D150049,Multiple_Gunshots,2016-03-10,23:39:27,WashingtonDC6D,38.861,-76.988
989,6D150050,Single_Gunshot,2016-03-10,23:43:49,WashingtonDC6D,38.884,-76.929
990,6D150053,Single_Gunshot,2016-03-11,00:36:15,WashingtonDC6D,38.865,-76.959
991,7D183071,Multiple_Gunshots,2016-03-11,00:36:58,WashingtonDC7D,38.832,-76.993
992,7D183072,Multiple_Gunshots,2016-03-11,00:39:29,WashingtonDC7D,38.862,-76.986
993,6D150054,Multiple_Gunshots,2016-03-11,00:39:29,WashingtonDC6D,38.861,-76.985
994,6D150055,Multiple_Gunshots,2016-03-11,00:39:37,WashingtonDC6D,38.862,-76.986
995,7D183073,Multiple_Gunshots,2016-03-11,00:39:39,WashingtonDC7D,38.862,-76.987
996,7D183074,Multiple_Gunshots,2016-03-11,00:39:47,WashingtonDC7D,38.862,-76.987
997,7D183075,Multiple_Gunshots,2016-03-11,00:52:41,WashingtonDC7D,38.859,-76.998
998,7D183076,Single_Gunshot,2016-03-11,01:29:50,WashingtonDC7D,38.86,-76.999
999,6D150056,Multiple_Gunshots,2016-03-11,01:43:54,WashingtonDC6D,38.866,-76.977
1000,4D49187,Single_Gunshot,2016-03-11,02:07:51,WashingtonDC4D,38.956,-77.02
1001,5D57202,Multiple_Gunshots,2016-03-11,02:26:43,WashingtonDC5D,38.91,-76.985
1002,3D53578,Single_Gunshot,2016-03-11,05:06:59,WashingtonDC3D,38.922,-77.026
1003,6D150057,Multiple_Gunshots,2016-03-11,05:16:24,WashingtonDC6D,38.903,-76.939
1004,6D150060,Multiple_Gunshots,2016-03-11,14:45:08,WashingtonDC6D,38.895,-76.915
1005,7D183080,Single_Gunshot,2016-03-11,19:03:17,WashingtonDC7D,38.857,-76.974
1006,7D183084,Multiple_Gunshots,2016-03-11,21:33:46,WashingtonDC7D,38.846,-76.998
1007,7D183085,Multiple_Gunshots,2016-03-11,21:57:07,WashingtonDC7D,38.854,-76.987
1008,7D183086,Multiple_Gunshots,2016-03-11,21:57:43,WashingtonDC7D,38.854,-76.985
1009,6D150074,Multiple_Gunshots,2016-03-11,23:40:47,WashingtonDC6D,38.882,-76.935
1010,6D150075,Single_Gunshot,2016-03-11,23:42:39,WashingtonDC6D,38.882,-76.935
1011,5D57206,Multiple_Gunshots,2016-03-12,00:14:57,WashingtonDC5D,38.923,-76.986
1012,7D183087,Multiple_Gunshots,2016-03-12,00:33:26,WashingtonDC7D,38.846,-77.004
1013,7D183088,Multiple_Gunshots,2016-03-12,00:33:49,WashingtonDC7D,38.846,-77.004
1014,6D150077,Multiple_Gunshots,2016-03-12,00:55:53,WashingtonDC6D,38.896,-76.954
1015,6D150078,Multiple_Gunshots,2016-03-12,00:55:58,WashingtonDC6D,38.895,-76.956
1016,3D53583,Single_Gunshot,2016-03-12,02:01:40,WashingtonDC3D,38.929,-77.02
1017,7D183090,Multiple_Gunshots,2016-03-12,02:13:03,WashingtonDC7D,38.848,-76.978
1018,7D183091,Multiple_Gunshots,2016-03-12,04:13:34,WashingtonDC7D,38.825,-76.984
1019,7D183095,Gunshot_or_Firecracker,2016-03-12,08:06:39,WashingtonDC7D,38.821,-77.0
1020,7D183099,Multiple_Gunshots,2016-03-12,08:51:27,WashingtonDC7D,38.836,-76.982
1021,7D183101,Gunshot_or_Firecracker,2016-03-12,09:11:50,WashingtonDC7D,38.841,-76.977
1022,7D183102,Gunshot_or_Firecracker,2016-03-12,09:12:14,WashingtonDC7D,38.843,-76.975
1023,7D183103,Single_Gunshot,2016-03-12,09:14:33,WashingtonDC7D,38.836,-76.983
1024,7D183104,Multiple_Gunshots,2016-03-12,09:14:49,WashingtonDC7D,38.834,-76.985
1025,7D183106,Single_Gunshot,2016-03-12,10:37:44,WashingtonDC7D,38.834,-76.984
1026,7D183108,Gunshot_or_Firecracker,2016-03-12,10:43:59,WashingtonDC7D,38.851,-76.972
1027,7D183113,Multiple_Gunshots,2016-03-12,11:03:39,WashingtonDC7D,38.833,-76.99
1028,7D183130,Gunshot_or_Firecracker,2016-03-12,17:43:35,WashingtonDC7D,38.831,-77.001
1029,4D49192,Multiple_Gunshots,2016-03-12,18:28:05,WashingtonDC4D,38.944,-77.025
1030,7D183133,Single_Gunshot,2016-03-12,19:56:04,WashingtonDC7D,38.833,-76.989
1031,7D183137,Multiple_Gunshots,2016-03-12,22:10:44,WashingtonDC7D,38.849,-76.973
1032,7D183141,Single_Gunshot,2016-03-12,23:06:26,WashingtonDC7D,38.842,-76.994
1033,1D75268,Multiple_Gunshots,2016-03-12,23:27:48,WashingtonDC1D,38.899,-76.982
1034,5D57210,Multiple_Gunshots,2016-03-12,23:27:49,WashingtonDC5D,38.9,-76.982
1035,7D183142,Multiple_Gunshots,2016-03-12,23:31:22,WashingtonDC7D,38.836,-76.997
1036,6D150093,Multiple_Gunshots,2016-03-13,00:15:17,WashingtonDC6D,38.86,-76.964
1037,7D183145,Multiple_Gunshots,2016-03-13,00:34:30,WashingtonDC7D,38.859,-76.997
1038,1D75269,Multiple_Gunshots,2016-03-13,00:34:34,WashingtonDC1D,38.868,-77.006
1039,5D57212,Multiple_Gunshots,2016-03-13,01:16:48,WashingtonDC5D,38.925,-76.986
1040,5D57213,Multiple_Gunshots,2016-03-13,01:16:57,WashingtonDC5D,38.927,-76.974
1041,5D57214,Multiple_Gunshots,2016-03-13,01:17:02,WashingtonDC5D,38.925,-76.986
1042,6D150095,Multiple_Gunshots,2016-03-13,01:44:15,WashingtonDC6D,38.898,-76.921
1043,6D150097,Single_Gunshot,2016-03-13,04:11:30,WashingtonDC6D,38.896,-76.926
1044,6D150098,Single_Gunshot,2016-03-13,07:48:59,WashingtonDC6D,38.89,-76.934
1045,6D150101,Multiple_Gunshots,2016-03-13,11:46:06,WashingtonDC6D,38.886,-76.951
1046,6D150111,Single_Gunshot,2016-03-13,20:48:45,WashingtonDC6D,38.906,-76.948
1047,6D150113,Multiple_Gunshots,2016-03-13,23:32:24,WashingtonDC6D,38.868,-76.942
1048,5D57222,Single_Gunshot,2016-03-14,02:00:53,WashingtonDC5D,38.92,-76.98
1049,6D150127,Single_Gunshot,2016-03-14,11:07:36,WashingtonDC6D,38.886,-76.937
1050,7D183178,Single_Gunshot,2016-03-14,17:19:01,WashingtonDC7D,38.857,-76.974
1051,6D150133,Single_Gunshot,2016-03-14,20:33:11,WashingtonDC6D,38.904,-76.933
1052,6D150134,Single_Gunshot,2016-03-14,20:57:54,WashingtonDC6D,38.874,-76.966
1053,7D183184,Single_Gunshot,2016-03-14,21:28:34,WashingtonDC7D,38.845,-76.976
1054,3D53589,Single_Gunshot,2016-03-15,00:43:23,WashingtonDC3D,38.928,-77.028
1055,4D49204,Multiple_Gunshots,2016-03-15,01:03:16,WashingtonDC4D,38.955,-77.015
1056,6D150135,Gunshot_or_Firecracker,2016-03-15,09:17:16,WashingtonDC6D,38.897,-76.931
1057,6D150147,Single_Gunshot,2016-03-15,20:39:47,WashingtonDC6D,38.899,-76.944
1058,7D183196,Multiple_Gunshots,2016-03-15,21:24:44,WashingtonDC7D,38.847,-76.96
1059,7D183197,Multiple_Gunshots,2016-03-15,22:31:56,WashingtonDC7D,38.854,-76.98
1060,7D183199,Multiple_Gunshots,2016-03-15,22:58:44,WashingtonDC7D,38.846,-76.999
1061,6D150151,Multiple_Gunshots,2016-03-15,23:58:15,WashingtonDC6D,38.872,-76.968
1062,7D183201,Multiple_Gunshots,2016-03-16,00:51:39,WashingtonDC7D,38.845,-76.972
1063,7D183202,Single_Gunshot,2016-03-16,00:51:57,WashingtonDC7D,38.845,-76.972
1064,4D49206,Multiple_Gunshots,2016-03-16,01:39:45,WashingtonDC4D,38.948,-77.016
1065,4D49207,Multiple_Gunshots,2016-03-16,01:40:01,WashingtonDC4D,38.95,-77.014
1066,7D183203,Single_Gunshot,2016-03-16,02:43:59,WashingtonDC7D,38.837,-77.003
1067,6D150166,Multiple_Gunshots,2016-03-16,10:41:15,WashingtonDC6D,38.86,-76.986
1068,7D183207,Multiple_Gunshots,2016-03-16,10:41:19,WashingtonDC7D,38.854,-76.986
1069,7D183218,Single_Gunshot,2016-03-16,19:20:10,WashingtonDC7D,38.846,-76.979
1070,7D183222,Gunshot_or_Firecracker,2016-03-16,21:43:40,WashingtonDC7D,38.846,-76.983
1071,6D150177,Multiple_Gunshots,2016-03-16,23:34:42,WashingtonDC6D,38.894,-76.924
1072,7D183226,Single_Gunshot,2016-03-17,00:28:31,WashingtonDC7D,38.845,-76.979
1073,7D183227,Single_Gunshot,2016-03-17,01:50:14,WashingtonDC7D,38.859,-76.968
1074,4D49213,Multiple_Gunshots,2016-03-17,01:51:40,WashingtonDC4D,38.959,-77.016
1075,7D183234,Multiple_Gunshots,2016-03-17,09:45:38,WashingtonDC7D,38.826,-77.002
1076,4D49215,Single_Gunshot,2016-03-17,12:32:10,WashingtonDC4D,38.958,-77.022
1077,6D150195,Multiple_Gunshots,2016-03-17,18:51:56,WashingtonDC6D,38.891,-76.927
1078,6D150196,Gunshot_or_Firecracker,2016-03-17,18:52:10,WashingtonDC6D,38.891,-76.927
1079,5D57247,Gunshot_or_Firecracker,2016-03-17,19:23:01,WashingtonDC5D,38.909,-76.985
1080,7D183240,Multiple_Gunshots,2016-03-17,20:03:25,WashingtonDC7D,38.846,-76.979
1081,7D183244,Multiple_Gunshots,2016-03-17,21:09:22,WashingtonDC7D,38.86,-76.968
1082,6D150199,Single_Gunshot,2016-03-17,22:23:18,WashingtonDC6D,38.885,-76.935
1083,6D150200,Multiple_Gunshots,2016-03-17,23:01:44,WashingtonDC6D,38.894,-76.927
1084,3D53621,Multiple_Gunshots,2016-03-18,00:52:34,WashingtonDC3D,38.928,-77.025
1085,6D150202,Multiple_Gunshots,2016-03-18,01:34:41,WashingtonDC6D,38.89,-76.965
1086,6D150203,Multiple_Gunshots,2016-03-18,01:34:50,WashingtonDC6D,38.889,-76.925
1087,3D53622,Single_Gunshot,2016-03-18,02:43:49,WashingtonDC3D,38.935,-77.035
1088,4D49219,Single_Gunshot,2016-03-18,02:43:50,WashingtonDC4D,38.935,-77.032
1089,7D183246,Multiple_Gunshots,2016-03-18,03:30:47,WashingtonDC7D,38.827,-77.002
1090,6D150204,Multiple_Gunshots,2016-03-18,03:48:36,WashingtonDC6D,38.882,-76.916
1091,6D150205,Single_Gunshot,2016-03-18,04:04:28,WashingtonDC6D,38.894,-76.937
1092,6D150206,Multiple_Gunshots,2016-03-18,05:18:39,WashingtonDC6D,38.899,-76.945
1093,6D150212,Multiple_Gunshots,2016-03-18,08:04:02,WashingtonDC6D,38.892,-76.926
1094,6D150227,Gunshot_or_Firecracker,2016-03-18,12:16:15,WashingtonDC6D,38.892,-76.912
1095,7D183269,Single_Gunshot,2016-03-18,19:05:15,WashingtonDC7D,38.836,-77.001
1096,6D150235,Multiple_Gunshots,2016-03-18,21:54:00,WashingtonDC6D,38.884,-76.937
1097,7D183270,Multiple_Gunshots,2016-03-18,22:02:50,WashingtonDC7D,38.845,-76.987
1098,6D150236,Multiple_Gunshots,2016-03-18,22:05:55,WashingtonDC6D,38.886,-76.959
1099,1D75323,Multiple_Gunshots,2016-03-18,22:13:28,WashingtonDC1D,38.893,-76.982
1100,5D57256,Multiple_Gunshots,2016-03-18,22:13:30,WashingtonDC5D,38.897,-76.978
1101,6D150238,Multiple_Gunshots,2016-03-18,22:34:27,WashingtonDC6D,38.863,-76.983
1102,7D183271,Multiple_Gunshots,2016-03-18,22:34:48,WashingtonDC7D,38.863,-76.983
1103,6D150239,Multiple_Gunshots,2016-03-18,23:37:35,WashingtonDC6D,38.905,-76.95
1104,6D150240,Multiple_Gunshots,2016-03-18,23:37:42,WashingtonDC6D,38.905,-76.95
1105,3D53625,Multiple_Gunshots,2016-03-19,01:18:34,WashingtonDC3D,38.907,-77.022
1106,6D150242,Multiple_Gunshots,2016-03-19,03:43:02,WashingtonDC6D,38.894,-76.928
1107,7D183299,Multiple_Gunshots,2016-03-19,20:31:26,WashingtonDC7D,38.85,-76.973
1108,6D150266,Single_Gunshot,2016-03-19,22:33:55,WashingtonDC6D,38.882,-76.935
1109,5D57261,Multiple_Gunshots,2016-03-19,23:55:25,WashingtonDC5D,38.928,-76.967
1110,7D183300,Single_Gunshot,2016-03-20,00:48:38,WashingtonDC7D,38.857,-76.965
1111,6D150269,Multiple_Gunshots,2016-03-20,03:18:41,WashingtonDC6D,38.919,-76.934
1112,7D183308,Multiple_Gunshots,2016-03-20,16:17:40,WashingtonDC7D,38.854,-76.986
1113,6D150279,Multiple_Gunshots,2016-03-20,16:24:31,WashingtonDC6D,38.886,-76.971
1114,1D75339,Gunshot_or_Firecracker,2016-03-20,19:28:42,WashingtonDC1D,38.886,-76.971
1115,6D150292,Multiple_Gunshots,2016-03-20,19:28:45,WashingtonDC6D,38.886,-76.971
1116,7D183310,Multiple_Gunshots,2016-03-20,20:39:45,WashingtonDC7D,38.853,-76.978
1117,6D150295,Single_Gunshot,2016-03-20,22:26:28,WashingtonDC6D,38.912,-76.928
1118,6D150296,Single_Gunshot,2016-03-20,22:29:01,WashingtonDC6D,38.912,-76.927
1119,6D150297,Gunshot_or_Firecracker,2016-03-20,22:35:55,WashingtonDC6D,38.913,-76.925
1120,6D150299,Multiple_Gunshots,2016-03-20,23:00:38,WashingtonDC6D,38.912,-76.925
1121,1D75342,Single_Gunshot,2016-03-21,00:42:46,WashingtonDC1D,38.876,-77.012
1122,6D150301,Single_Gunshot,2016-03-21,01:05:05,WashingtonDC6D,38.885,-76.955
1123,7D183311,Single_Gunshot,2016-03-21,01:13:49,WashingtonDC7D,38.836,-77.005
1124,1D75343,Single_Gunshot,2016-03-21,01:27:30,WashingtonDC1D,38.901,-76.981
1125,7D183312,Single_Gunshot,2016-03-21,02:27:11,WashingtonDC7D,38.861,-76.995
1126,7D183314,Multiple_Gunshots,2016-03-21,02:27:47,WashingtonDC7D,38.856,-76.994
1127,7D183315,Single_Gunshot,2016-03-21,05:25:16,WashingtonDC7D,38.837,-77.003
1128,7D183316,Multiple_Gunshots,2016-03-21,05:26:34,WashingtonDC7D,38.837,-77.003
1129,6D150304,Gunshot_or_Firecracker,2016-03-21,12:55:06,WashingtonDC6D,38.899,-76.948
1130,7D183320,Single_Gunshot,2016-03-21,17:39:08,WashingtonDC7D,38.826,-77.0
1131,6D150306,Multiple_Gunshots,2016-03-21,21:25:40,WashingtonDC6D,38.892,-76.916
1132,7D183321,Multiple_Gunshots,2016-03-21,22:04:11,WashingtonDC7D,38.843,-76.99
1133,3D53637,Single_Gunshot,2016-03-21,22:11:13,WashingtonDC3D,38.905,-77.01
1134,7D183322,Single_Gunshot,2016-03-22,00:24:29,WashingtonDC7D,38.835,-77.003
1135,5D57278,Multiple_Gunshots,2016-03-22,02:16:00,WashingtonDC5D,38.921,-77.003
1136,6D150313,Multiple_Gunshots,2016-03-22,12:42:28,WashingtonDC6D,38.882,-76.938
1137,6D150314,Single_Gunshot,2016-03-22,13:03:40,WashingtonDC6D,38.883,-76.93
1138,7D183332,Multiple_Gunshots,2016-03-22,19:12:00,WashingtonDC7D,38.834,-76.995
1139,6D150317,Multiple_Gunshots,2016-03-22,22:01:15,WashingtonDC6D,38.868,-76.944
1140,7D183340,Multiple_Gunshots,2016-03-22,22:27:25,WashingtonDC7D,38.86,-76.986
1141,6D150319,Multiple_Gunshots,2016-03-22,22:27:25,WashingtonDC6D,38.861,-76.986
1142,6D150320,Single_Gunshot,2016-03-23,00:27:59,WashingtonDC6D,38.892,-76.914
1143,6D150321,Multiple_Gunshots,2016-03-23,00:46:32,WashingtonDC6D,38.884,-76.93
1144,7D183342,Gunshot_or_Firecracker,2016-03-23,07:56:18,WashingtonDC7D,38.847,-76.98
1145,7D183349,Single_Gunshot,2016-03-23,10:43:08,WashingtonDC7D,38.838,-76.992
1146,7D183354,Multiple_Gunshots,2016-03-23,15:18:05,WashingtonDC7D,38.833,-76.995
1147,7D183356,Multiple_Gunshots,2016-03-23,15:36:18,WashingtonDC7D,38.836,-76.987
1148,3D53641,Multiple_Gunshots,2016-03-23,16:13:38,WashingtonDC3D,38.908,-77.019
1149,7D183357,Multiple_Gunshots,2016-03-23,17:48:14,WashingtonDC7D,38.846,-76.998
1150,7D183358,Multiple_Gunshots,2016-03-23,17:48:37,WashingtonDC7D,38.846,-76.999
1151,6D150334,Multiple_Gunshots,2016-03-23,19:18:55,WashingtonDC6D,38.892,-76.952
1152,6D150335,Multiple_Gunshots,2016-03-23,19:54:15,WashingtonDC6D,38.867,-76.978
1153,6D150339,Single_Gunshot,2016-03-23,21:15:34,WashingtonDC6D,38.869,-76.979
1154,6D150341,Multiple_Gunshots,2016-03-23,22:07:57,WashingtonDC6D,38.891,-76.943
1155,7D183373,Multiple_Gunshots,2016-03-23,22:44:38,WashingtonDC7D,38.862,-76.982
1156,6D150342,Multiple_Gunshots,2016-03-23,22:44:38,WashingtonDC6D,38.862,-76.982
1157,7D183374,Single_Gunshot,2016-03-24,00:05:03,WashingtonDC7D,38.833,-77.0
1158,7D183376,Multiple_Gunshots,2016-03-24,00:12:33,WashingtonDC7D,38.839,-76.998
1159,3D53643,Single_Gunshot,2016-03-24,00:28:47,WashingtonDC3D,38.929,-77.021
1160,7D183377,Single_Gunshot,2016-03-24,00:41:06,WashingtonDC7D,38.847,-76.968
1161,1D75371,Single_Gunshot,2016-03-24,02:15:19,WashingtonDC1D,38.888,-76.993
1162,6D150344,Multiple_Gunshots,2016-03-24,02:23:45,WashingtonDC6D,38.869,-76.966
1163,4D49238,Multiple_Gunshots,2016-03-24,03:22:35,WashingtonDC4D,38.951,-77.016
1164,4D49239,Single_Gunshot,2016-03-24,03:27:43,WashingtonDC4D,38.944,-77.036
1165,4D49240,Single_Gunshot,2016-03-24,04:09:06,WashingtonDC4D,38.949,-77.015
1166,6D150348,Multiple_Gunshots,2016-03-24,11:58:11,WashingtonDC6D,38.884,-76.935
1167,7D183382,Multiple_Gunshots,2016-03-24,12:25:16,WashingtonDC7D,38.861,-76.993
1168,7D183384,Single_Gunshot,2016-03-24,17:18:23,WashingtonDC7D,38.832,-77.0
1169,6D150351,Gunshot_or_Firecracker,2016-03-24,18:27:07,WashingtonDC6D,38.889,-76.938
1170,7D183388,Multiple_Gunshots,2016-03-24,20:00:24,WashingtonDC7D,38.86,-76.989
1171,6D150357,Multiple_Gunshots,2016-03-24,20:00:25,WashingtonDC6D,38.86,-76.989
1172,5D57296,Gunshot_or_Firecracker,2016-03-24,20:20:08,WashingtonDC5D,38.927,-76.976
1173,7D183390,Single_Gunshot,2016-03-24,21:12:16,WashingtonDC7D,38.846,-76.983
1174,5D57297,Multiple_Gunshots,2016-03-24,21:40:18,WashingtonDC5D,38.899,-76.982
1175,1D75376,Multiple_Gunshots,2016-03-24,21:40:18,WashingtonDC1D,38.9,-76.982
1176,6D150360,Single_Gunshot,2016-03-24,22:14:03,WashingtonDC6D,38.892,-76.916
1177,7D183391,Multiple_Gunshots,2016-03-24,22:30:59,WashingtonDC7D,38.826,-77.0
1178,5D57298,Multiple_Gunshots,2016-03-24,22:37:47,WashingtonDC5D,38.904,-77.012
1179,6D150361,Multiple_Gunshots,2016-03-24,22:55:28,WashingtonDC6D,38.892,-76.915
1180,6D150363,Multiple_Gunshots,2016-03-25,00:10:12,WashingtonDC6D,38.874,-76.973
1181,7D183392,Single_Gunshot,2016-03-25,03:28:23,WashingtonDC7D,38.844,-76.979
1182,7D183397,Multiple_Gunshots,2016-03-25,11:32:20,WashingtonDC7D,38.85,-77.004
1183,6D150372,Multiple_Gunshots,2016-03-25,18:28:10,WashingtonDC6D,38.89,-76.914
1184,5D57303,Multiple_Gunshots,2016-03-25,21:53:45,WashingtonDC5D,38.918,-77.004
1185,3D53647,Multiple_Gunshots,2016-03-25,21:53:46,WashingtonDC3D,38.918,-77.003
1186,5D57304,Multiple_Gunshots,2016-03-25,21:53:55,WashingtonDC5D,38.918,-77.003
1187,5D57305,Multiple_Gunshots,2016-03-25,21:54:00,WashingtonDC5D,38.918,-77.004
1188,6D150374,Single_Gunshot,2016-03-25,21:56:21,WashingtonDC6D,38.887,-76.938
1189,7D183409,Single_Gunshot,2016-03-25,22:00:52,WashingtonDC7D,38.857,-76.973
1190,6D150375,Multiple_Gunshots,2016-03-25,22:26:23,WashingtonDC6D,38.908,-76.939
1191,7D183410,Multiple_Gunshots,2016-03-26,00:37:10,WashingtonDC7D,38.845,-76.999
1192,7D183411,Multiple_Gunshots,2016-03-26,00:37:18,WashingtonDC7D,38.845,-76.999
1193,7D183412,Single_Gunshot,2016-03-26,01:36:38,WashingtonDC7D,38.844,-76.98
1194,6D150377,Multiple_Gunshots,2016-03-26,01:42:35,WashingtonDC6D,38.884,-76.936
1195,7D183414,Single_Gunshot,2016-03-26,03:18:12,WashingtonDC7D,38.844,-76.978
1196,6D150380,Single_Gunshot,2016-03-26,03:53:16,WashingtonDC6D,38.894,-76.946
1197,1D75386,Single_Gunshot,2016-03-26,04:12:58,WashingtonDC1D,38.904,-76.976
1198,5D57306,Single_Gunshot,2016-03-26,05:31:01,WashingtonDC5D,38.926,-76.986
1199,7D183416,Multiple_Gunshots,2016-03-26,07:24:28,WashingtonDC7D,38.839,-76.992
1200,6D150385,Gunshot_or_Firecracker,2016-03-26,11:07:59,WashingtonDC6D,38.885,-76.953
1201,7D183420,Multiple_Gunshots,2016-03-26,13:03:58,WashingtonDC7D,38.827,-76.999
1202,4D49247,Gunshot_or_Firecracker,2016-03-26,13:30:31,WashingtonDC4D,38.95,-77.027
1203,6D150390,Multiple_Gunshots,2016-03-26,15:57:38,WashingtonDC6D,38.908,-76.935
1204,7D183433,Single_Gunshot,2016-03-26,16:16:38,WashingtonDC7D,38.833,-77.006
1205,1D75398,Multiple_Gunshots,2016-03-26,19:45:10,WashingtonDC1D,38.897,-76.967
1206,7D183445,Single_Gunshot,2016-03-26,20:41:31,WashingtonDC7D,38.827,-77.004
1207,6D150391,Multiple_Gunshots,2016-03-26,22:38:15,WashingtonDC6D,38.883,-76.94
1208,6D150392,Single_Gunshot,2016-03-26,22:53:31,WashingtonDC6D,38.882,-76.939
1209,7D183447,Single_Gunshot,2016-03-26,23:15:29,WashingtonDC7D,38.822,-76.993
1210,7D183449,Multiple_Gunshots,2016-03-26,23:35:59,WashingtonDC7D,38.829,-77.004
1211,7D183450,Multiple_Gunshots,2016-03-27,00:35:19,WashingtonDC7D,38.859,-76.997
1212,6D150394,Multiple_Gunshots,2016-03-27,01:14:47,WashingtonDC6D,38.877,-76.944
1213,6D150395,Single_Gunshot,2016-03-27,01:15:08,WashingtonDC6D,38.877,-76.944
1214,5D57332,Multiple_Gunshots,2016-03-27,01:20:38,WashingtonDC5D,38.92,-76.986
1215,6D150396,Multiple_Gunshots,2016-03-27,02:17:24,WashingtonDC6D,38.895,-76.92
1216,6D150397,Multiple_Gunshots,2016-03-27,02:17:37,WashingtonDC6D,38.895,-76.92
1217,6D150398,Multiple_Gunshots,2016-03-27,02:17:41,WashingtonDC6D,38.895,-76.924
1218,7D183451,Single_Gunshot,2016-03-27,02:43:20,WashingtonDC7D,38.846,-76.998
1219,7D183452,Single_Gunshot,2016-03-27,03:22:17,WashingtonDC7D,38.839,-76.992
1220,7D183453,Multiple_Gunshots,2016-03-27,03:33:22,WashingtonDC7D,38.847,-76.998
1221,7D183454,Multiple_Gunshots,2016-03-27,03:33:27,WashingtonDC7D,38.846,-76.998
1222,6D150401,Multiple_Gunshots,2016-03-27,03:41:52,WashingtonDC6D,38.896,-76.941
1223,7D183455,Multiple_Gunshots,2016-03-27,03:45:52,WashingtonDC7D,38.85,-76.971
1224,6D150410,Multiple_Gunshots,2016-03-27,14:47:27,WashingtonDC6D,38.892,-76.912
1225,7D183484,Single_Gunshot,2016-03-27,17:03:11,WashingtonDC7D,38.851,-76.965
1226,6D150412,Multiple_Gunshots,2016-03-27,17:34:22,WashingtonDC6D,38.883,-76.962
1227,6D150419,Multiple_Gunshots,2016-03-27,18:59:52,WashingtonDC6D,38.878,-76.93
1228,5D57334,Gunshot_or_Firecracker,2016-03-27,19:08:06,WashingtonDC5D,38.929,-76.961
1229,6D150422,Gunshot_or_Firecracker,2016-03-27,20:10:18,WashingtonDC6D,38.897,-76.941
1230,6D150424,Multiple_Gunshots,2016-03-27,21:15:24,WashingtonDC6D,38.894,-76.924
1231,7D183492,Gunshot_or_Firecracker,2016-03-27,21:41:13,WashingtonDC7D,38.853,-76.978
1232,7D183493,Gunshot_or_Firecracker,2016-03-27,21:45:05,WashingtonDC7D,38.853,-76.978
1233,6D150426,Multiple_Gunshots,2016-03-27,22:34:38,WashingtonDC6D,38.886,-76.929
1234,6D150427,Single_Gunshot,2016-03-27,22:35:14,WashingtonDC6D,38.886,-76.93
1235,6D150428,Single_Gunshot,2016-03-27,22:35:32,WashingtonDC6D,38.886,-76.93
1236,7D183496,Single_Gunshot,2016-03-27,22:41:06,WashingtonDC7D,38.851,-76.978
1237,6D150430,Single_Gunshot,2016-03-28,01:10:23,WashingtonDC6D,38.911,-76.936
1238,4D49255,Single_Gunshot,2016-03-28,03:10:10,WashingtonDC4D,38.952,-77.024
1239,7D183497,Multiple_Gunshots,2016-03-28,04:56:20,WashingtonDC7D,38.845,-76.973
1240,7D183499,Multiple_Gunshots,2016-03-28,14:26:15,WashingtonDC7D,38.832,-77.006
1241,7D183500,Multiple_Gunshots,2016-03-28,16:52:13,WashingtonDC7D,38.827,-76.999
1242,7D183503,Multiple_Gunshots,2016-03-28,17:54:17,WashingtonDC7D,38.827,-77.002
1243,7D183504,Multiple_Gunshots,2016-03-28,21:53:49,WashingtonDC7D,38.86,-76.999
1244,6D150441,Multiple_Gunshots,2016-03-28,21:53:49,WashingtonDC6D,38.861,-76.998
1245,7D183505,Single_Gunshot,2016-03-28,22:05:35,WashingtonDC7D,38.841,-76.991
1246,6D150442,Single_Gunshot,2016-03-29,01:56:22,WashingtonDC6D,38.894,-76.923
1247,6D150443,Single_Gunshot,2016-03-29,01:57:25,WashingtonDC6D,38.895,-76.948
1248,6D150444,Multiple_Gunshots,2016-03-29,02:51:30,WashingtonDC6D,38.911,-76.935
1249,7D183508,Multiple_Gunshots,2016-03-29,04:12:51,WashingtonDC7D,38.846,-76.998
1250,7D183512,Multiple_Gunshots,2016-03-29,18:26:23,WashingtonDC7D,38.844,-76.989
1251,7D183513,Multiple_Gunshots,2016-03-29,18:26:31,WashingtonDC7D,38.844,-76.989
1252,7D183514,Multiple_Gunshots,2016-03-29,18:26:33,WashingtonDC7D,38.844,-76.989
1253,7D183517,Multiple_Gunshots,2016-03-29,19:57:01,WashingtonDC7D,38.846,-76.998
1254,7D183518,Multiple_Gunshots,2016-03-29,19:57:37,WashingtonDC7D,38.853,-76.979
1255,7D183519,Multiple_Gunshots,2016-03-29,19:57:50,WashingtonDC7D,38.853,-76.979
1256,4D49258,Multiple_Gunshots,2016-03-29,20:07:27,WashingtonDC4D,38.95,-77.022
1257,6D150453,Single_Gunshot,2016-03-29,22:40:10,WashingtonDC6D,38.893,-76.952
1258,6D150454,Single_Gunshot,2016-03-29,23:42:05,WashingtonDC6D,38.893,-76.927
1259,5D57342,Single_Gunshot,2016-03-30,00:46:44,WashingtonDC5D,38.908,-76.988
1260,5D57343,Multiple_Gunshots,2016-03-30,00:48:39,WashingtonDC5D,38.903,-76.989
1261,1D75415,Multiple_Gunshots,2016-03-30,00:48:39,WashingtonDC1D,38.904,-76.992
1262,6D150455,Single_Gunshot,2016-03-30,00:50:34,WashingtonDC6D,38.893,-76.95
1263,6D150456,Single_Gunshot,2016-03-30,01:25:37,WashingtonDC6D,38.903,-76.927
1264,6D150457,Single_Gunshot,2016-03-30,01:35:33,WashingtonDC6D,38.888,-76.958
1265,7D183528,Single_Gunshot,2016-03-30,02:08:02,WashingtonDC7D,38.824,-77.004
1266,7D183529,Single_Gunshot,2016-03-30,03:06:19,WashingtonDC7D,38.855,-76.969
1267,4D49262,Single_Gunshot,2016-03-30,03:24:59,WashingtonDC4D,38.963,-77.032
1268,6D150470,Multiple_Gunshots,2016-03-30,20:02:11,WashingtonDC6D,38.893,-76.913
1269,7D183536,Multiple_Gunshots,2016-03-30,20:27:14,WashingtonDC7D,38.86,-76.989
1270,6D150471,Multiple_Gunshots,2016-03-30,20:27:14,WashingtonDC6D,38.86,-76.989
1271,7D183537,Multiple_Gunshots,2016-03-30,20:27:23,WashingtonDC7D,38.86,-76.989
1272,6D150472,Multiple_Gunshots,2016-03-30,20:27:23,WashingtonDC6D,38.859,-76.99
1273,7D183538,Multiple_Gunshots,2016-03-30,20:27:42,WashingtonDC7D,38.86,-76.989
1274,6D150473,Multiple_Gunshots,2016-03-30,20:27:42,WashingtonDC6D,38.86,-76.988
1275,6D150482,Single_Gunshot,2016-03-30,21:20:24,WashingtonDC6D,38.882,-76.934
1276,7D183540,Single_Gunshot,2016-03-30,21:23:42,WashingtonDC7D,38.842,-77.001
1277,7D183541,Multiple_Gunshots,2016-03-30,21:24:02,WashingtonDC7D,38.859,-76.989
1278,6D150483,Multiple_Gunshots,2016-03-30,21:24:03,WashingtonDC6D,38.858,-76.989
1279,7D183542,Multiple_Gunshots,2016-03-30,21:24:06,WashingtonDC7D,38.862,-76.987
1280,5D57357,Single_Gunshot,2016-03-30,21:46:35,WashingtonDC5D,38.918,-77.005
1281,3D53662,Single_Gunshot,2016-03-30,21:49:15,WashingtonDC3D,38.924,-77.026
1282,6D150484,Single_Gunshot,2016-03-30,21:50:09,WashingtonDC6D,38.895,-76.93
1283,6D150485,Single_Gunshot,2016-03-30,21:50:35,WashingtonDC6D,38.895,-76.93
1284,7D183543,Single_Gunshot,2016-03-31,02:22:38,WashingtonDC7D,38.851,-76.972
1285,6D150487,Single_Gunshot,2016-03-31,04:12:57,WashingtonDC6D,38.877,-76.932
1286,6D150488,Single_Gunshot,2016-03-31,04:15:40,WashingtonDC6D,38.902,-76.938
1287,7D183544,Single_Gunshot,2016-03-31,10:11:20,WashingtonDC7D,38.849,-76.968
1288,7D183545,Multiple_Gunshots,2016-03-31,12:45:30,WashingtonDC7D,38.856,-76.981
1289,6D150495,Gunshot_or_Firecracker,2016-03-31,15:52:53,WashingtonDC6D,38.882,-76.926
1290,6D150496,Gunshot_or_Firecracker,2016-03-31,16:00:27,WashingtonDC6D,38.882,-76.926
1291,5D57360,Single_Gunshot,2016-03-31,16:32:43,WashingtonDC5D,38.933,-76.968
1292,6D150497,Gunshot_or_Firecracker,2016-03-31,17:16:55,WashingtonDC6D,38.882,-76.929
1293,6D150501,Multiple_Gunshots,2016-03-31,17:57:47,WashingtonDC6D,38.878,-76.929
1294,6D150502,Single_Gunshot,2016-03-31,18:19:10,WashingtonDC6D,38.884,-76.928
1295,5D57361,Multiple_Gunshots,2016-03-31,18:48:17,WashingtonDC5D,38.922,-76.998
1296,6D150507,Single_Gunshot,2016-03-31,18:48:43,WashingtonDC6D,38.884,-76.957
1297,6D150509,Gunshot_or_Firecracker,2016-03-31,19:34:51,WashingtonDC6D,38.882,-76.926
1298,6D150515,Gunshot_or_Firecracker,2016-03-31,20:04:21,WashingtonDC6D,38.885,-76.921
1299,7D183551,Multiple_Gunshots,2016-03-31,21:53:49,WashingtonDC7D,38.837,-76.992
1300,7D183553,Single_Gunshot,2016-03-31,23:00:21,WashingtonDC7D,38.858,-76.996
1301,5D57363,Single_Gunshot,2016-03-31,23:41:55,WashingtonDC5D,38.917,-77.001
1302,7D183554,Multiple_Gunshots,2016-04-01,00:59:14,WashingtonDC7D,38.857,-76.974
1303,7D183555,Single_Gunshot,2016-04-01,01:59:10,WashingtonDC7D,38.829,-77.007
1304,7D183556,Single_Gunshot,2016-04-01,03:29:32,WashingtonDC7D,38.827,-76.997
1305,6D150521,Multiple_Gunshots,2016-04-01,03:51:07,WashingtonDC6D,38.889,-76.96
1306,1D75429,Multiple_Gunshots,2016-04-01,03:51:11,WashingtonDC1D,38.889,-76.961
1307,6D150523,Single_Gunshot,2016-04-01,05:32:28,WashingtonDC6D,38.879,-76.967
1308,7D183564,Multiple_Gunshots,2016-04-01,17:34:47,WashingtonDC7D,38.855,-76.972
1309,7D183566,Single_Gunshot,2016-04-01,17:35:00,WashingtonDC7D,38.856,-76.972
1310,5D57371,Gunshot_or_Firecracker,2016-04-01,20:23:55,WashingtonDC5D,38.928,-76.975
1311,5D57372,Multiple_Gunshots,2016-04-01,20:26:08,WashingtonDC5D,38.928,-76.976
1312,6D150535,Multiple_Gunshots,2016-04-01,21:33:09,WashingtonDC6D,38.886,-76.933
1313,7D183572,Single_Gunshot,2016-04-01,22:41:42,WashingtonDC7D,38.853,-76.978
1314,6D150539,Multiple_Gunshots,2016-04-01,23:29:32,WashingtonDC6D,38.895,-76.925
1315,7D183574,Multiple_Gunshots,2016-04-01,23:57:13,WashingtonDC7D,38.858,-76.997
1316,4D49265,Single_Gunshot,2016-04-02,00:30:13,WashingtonDC4D,38.958,-77.028
1317,3D53667,Single_Gunshot,2016-04-02,00:54:41,WashingtonDC3D,38.931,-77.023
1318,7D183577,Multiple_Gunshots,2016-04-02,01:43:25,WashingtonDC7D,38.834,-77.005
1319,6D150545,Multiple_Gunshots,2016-04-02,02:00:19,WashingtonDC6D,38.908,-76.939
1320,7D183578,Multiple_Gunshots,2016-04-02,02:02:07,WashingtonDC7D,38.844,-76.976
1321,3D53668,Multiple_Gunshots,2016-04-02,02:29:41,WashingtonDC3D,38.927,-77.029
1322,7D183579,Single_Gunshot,2016-04-02,03:51:14,WashingtonDC7D,38.848,-77.004
1323,7D183581,Gunshot_or_Firecracker,2016-04-02,12:17:28,WashingtonDC7D,38.844,-76.987
1324,5D57375,Gunshot_or_Firecracker,2016-04-02,15:26:07,WashingtonDC5D,38.908,-77.015
1325,6D150575,Multiple_Gunshots,2016-04-02,15:58:40,WashingtonDC6D,38.881,-76.96
1326,6D150576,Multiple_Gunshots,2016-04-02,15:59:54,WashingtonDC6D,38.881,-76.961
1327,7D183594,Multiple_Gunshots,2016-04-02,19:23:58,WashingtonDC7D,38.832,-76.981
1328,6D150579,Single_Gunshot,2016-04-02,19:24:00,WashingtonDC6D,38.893,-76.926
1329,6D150580,Gunshot_or_Firecracker,2016-04-02,20:05:03,WashingtonDC6D,38.901,-76.947
1330,5D57380,Multiple_Gunshots,2016-04-02,22:28:04,WashingtonDC5D,38.905,-77.01
1331,7D183595,Multiple_Gunshots,2016-04-02,22:30:39,WashingtonDC7D,38.853,-76.979
1332,6D150581,Single_Gunshot,2016-04-02,22:48:12,WashingtonDC6D,38.892,-76.916
1333,7D183596,Multiple_Gunshots,2016-04-03,02:27:04,WashingtonDC7D,38.845,-77.006
1334,6D150582,Multiple_Gunshots,2016-04-03,03:27:20,WashingtonDC6D,38.903,-76.947
1335,7D183597,Gunshot_or_Firecracker,2016-04-03,14:08:55,WashingtonDC7D,38.842,-76.986
1336,7D183601,Gunshot_or_Firecracker,2016-04-03,17:00:15,WashingtonDC7D,38.857,-76.974
1337,7D183620,Single_Gunshot,2016-04-03,20:23:54,WashingtonDC7D,38.831,-76.996
1338,7D183624,Multiple_Gunshots,2016-04-03,22:03:45,WashingtonDC7D,38.85,-76.979
1339,1D75443,Gunshot_or_Firecracker,2016-04-03,22:24:40,WashingtonDC1D,38.874,-77.011
1340,6D150599,Single_Gunshot,2016-04-03,22:51:30,WashingtonDC6D,38.897,-76.937
1341,4D49271,Single_Gunshot,2016-04-03,22:53:34,WashingtonDC4D,38.953,-77.014
1342,6D150600,Multiple_Gunshots,2016-04-03,23:14:56,WashingtonDC6D,38.89,-76.924
1343,6D150601,Single_Gunshot,2016-04-04,01:23:57,WashingtonDC6D,38.883,-76.929
1344,6D150603,Single_Gunshot,2016-04-04,01:41:11,WashingtonDC6D,38.893,-76.91
1345,4D49272,Single_Gunshot,2016-04-04,02:04:15,WashingtonDC4D,38.951,-77.02
1346,7D183627,Multiple_Gunshots,2016-04-04,04:40:30,WashingtonDC7D,38.84,-76.965
1347,7D183630,Multiple_Gunshots,2016-04-04,14:09:57,WashingtonDC7D,38.847,-76.972
1348,6D150615,Multiple_Gunshots,2016-04-04,20:12:06,WashingtonDC6D,38.883,-76.939
1349,6D150616,Single_Gunshot,2016-04-04,20:19:19,WashingtonDC6D,38.88,-76.927
1350,7D183633,Multiple_Gunshots,2016-04-04,21:04:09,WashingtonDC7D,38.851,-76.981
1351,6D150621,Single_Gunshot,2016-04-05,00:06:34,WashingtonDC6D,38.884,-76.962
1352,6D150622,Single_Gunshot,2016-04-05,00:06:40,WashingtonDC6D,38.885,-76.961
1353,6D150623,Single_Gunshot,2016-04-05,00:06:46,WashingtonDC6D,38.885,-76.962
1354,7D183634,Single_Gunshot,2016-04-05,02:11:44,WashingtonDC7D,38.852,-76.978
1355,6D150631,Single_Gunshot,2016-04-05,04:38:06,WashingtonDC6D,38.884,-76.956
1356,1D75451,Single_Gunshot,2016-04-05,04:42:14,WashingtonDC1D,38.899,-76.98
1357,7D183635,Multiple_Gunshots,2016-04-05,06:16:06,WashingtonDC7D,38.846,-76.999
1358,6D150633,Single_Gunshot,2016-04-05,16:39:09,WashingtonDC6D,38.9,-76.939
1359,6D150635,Multiple_Gunshots,2016-04-05,20:46:36,WashingtonDC6D,38.906,-76.949
1360,6D150636,Multiple_Gunshots,2016-04-05,21:06:36,WashingtonDC6D,38.898,-76.921
1361,7D183640,Multiple_Gunshots,2016-04-05,21:36:36,WashingtonDC7D,38.85,-76.968
1362,7D183641,Multiple_Gunshots,2016-04-05,21:57:24,WashingtonDC7D,38.86,-76.989
1363,7D183642,Single_Gunshot,2016-04-05,21:58:44,WashingtonDC7D,38.855,-76.992
1364,7D183645,Multiple_Gunshots,2016-04-05,23:01:01,WashingtonDC7D,38.863,-76.982
1365,7D183646,Multiple_Gunshots,2016-04-05,23:01:08,WashingtonDC7D,38.862,-76.983
1366,6D150637,Multiple_Gunshots,2016-04-05,23:01:10,WashingtonDC6D,38.864,-76.983
1367,5D57409,Single_Gunshot,2016-04-06,01:29:38,WashingtonDC5D,38.925,-76.971
1368,7D183649,Single_Gunshot,2016-04-06,01:30:40,WashingtonDC7D,38.848,-76.97
1369,6D150644,Multiple_Gunshots,2016-04-06,01:33:14,WashingtonDC6D,38.905,-76.941
1370,6D150645,Single_Gunshot,2016-04-06,01:33:19,WashingtonDC6D,38.905,-76.94
1371,7D183650,Multiple_Gunshots,2016-04-06,02:16:39,WashingtonDC7D,38.865,-76.983
1372,6D150649,Multiple_Gunshots,2016-04-06,02:16:39,WashingtonDC6D,38.864,-76.983
1373,5D57410,Gunshot_or_Firecracker,2016-04-06,05:29:10,WashingtonDC5D,38.907,-76.992
1374,7D183658,Single_Gunshot,2016-04-06,21:06:15,WashingtonDC7D,38.828,-76.994
1375,6D150653,Multiple_Gunshots,2016-04-06,21:08:25,WashingtonDC6D,38.874,-76.932
1376,7D183661,Single_Gunshot,2016-04-06,23:26:19,WashingtonDC7D,38.853,-76.98
1377,6D150668,Single_Gunshot,2016-04-06,23:43:53,WashingtonDC6D,38.897,-76.917
1378,7D183662,Single_Gunshot,2016-04-07,02:19:06,WashingtonDC7D,38.821,-76.994
1379,1D75455,Multiple_Gunshots,2016-04-07,02:41:29,WashingtonDC1D,38.899,-76.982
1380,5D57423,Multiple_Gunshots,2016-04-07,02:41:30,WashingtonDC5D,38.898,-76.983
1381,7D183664,Single_Gunshot,2016-04-07,04:45:21,WashingtonDC7D,38.822,-77.005
1382,5D57425,Multiple_Gunshots,2016-04-07,14:42:26,WashingtonDC5D,38.925,-76.985
1383,5D57426,Multiple_Gunshots,2016-04-07,14:42:34,WashingtonDC5D,38.925,-76.986
1384,4D49280,Multiple_Gunshots,2016-04-07,16:32:49,WashingtonDC4D,38.95,-77.026
1385,1D75475,Single_Gunshot,2016-04-07,18:56:26,WashingtonDC1D,38.882,-76.981
1386,6D150676,Multiple_Gunshots,2016-04-07,21:09:22,WashingtonDC6D,38.889,-76.919
1387,6D150678,Multiple_Gunshots,2016-04-07,21:55:20,WashingtonDC6D,38.893,-76.931
1388,7D183682,Multiple_Gunshots,2016-04-07,23:05:44,WashingtonDC7D,38.849,-77.008
1389,5D57431,Multiple_Gunshots,2016-04-08,02:11:30,WashingtonDC5D,38.926,-76.983
1390,3D53701,Single_Gunshot,2016-04-08,02:32:41,WashingtonDC3D,38.931,-77.026
1391,6D150681,Multiple_Gunshots,2016-04-08,03:50:15,WashingtonDC6D,38.883,-76.929
1392,3D53703,Single_Gunshot,2016-04-08,06:30:37,WashingtonDC3D,38.926,-77.037
1393,7D183693,Single_Gunshot,2016-04-08,06:51:46,WashingtonDC7D,38.836,-76.994
1394,1D75476,Gunshot_or_Firecracker,2016-04-08,10:25:51,WashingtonDC1D,38.901,-76.984
1395,5D57449,Gunshot_or_Firecracker,2016-04-08,10:50:27,WashingtonDC5D,38.919,-76.978
1396,6D150686,Single_Gunshot,2016-04-08,20:12:33,WashingtonDC6D,38.889,-76.936
1397,7D183721,Multiple_Gunshots,2016-04-08,21:39:12,WashingtonDC7D,38.855,-76.97
1398,4D49282,Single_Gunshot,2016-04-08,23:16:10,WashingtonDC4D,38.954,-77.028
1399,6D150692,Single_Gunshot,2016-04-08,23:41:18,WashingtonDC6D,38.892,-76.945
1400,6D150698,Multiple_Gunshots,2016-04-09,00:44:28,WashingtonDC6D,38.877,-76.936
1401,5D57452,Multiple_Gunshots,2016-04-09,01:55:31,WashingtonDC5D,38.906,-76.978
1402,5D57454,Multiple_Gunshots,2016-04-09,01:58:06,WashingtonDC5D,38.905,-76.978
1403,7D183726,Multiple_Gunshots,2016-04-09,02:15:45,WashingtonDC7D,38.818,-76.995
1404,7D183727,Single_Gunshot,2016-04-09,02:32:11,WashingtonDC7D,38.827,-76.997
1405,5D57455,Multiple_Gunshots,2016-04-09,03:06:36,WashingtonDC5D,38.905,-76.978
1406,4D49284,Multiple_Gunshots,2016-04-09,04:09:21,WashingtonDC4D,38.957,-77.029
1407,4D49285,Multiple_Gunshots,2016-04-09,04:09:27,WashingtonDC4D,38.956,-77.018
1408,6D150709,Multiple_Gunshots,2016-04-09,13:10:26,WashingtonDC6D,38.901,-76.92
1409,6D150710,Single_Gunshot,2016-04-09,19:38:40,WashingtonDC6D,38.887,-76.93
1410,7D183730,Multiple_Gunshots,2016-04-09,22:57:40,WashingtonDC7D,38.853,-76.978
1411,7D183731,Multiple_Gunshots,2016-04-09,23:01:52,WashingtonDC7D,38.841,-76.991
1412,3D53705,Multiple_Gunshots,2016-04-09,23:30:15,WashingtonDC3D,38.932,-77.02
1413,6D150712,Single_Gunshot,2016-04-10,00:19:31,WashingtonDC6D,38.869,-76.966
1414,7D183737,Multiple_Gunshots,2016-04-10,01:45:21,WashingtonDC7D,38.852,-76.978
1415,7D183759,Single_Gunshot,2016-04-10,18:58:51,WashingtonDC7D,38.855,-76.971
1416,6D150730,Multiple_Gunshots,2016-04-10,22:10:31,WashingtonDC6D,38.866,-76.974
1417,7D183765,Single_Gunshot,2016-04-10,23:41:52,WashingtonDC7D,38.851,-76.976
1418,7D183766,Multiple_Gunshots,2016-04-11,01:45:12,WashingtonDC7D,38.854,-76.968
1419,7D183767,Single_Gunshot,2016-04-11,02:35:38,WashingtonDC7D,38.844,-76.988
1420,5D57461,Gunshot_or_Firecracker,2016-04-11,05:37:06,WashingtonDC5D,38.907,-76.992
1421,7D183769,Single_Gunshot,2016-04-11,05:59:35,WashingtonDC7D,38.829,-77.008
1422,4D49288,Gunshot_or_Firecracker,2016-04-11,11:39:51,WashingtonDC4D,38.954,-77.02
1423,6D150737,Single_Gunshot,2016-04-11,19:49:17,WashingtonDC6D,38.89,-76.931
1424,6D150743,Single_Gunshot,2016-04-11,21:02:48,WashingtonDC6D,38.877,-76.932
1425,3D53713,Multiple_Gunshots,2016-04-11,21:17:24,WashingtonDC3D,38.912,-77.013
1426,7D183790,Multiple_Gunshots,2016-04-11,23:32:22,WashingtonDC7D,38.835,-76.99
1427,7D183791,Multiple_Gunshots,2016-04-12,00:11:49,WashingtonDC7D,38.841,-76.989
1428,7D183793,Multiple_Gunshots,2016-04-12,01:05:03,WashingtonDC7D,38.852,-76.988
1429,6D150746,Multiple_Gunshots,2016-04-12,01:05:05,WashingtonDC6D,38.855,-76.987
1430,7D183794,Multiple_Gunshots,2016-04-12,01:05:17,WashingtonDC7D,38.851,-76.987
1431,7D183795,Multiple_Gunshots,2016-04-12,01:05:21,WashingtonDC7D,38.85,-76.986
1432,7D183796,Multiple_Gunshots,2016-04-12,01:58:40,WashingtonDC7D,38.846,-76.999
1433,7D183797,Single_Gunshot,2016-04-12,02:28:02,WashingtonDC7D,38.864,-76.986
1434,6D150747,Single_Gunshot,2016-04-12,02:55:16,WashingtonDC6D,38.885,-76.959
1435,6D150748,Multiple_Gunshots,2016-04-12,03:01:10,WashingtonDC6D,38.866,-76.977
1436,6D150749,Single_Gunshot,2016-04-12,03:40:38,WashingtonDC6D,38.885,-76.949
1437,6D150750,Single_Gunshot,2016-04-12,03:40:48,WashingtonDC6D,38.885,-76.949
1438,1D75481,Single_Gunshot,2016-04-12,03:47:10,WashingtonDC1D,38.877,-77.015
1439,4D49292,Multiple_Gunshots,2016-04-12,14:04:30,WashingtonDC4D,38.957,-77.022
1440,1D75486,Single_Gunshot,2016-04-12,18:02:00,WashingtonDC1D,38.896,-76.985
1441,6D150763,Multiple_Gunshots,2016-04-12,18:35:55,WashingtonDC6D,38.882,-76.939
1442,6D150765,Single_Gunshot,2016-04-12,19:19:26,WashingtonDC6D,38.887,-76.926
1443,7D183811,Multiple_Gunshots,2016-04-12,20:32:25,WashingtonDC7D,38.853,-76.979
1444,7D183813,Single_Gunshot,2016-04-12,22:10:07,WashingtonDC7D,38.856,-76.974
1445,7D183814,Multiple_Gunshots,2016-04-12,22:13:04,WashingtonDC7D,38.857,-76.974
1446,5D57466,Multiple_Gunshots,2016-04-12,23:03:28,WashingtonDC5D,38.923,-76.987
1447,7D183815,Multiple_Gunshots,2016-04-12,23:21:10,WashingtonDC7D,38.843,-76.994
1448,7D183816,Single_Gunshot,2016-04-12,23:41:25,WashingtonDC7D,38.864,-76.98
1449,5D57467,Multiple_Gunshots,2016-04-13,00:00:12,WashingtonDC5D,38.929,-76.99
1450,7D183818,Multiple_Gunshots,2016-04-13,00:08:42,WashingtonDC7D,38.844,-76.978
1451,5D57468,Multiple_Gunshots,2016-04-13,00:11:23,WashingtonDC5D,38.922,-76.986
1452,7D183824,Multiple_Gunshots,2016-04-13,00:24:30,WashingtonDC7D,38.852,-76.986
1453,7D183825,Single_Gunshot,2016-04-13,00:44:00,WashingtonDC7D,38.832,-77.009
1454,3D53719,Multiple_Gunshots,2016-04-13,00:50:10,WashingtonDC3D,38.931,-77.025
1455,7D183826,Single_Gunshot,2016-04-13,00:58:31,WashingtonDC7D,38.844,-76.994
1456,3D53720,Single_Gunshot,2016-04-13,01:42:46,WashingtonDC3D,38.918,-77.025
1457,1D75488,Single_Gunshot,2016-04-13,01:52:27,WashingtonDC1D,38.899,-76.979
1458,5D57470,Gunshot_or_Firecracker,2016-04-13,05:30:10,WashingtonDC5D,38.922,-76.968
1459,4D49293,Gunshot_or_Firecracker,2016-04-13,07:57:06,WashingtonDC4D,38.957,-77.021
1460,6D150796,Multiple_Gunshots,2016-04-13,16:18:52,WashingtonDC6D,38.888,-76.951
1461,6D150800,Gunshot_or_Firecracker,2016-04-13,19:03:32,WashingtonDC6D,38.883,-76.922
1462,6D150804,Multiple_Gunshots,2016-04-13,21:11:30,WashingtonDC6D,38.893,-76.941
1463,1D75500,Multiple_Gunshots,2016-04-13,21:11:38,WashingtonDC1D,38.894,-76.98
1464,7D183854,Single_Gunshot,2016-04-13,21:40:06,WashingtonDC7D,38.845,-76.994
1465,7D183856,Multiple_Gunshots,2016-04-13,22:44:23,WashingtonDC7D,38.853,-76.996
1466,6D150805,Multiple_Gunshots,2016-04-13,22:50:27,WashingtonDC6D,38.884,-76.929
1467,6D150806,Single_Gunshot,2016-04-13,22:53:01,WashingtonDC6D,38.882,-76.932
1468,6D150807,Single_Gunshot,2016-04-13,22:53:44,WashingtonDC6D,38.882,-76.932
1469,6D150815,Multiple_Gunshots,2016-04-13,23:22:54,WashingtonDC6D,38.893,-76.926
1470,6D150816,Single_Gunshot,2016-04-14,00:18:00,WashingtonDC6D,38.884,-76.929
1471,7D183858,Single_Gunshot,2016-04-14,00:18:20,WashingtonDC7D,38.839,-76.997
1472,6D150817,Multiple_Gunshots,2016-04-14,01:09:00,WashingtonDC6D,38.876,-76.949
1473,7D183860,Multiple_Gunshots,2016-04-14,02:19:00,WashingtonDC7D,38.849,-76.968
1474,7D183867,Multiple_Gunshots,2016-04-14,12:04:52,WashingtonDC7D,38.858,-76.987
1475,7D183874,Multiple_Gunshots,2016-04-14,17:17:28,WashingtonDC7D,38.827,-76.998
1476,7D183875,Multiple_Gunshots,2016-04-14,17:17:30,WashingtonDC7D,38.827,-76.998
1477,7D183876,Multiple_Gunshots,2016-04-14,17:17:37,WashingtonDC7D,38.829,-76.998
1478,7D183877,Multiple_Gunshots,2016-04-14,17:17:38,WashingtonDC7D,38.827,-76.999
1479,6D150828,Single_Gunshot,2016-04-14,17:52:00,WashingtonDC6D,38.901,-76.923
1480,1D75517,Single_Gunshot,2016-04-14,19:17:20,WashingtonDC1D,38.875,-77.008
1481,7D183881,Multiple_Gunshots,2016-04-14,19:59:12,WashingtonDC7D,38.844,-76.979
1482,6D150833,Single_Gunshot,2016-04-14,20:04:58,WashingtonDC6D,38.885,-76.925
1483,6D150834,Single_Gunshot,2016-04-14,20:09:45,WashingtonDC6D,38.884,-76.926
1484,7D183882,Single_Gunshot,2016-04-14,20:29:01,WashingtonDC7D,38.841,-76.993
1485,6D150835,Multiple_Gunshots,2016-04-14,20:57:02,WashingtonDC6D,38.89,-76.955
1486,6D150836,Multiple_Gunshots,2016-04-14,21:14:13,WashingtonDC6D,38.91,-76.939
1487,6D150837,Multiple_Gunshots,2016-04-14,21:51:14,WashingtonDC6D,38.885,-76.927
1488,6D150838,Multiple_Gunshots,2016-04-14,22:15:13,WashingtonDC6D,38.893,-76.916
1489,7D183883,Multiple_Gunshots,2016-04-14,22:36:03,WashingtonDC7D,38.862,-76.987
1490,6D150839,Multiple_Gunshots,2016-04-14,22:36:03,WashingtonDC6D,38.862,-76.987
1491,7D183884,Multiple_Gunshots,2016-04-14,22:50:00,WashingtonDC7D,38.855,-76.987
1492,7D183885,Multiple_Gunshots,2016-04-14,23:29:04,WashingtonDC7D,38.843,-76.997
1493,6D150840,Single_Gunshot,2016-04-14,23:46:20,WashingtonDC6D,38.897,-76.936
1494,6D150842,Multiple_Gunshots,2016-04-15,02:42:02,WashingtonDC6D,38.885,-76.928
1495,6D150843,Single_Gunshot,2016-04-15,02:42:10,WashingtonDC6D,38.885,-76.928
1496,7D183886,Single_Gunshot,2016-04-15,02:45:39,WashingtonDC7D,38.835,-76.999
1497,7D183887,Single_Gunshot,2016-04-15,02:45:47,WashingtonDC7D,38.834,-76.999
1498,7D183888,Single_Gunshot,2016-04-15,02:46:08,WashingtonDC7D,38.835,-76.999
1499,7D183889,Single_Gunshot,2016-04-15,02:46:33,WashingtonDC7D,38.834,-76.999
1500,7D183890,Single_Gunshot,2016-04-15,02:46:48,WashingtonDC7D,38.835,-76.999
1501,6D150850,Multiple_Gunshots,2016-04-15,07:17:03,WashingtonDC6D,38.892,-76.926
1502,7D183903,Gunshot_or_Firecracker,2016-04-15,10:38:55,WashingtonDC7D,38.841,-76.985
1503,6D150873,Single_Gunshot,2016-04-15,13:32:38,WashingtonDC6D,38.885,-76.955
1504,6D150877,Multiple_Gunshots,2016-04-15,15:59:09,WashingtonDC6D,38.886,-76.951
1505,5D57515,Multiple_Gunshots,2016-04-15,17:51:13,WashingtonDC5D,38.928,-76.978
1506,7D183924,Multiple_Gunshots,2016-04-15,18:03:20,WashingtonDC7D,38.86,-76.971
1507,7D183927,Multiple_Gunshots,2016-04-15,19:31:11,WashingtonDC7D,38.848,-76.975
1508,6D150886,Multiple_Gunshots,2016-04-15,20:46:49,WashingtonDC6D,38.893,-76.916
1509,6D150889,Multiple_Gunshots,2016-04-15,20:54:57,WashingtonDC6D,38.892,-76.912
1510,6D150890,Multiple_Gunshots,2016-04-15,20:55:00,WashingtonDC6D,38.892,-76.918
1511,6D150891,Multiple_Gunshots,2016-04-15,20:55:02,WashingtonDC6D,38.892,-76.912
1512,6D150893,Multiple_Gunshots,2016-04-15,21:39:54,WashingtonDC6D,38.886,-76.952
1513,6D150894,Multiple_Gunshots,2016-04-15,21:40:19,WashingtonDC6D,38.887,-76.952
1514,6D150896,Multiple_Gunshots,2016-04-15,22:10:45,WashingtonDC6D,38.87,-76.928
1515,7D183974,Multiple_Gunshots,2016-04-15,22:43:52,WashingtonDC7D,38.862,-76.986
1516,6D150897,Multiple_Gunshots,2016-04-15,22:43:54,WashingtonDC6D,38.861,-76.986
1517,7D183975,Multiple_Gunshots,2016-04-15,22:44:07,WashingtonDC7D,38.862,-76.985
1518,7D183976,Single_Gunshot,2016-04-15,23:49:23,WashingtonDC7D,38.862,-76.992
1519,5D57521,Multiple_Gunshots,2016-04-16,00:01:53,WashingtonDC5D,38.92,-76.98
1520,7D183977,Multiple_Gunshots,2016-04-16,00:12:32,WashingtonDC7D,38.853,-76.981
1521,7D183978,Multiple_Gunshots,2016-04-16,00:15:25,WashingtonDC7D,38.853,-76.981
1522,7D183979,Multiple_Gunshots,2016-04-16,00:15:39,WashingtonDC7D,38.853,-76.981
1523,6D150905,Multiple_Gunshots,2016-04-16,00:15:43,WashingtonDC6D,38.853,-76.981
1524,7D183980,Multiple_Gunshots,2016-04-16,00:17:40,WashingtonDC7D,38.859,-76.976
1525,7D183981,Single_Gunshot,2016-04-16,00:23:04,WashingtonDC7D,38.853,-76.989
1526,5D57522,Multiple_Gunshots,2016-04-16,00:25:44,WashingtonDC5D,38.929,-76.98
1527,7D183982,Single_Gunshot,2016-04-16,00:26:25,WashingtonDC7D,38.854,-76.989
1528,7D183983,Multiple_Gunshots,2016-04-16,00:47:36,WashingtonDC7D,38.852,-76.978
1529,7D183984,Multiple_Gunshots,2016-04-16,02:10:03,WashingtonDC7D,38.83,-77.002
1530,6D150906,Multiple_Gunshots,2016-04-16,02:11:12,WashingtonDC6D,38.866,-76.939
1531,7D183985,Single_Gunshot,2016-04-16,02:18:40,WashingtonDC7D,38.837,-77.003
1532,7D183986,Single_Gunshot,2016-04-16,02:18:51,WashingtonDC7D,38.837,-77.004
1533,6D150907,Single_Gunshot,2016-04-16,03:37:04,WashingtonDC6D,38.881,-76.935
1534,7D183988,Multiple_Gunshots,2016-04-16,04:01:26,WashingtonDC7D,38.85,-76.975
1535,6D150908,Single_Gunshot,2016-04-16,04:30:00,WashingtonDC6D,38.893,-76.944
1536,4D49311,Gunshot_or_Firecracker,2016-04-16,08:01:09,WashingtonDC4D,38.956,-77.021
1537,6D150920,Multiple_Gunshots,2016-04-16,09:38:15,WashingtonDC6D,38.882,-76.936
1538,6D150921,Multiple_Gunshots,2016-04-16,09:38:26,WashingtonDC6D,38.882,-76.935
1539,7D184001,Multiple_Gunshots,2016-04-16,11:54:21,WashingtonDC7D,38.853,-76.979
1540,7D184002,Gunshot_or_Firecracker,2016-04-16,11:54:30,WashingtonDC7D,38.853,-76.979
1541,6D150933,Single_Gunshot,2016-04-16,17:03:15,WashingtonDC6D,38.885,-76.955
1542,6D150935,Single_Gunshot,2016-04-16,18:16:27,WashingtonDC6D,38.895,-76.93
1543,4D49323,Multiple_Gunshots,2016-04-16,18:55:37,WashingtonDC4D,38.943,-77.025
1544,6D150940,Gunshot_or_Firecracker,2016-04-16,19:53:44,WashingtonDC6D,38.901,-76.947
1545,3D53731,Multiple_Gunshots,2016-04-16,20:54:43,WashingtonDC3D,38.897,-77.029
1546,7D184023,Multiple_Gunshots,2016-04-16,21:07:17,WashingtonDC7D,38.834,-77.005
1547,7D184026,Gunshot_or_Firecracker,2016-04-16,22:12:02,WashingtonDC7D,38.825,-77.01
1548,6D150945,Multiple_Gunshots,2016-04-16,22:29:34,WashingtonDC6D,38.889,-76.922
1549,6D150946,Multiple_Gunshots,2016-04-16,22:30:01,WashingtonDC6D,38.889,-76.922
1550,6D150948,Multiple_Gunshots,2016-04-17,00:47:35,WashingtonDC6D,38.864,-76.991
1551,6D150951,Single_Gunshot,2016-04-17,00:57:10,WashingtonDC6D,38.885,-76.956
1552,7D184033,Multiple_Gunshots,2016-04-17,01:07:27,WashingtonDC7D,38.849,-76.978
1553,7D184034,Single_Gunshot,2016-04-17,01:50:38,WashingtonDC7D,38.863,-76.983
1554,7D184035,Single_Gunshot,2016-04-17,02:05:58,WashingtonDC7D,38.846,-76.972
1555,7D184036,Multiple_Gunshots,2016-04-17,02:16:05,WashingtonDC7D,38.843,-76.967
1556,7D184042,Single_Gunshot,2016-04-17,02:31:40,WashingtonDC7D,38.834,-76.996
1557,7D184043,Single_Gunshot,2016-04-17,02:31:48,WashingtonDC7D,38.834,-76.995
1558,7D184044,Multiple_Gunshots,2016-04-17,02:56:28,WashingtonDC7D,38.833,-76.997
1559,7D184045,Multiple_Gunshots,2016-04-17,02:57:15,WashingtonDC7D,38.842,-76.967
1560,1D75550,Single_Gunshot,2016-04-17,03:12:37,WashingtonDC1D,38.899,-76.979
1561,7D184048,Single_Gunshot,2016-04-17,03:54:24,WashingtonDC7D,38.84,-76.998
1562,7D184050,Multiple_Gunshots,2016-04-17,04:18:21,WashingtonDC7D,38.852,-76.978
1563,7D184051,Single_Gunshot,2016-04-17,04:56:20,WashingtonDC7D,38.844,-76.977
1564,5D57534,Multiple_Gunshots,2016-04-17,05:39:56,WashingtonDC5D,38.934,-76.958
1565,6D150958,Multiple_Gunshots,2016-04-17,12:55:47,WashingtonDC6D,38.896,-76.919
1566,6D150969,Multiple_Gunshots,2016-04-17,18:20:05,WashingtonDC6D,38.893,-76.916
1567,6D150972,Multiple_Gunshots,2016-04-17,21:34:26,WashingtonDC6D,38.865,-76.977
1568,6D150973,Multiple_Gunshots,2016-04-17,21:34:50,WashingtonDC6D,38.865,-76.976
1569,7D184081,Multiple_Gunshots,2016-04-17,21:34:51,WashingtonDC7D,38.865,-76.977
1570,6D150974,Single_Gunshot,2016-04-17,21:54:05,WashingtonDC6D,38.884,-76.926
1571,7D184082,Gunshot_or_Firecracker,2016-04-17,21:55:01,WashingtonDC7D,38.863,-76.981
1572,5D57548,Multiple_Gunshots,2016-04-17,23:22:05,WashingtonDC5D,38.906,-77.008
1573,7D184083,Single_Gunshot,2016-04-17,23:49:49,WashingtonDC7D,38.864,-76.982
1574,6D150976,Single_Gunshot,2016-04-17,23:49:49,WashingtonDC6D,38.864,-76.981
1575,6D150977,Multiple_Gunshots,2016-04-18,00:02:39,WashingtonDC6D,38.873,-76.974
1576,1D75578,Multiple_Gunshots,2016-04-18,00:02:44,WashingtonDC1D,38.883,-76.977
1577,6D150978,Multiple_Gunshots,2016-04-18,00:02:46,WashingtonDC6D,38.882,-76.964
1578,5D57549,Multiple_Gunshots,2016-04-18,00:07:31,WashingtonDC5D,38.924,-77.008
1579,7D184084,Multiple_Gunshots,2016-04-18,00:29:13,WashingtonDC7D,38.854,-76.987
1580,6D150979,Multiple_Gunshots,2016-04-18,00:29:13,WashingtonDC6D,38.854,-76.987
1581,6D150980,Multiple_Gunshots,2016-04-18,00:39:36,WashingtonDC6D,38.912,-76.932
1582,7D184085,Single_Gunshot,2016-04-18,02:05:48,WashingtonDC7D,38.838,-76.992
1583,6D150987,Multiple_Gunshots,2016-04-18,16:29:07,WashingtonDC6D,38.904,-76.951
1584,7D184099,Multiple_Gunshots,2016-04-18,17:07:35,WashingtonDC7D,38.855,-76.97
1585,6D150990,Single_Gunshot,2016-04-18,17:44:19,WashingtonDC6D,38.895,-76.948
1586,7D184102,Single_Gunshot,2016-04-18,20:18:29,WashingtonDC7D,38.858,-76.995
1587,5D57561,Single_Gunshot,2016-04-18,20:51:05,WashingtonDC5D,38.906,-76.978
1588,5D57563,Multiple_Gunshots,2016-04-18,21:09:45,WashingtonDC5D,38.902,-76.975
1589,1D75604,Multiple_Gunshots,2016-04-18,21:09:46,WashingtonDC1D,38.902,-76.976
1590,6D150994,Single_Gunshot,2016-04-18,21:18:13,WashingtonDC6D,38.886,-76.922
1591,7D184103,Gunshot_or_Firecracker,2016-04-18,21:55:56,WashingtonDC7D,38.847,-76.98
1592,7D184104,Multiple_Gunshots,2016-04-18,22:01:03,WashingtonDC7D,38.83,-77.003
1593,7D184105,Multiple_Gunshots,2016-04-18,22:01:04,WashingtonDC7D,38.836,-77.002
1594,6D150997,Gunshot_or_Firecracker,2016-04-18,22:21:55,WashingtonDC6D,38.867,-76.941
1595,5D57564,Single_Gunshot,2016-04-18,22:28:07,WashingtonDC5D,38.932,-76.959
1596,7D184106,Gunshot_or_Firecracker,2016-04-18,23:13:52,WashingtonDC7D,38.831,-77.008
1597,5D57565,Multiple_Gunshots,2016-04-18,23:29:17,WashingtonDC5D,38.929,-76.979
1598,6D150999,Single_Gunshot,2016-04-19,00:05:53,WashingtonDC6D,38.886,-76.922
1599,5D57567,Multiple_Gunshots,2016-04-19,00:35:01,WashingtonDC5D,38.9,-76.977
1600,1D75605,Multiple_Gunshots,2016-04-19,00:35:01,WashingtonDC1D,38.894,-76.977
1601,1D75606,Multiple_Gunshots,2016-04-19,00:35:03,WashingtonDC1D,38.898,-76.978
1602,7D184107,Multiple_Gunshots,2016-04-19,00:36:36,WashingtonDC7D,38.847,-76.963
1603,7D184109,Multiple_Gunshots,2016-04-19,00:57:08,WashingtonDC7D,38.856,-76.975
1604,7D184110,Single_Gunshot,2016-04-19,01:01:40,WashingtonDC7D,38.827,-77.001
1605,7D184111,Single_Gunshot,2016-04-19,01:01:50,WashingtonDC7D,38.827,-77.001
1606,7D184112,Single_Gunshot,2016-04-19,01:24:37,WashingtonDC7D,38.839,-76.992
1607,4D49340,Gunshot_or_Firecracker,2016-04-19,01:26:24,WashingtonDC4D,38.934,-77.031
1608,6D151002,Gunshot_or_Firecracker,2016-04-19,02:10:10,WashingtonDC6D,38.887,-76.95
1609,7D184117,Single_Gunshot,2016-04-19,07:26:51,WashingtonDC7D,38.85,-76.975
1610,7D184126,Gunshot_or_Firecracker,2016-04-19,12:47:01,WashingtonDC7D,38.846,-76.974
1611,7D184129,Gunshot_or_Firecracker,2016-04-19,15:11:23,WashingtonDC7D,38.844,-76.979
1612,4D49343,Multiple_Gunshots,2016-04-19,16:21:52,WashingtonDC4D,38.955,-77.027
1613,7D184136,Multiple_Gunshots,2016-04-19,18:51:51,WashingtonDC7D,38.85,-76.981
1614,7D184137,Multiple_Gunshots,2016-04-19,19:35:20,WashingtonDC7D,38.844,-76.979
1615,6D151021,Single_Gunshot,2016-04-19,20:48:52,WashingtonDC6D,38.904,-76.916
1616,6D151023,Multiple_Gunshots,2016-04-19,23:16:26,WashingtonDC6D,38.875,-76.964
1617,6D151024,Gunshot_or_Firecracker,2016-04-19,23:17:25,WashingtonDC6D,38.875,-76.964
1618,6D151025,Multiple_Gunshots,2016-04-19,23:19:04,WashingtonDC6D,38.875,-76.964
1619,1D75628,Single_Gunshot,2016-04-20,00:04:04,WashingtonDC1D,38.873,-77.013
1620,7D184147,Multiple_Gunshots,2016-04-20,00:20:55,WashingtonDC7D,38.857,-76.99
1621,7D184148,Single_Gunshot,2016-04-20,00:43:09,WashingtonDC7D,38.842,-77.01
1622,5D57573,Multiple_Gunshots,2016-04-20,00:54:40,WashingtonDC5D,38.901,-76.973
1623,1D75629,Multiple_Gunshots,2016-04-20,00:54:40,WashingtonDC1D,38.9,-76.973
1624,4D49351,Multiple_Gunshots,2016-04-20,09:35:58,WashingtonDC4D,38.944,-77.026
1625,7D184157,Gunshot_or_Firecracker,2016-04-20,13:43:25,WashingtonDC7D,38.845,-76.977
1626,7D184159,Gunshot_or_Firecracker,2016-04-20,14:48:55,WashingtonDC7D,38.845,-76.978
1627,7D184160,Multiple_Gunshots,2016-04-20,15:05:29,WashingtonDC7D,38.844,-76.979
1628,7D184163,Multiple_Gunshots,2016-04-20,16:42:27,WashingtonDC7D,38.845,-76.977
1629,7D184164,Multiple_Gunshots,2016-04-20,17:33:42,WashingtonDC7D,38.847,-76.979
1630,7D184169,Single_Gunshot,2016-04-20,20:26:10,WashingtonDC7D,38.836,-76.988
1631,6D151043,Single_Gunshot,2016-04-20,23:55:06,WashingtonDC6D,38.895,-76.911
1632,6D151044,Single_Gunshot,2016-04-21,00:20:02,WashingtonDC6D,38.899,-76.948
1633,7D184170,Single_Gunshot,2016-04-21,00:27:27,WashingtonDC7D,38.83,-76.996
1634,6D151045,Multiple_Gunshots,2016-04-21,01:19:16,WashingtonDC6D,38.869,-76.981
1635,3D53754,Multiple_Gunshots,2016-04-21,02:35:41,WashingtonDC3D,38.93,-77.028
1636,6D151046,Multiple_Gunshots,2016-04-21,03:26:23,WashingtonDC6D,38.887,-76.93
1637,5D57583,Single_Gunshot,2016-04-21,03:46:07,WashingtonDC5D,38.92,-76.997
1638,4D49357,Single_Gunshot,2016-04-21,03:56:28,WashingtonDC4D,38.951,-77.016
1639,6D151047,Multiple_Gunshots,2016-04-21,04:41:14,WashingtonDC6D,38.884,-76.942
1640,6D151048,Multiple_Gunshots,2016-04-21,05:46:35,WashingtonDC6D,38.867,-76.939
1641,7D184172,Single_Gunshot,2016-04-21,09:39:58,WashingtonDC7D,38.85,-76.973
1642,6D151050,Multiple_Gunshots,2016-04-21,10:24:22,WashingtonDC6D,38.888,-76.92
1643,7D184178,Multiple_Gunshots,2016-04-21,14:48:45,WashingtonDC7D,38.844,-76.979
1644,1D75639,Single_Gunshot,2016-04-21,16:44:40,WashingtonDC1D,38.871,-77.013
1645,6D151059,Multiple_Gunshots,2016-04-21,17:57:35,WashingtonDC6D,38.885,-76.926
1646,7D184192,Multiple_Gunshots,2016-04-21,19:12:35,WashingtonDC7D,38.842,-77.001
1647,7D184193,Multiple_Gunshots,2016-04-21,19:12:53,WashingtonDC7D,38.842,-77.001
1648,7D184195,Gunshot_or_Firecracker,2016-04-21,19:59:38,WashingtonDC7D,38.839,-76.98
1649,1D75640,Single_Gunshot,2016-04-21,20:08:31,WashingtonDC1D,38.902,-76.973
1650,6D151063,Multiple_Gunshots,2016-04-21,20:09:03,WashingtonDC6D,38.869,-76.97
1651,7D184199,Single_Gunshot,2016-04-21,22:31:15,WashingtonDC7D,38.828,-77.002
1652,6D151066,Single_Gunshot,2016-04-21,22:35:35,WashingtonDC6D,38.876,-76.929
1653,6D151067,Single_Gunshot,2016-04-21,22:44:29,WashingtonDC6D,38.885,-76.928
1654,6D151070,Single_Gunshot,2016-04-21,23:25:33,WashingtonDC6D,38.898,-76.932
1655,7D184200,Multiple_Gunshots,2016-04-21,23:32:58,WashingtonDC7D,38.849,-76.978
1656,7D184207,Single_Gunshot,2016-04-22,00:47:07,WashingtonDC7D,38.858,-76.997
1657,7D184208,Multiple_Gunshots,2016-04-22,01:43:20,WashingtonDC7D,38.844,-76.979
1658,7D184213,Gunshot_or_Firecracker,2016-04-22,10:26:40,WashingtonDC7D,38.834,-76.981
1659,7D184217,Multiple_Gunshots,2016-04-22,12:47:16,WashingtonDC7D,38.847,-76.979
1660,6D151076,Multiple_Gunshots,2016-04-22,13:21:38,WashingtonDC6D,38.893,-76.92
1661,7D184219,Gunshot_or_Firecracker,2016-04-22,17:18:04,WashingtonDC7D,38.836,-76.982
1662,6D151079,Multiple_Gunshots,2016-04-22,17:19:49,WashingtonDC6D,38.894,-76.929
1663,7D184222,Multiple_Gunshots,2016-04-22,18:50:36,WashingtonDC7D,38.844,-76.98
1664,6D151080,Multiple_Gunshots,2016-04-22,20:57:06,WashingtonDC6D,38.887,-76.923
1665,7D184226,Multiple_Gunshots,2016-04-22,21:23:28,WashingtonDC7D,38.832,-77.0
1666,7D184227,Single_Gunshot,2016-04-22,21:43:28,WashingtonDC7D,38.848,-76.966
1667,6D151081,Single_Gunshot,2016-04-22,22:13:34,WashingtonDC6D,38.886,-76.925
1668,7D184228,Single_Gunshot,2016-04-22,23:09:18,WashingtonDC7D,38.827,-77.01
1669,7D184229,Gunshot_or_Firecracker,2016-04-22,23:20:36,WashingtonDC7D,38.86,-76.998
1670,7D184230,Multiple_Gunshots,2016-04-22,23:36:12,WashingtonDC7D,38.831,-76.984
1671,6D151082,Single_Gunshot,2016-04-22,23:38:32,WashingtonDC6D,38.91,-76.939
1672,6D151084,Multiple_Gunshots,2016-04-23,00:11:40,WashingtonDC6D,38.88,-76.928
1673,7D184231,Multiple_Gunshots,2016-04-23,00:18:32,WashingtonDC7D,38.846,-76.997
1674,6D151086,Single_Gunshot,2016-04-23,01:00:58,WashingtonDC6D,38.911,-76.939
1675,5D57595,Multiple_Gunshots,2016-04-23,01:14:38,WashingtonDC5D,38.927,-76.966
1676,7D184232,Single_Gunshot,2016-04-23,01:25:18,WashingtonDC7D,38.854,-76.969
1677,5D57596,Single_Gunshot,2016-04-23,01:58:59,WashingtonDC5D,38.928,-76.967
1678,7D184233,Multiple_Gunshots,2016-04-23,02:43:30,WashingtonDC7D,38.859,-76.999
1679,6D151087,Multiple_Gunshots,2016-04-23,02:43:30,WashingtonDC6D,38.859,-77.0
1680,6D151088,Multiple_Gunshots,2016-04-23,03:16:34,WashingtonDC6D,38.882,-76.935
1681,5D57599,Multiple_Gunshots,2016-04-23,03:53:23,WashingtonDC5D,38.91,-77.002
1682,5D57600,Multiple_Gunshots,2016-04-23,03:53:57,WashingtonDC5D,38.911,-76.999
1683,3D53770,Multiple_Gunshots,2016-04-23,04:09:33,WashingtonDC3D,38.924,-77.034
1684,3D53771,Multiple_Gunshots,2016-04-23,04:36:11,WashingtonDC3D,38.925,-77.034
1685,1D75654,Multiple_Gunshots,2016-04-23,12:14:17,WashingtonDC1D,38.9,-76.983
1686,1D75655,Multiple_Gunshots,2016-04-23,12:14:25,WashingtonDC1D,38.899,-76.983
1687,6D151099,Multiple_Gunshots,2016-04-23,17:28:24,WashingtonDC6D,38.886,-76.927
1688,7D184246,Single_Gunshot,2016-04-23,18:30:46,WashingtonDC7D,38.834,-76.991
1689,5D57602,Multiple_Gunshots,2016-04-23,21:32:56,WashingtonDC5D,38.912,-76.985
1690,5D57603,Multiple_Gunshots,2016-04-23,21:39:24,WashingtonDC5D,38.92,-76.981
1691,7D184254,Multiple_Gunshots,2016-04-23,22:32:18,WashingtonDC7D,38.83,-76.994
1692,6D151111,Multiple_Gunshots,2016-04-23,22:38:04,WashingtonDC6D,38.903,-76.93
1693,4D49370,Single_Gunshot,2016-04-23,23:07:07,WashingtonDC4D,38.955,-77.015
1694,3D53773,Multiple_Gunshots,2016-04-23,23:11:34,WashingtonDC3D,38.919,-77.018
1695,1D75658,Multiple_Gunshots,2016-04-23,23:33:05,WashingtonDC1D,38.897,-76.979
1696,7D184256,Multiple_Gunshots,2016-04-23,23:49:45,WashingtonDC7D,38.844,-76.976
1697,5D57606,Single_Gunshot,2016-04-23,23:59:54,WashingtonDC5D,38.935,-76.974
1698,5D57607,Single_Gunshot,2016-04-24,00:35:48,WashingtonDC5D,38.917,-77.003
1699,7D184257,Single_Gunshot,2016-04-24,00:44:44,WashingtonDC7D,38.828,-76.997
1700,7D184258,Multiple_Gunshots,2016-04-24,00:45:00,WashingtonDC7D,38.828,-76.997
1701,7D184259,Multiple_Gunshots,2016-04-24,00:45:57,WashingtonDC7D,38.831,-76.993
1702,7D184261,Multiple_Gunshots,2016-04-24,01:26:47,WashingtonDC7D,38.852,-76.964
1703,5D57608,Multiple_Gunshots,2016-04-24,02:07:22,WashingtonDC5D,38.921,-76.969
1704,7D184262,Single_Gunshot,2016-04-24,02:25:04,WashingtonDC7D,38.827,-76.997
1705,7D184263,Multiple_Gunshots,2016-04-24,02:30:15,WashingtonDC7D,38.834,-76.993
1706,7D184264,Single_Gunshot,2016-04-24,02:30:22,WashingtonDC7D,38.834,-76.993
1707,7D184265,Single_Gunshot,2016-04-24,02:30:23,WashingtonDC7D,38.834,-76.993
1708,7D184267,Single_Gunshot,2016-04-24,02:30:25,WashingtonDC7D,38.834,-76.993
1709,7D184266,Single_Gunshot,2016-04-24,02:30:25,WashingtonDC7D,38.834,-76.993
1710,4D49371,Single_Gunshot,2016-04-24,03:00:03,WashingtonDC4D,38.954,-77.028
1711,6D151114,Multiple_Gunshots,2016-04-24,03:03:47,WashingtonDC6D,38.912,-76.935
1712,7D184271,Single_Gunshot,2016-04-24,05:23:09,WashingtonDC7D,38.847,-76.982
1713,7D184272,Multiple_Gunshots,2016-04-24,05:23:13,WashingtonDC7D,38.847,-76.982
1714,5D57609,Multiple_Gunshots,2016-04-24,13:16:49,WashingtonDC5D,38.904,-77.011
1715,6D151120,Multiple_Gunshots,2016-04-24,19:59:08,WashingtonDC6D,38.856,-76.99
1716,7D184286,Multiple_Gunshots,2016-04-24,19:59:12,WashingtonDC7D,38.856,-76.99
1717,6D151121,Gunshot_or_Firecracker,2016-04-24,20:14:24,WashingtonDC6D,38.9,-76.921
1718,6D151126,Multiple_Gunshots,2016-04-24,22:11:53,WashingtonDC6D,38.877,-76.933
1719,7D184288,Single_Gunshot,2016-04-24,22:40:56,WashingtonDC7D,38.83,-76.997
1720,7D184289,Single_Gunshot,2016-04-24,22:42:15,WashingtonDC7D,38.821,-76.994
1721,7D184290,Single_Gunshot,2016-04-24,22:42:53,WashingtonDC7D,38.821,-76.994
1722,6D151127,Gunshot_or_Firecracker,2016-04-24,22:45:34,WashingtonDC6D,38.863,-76.938
1723,4D49373,Single_Gunshot,2016-04-24,22:53:54,WashingtonDC4D,38.952,-77.028
1724,6D151128,Multiple_Gunshots,2016-04-24,23:54:36,WashingtonDC6D,38.888,-76.931
1725,7D184297,Multiple_Gunshots,2016-04-25,01:34:33,WashingtonDC7D,38.848,-77.001
1726,6D151130,Gunshot_or_Firecracker,2016-04-25,05:03:44,WashingtonDC6D,38.902,-76.954
1727,7D184315,Single_Gunshot,2016-04-25,17:57:25,WashingtonDC7D,38.828,-77.006
1728,6D151150,Multiple_Gunshots,2016-04-25,18:27:53,WashingtonDC6D,38.894,-76.931
1729,1D75677,Multiple_Gunshots,2016-04-25,19:02:43,WashingtonDC1D,38.877,-77.015
1730,1D75678,Multiple_Gunshots,2016-04-25,19:02:48,WashingtonDC1D,38.877,-77.019
1731,1D75679,Multiple_Gunshots,2016-04-25,19:02:49,WashingtonDC1D,38.878,-77.013
1732,6D151153,Single_Gunshot,2016-04-25,20:19:07,WashingtonDC6D,38.886,-76.952
1733,7D184340,Single_Gunshot,2016-04-25,20:48:16,WashingtonDC7D,38.835,-76.988
1734,7D184343,Multiple_Gunshots,2016-04-25,21:28:03,WashingtonDC7D,38.853,-76.99
1735,6D151154,Multiple_Gunshots,2016-04-25,21:28:03,WashingtonDC6D,38.853,-76.99
1736,7D184349,Multiple_Gunshots,2016-04-25,23:28:08,WashingtonDC7D,38.846,-76.977
1737,6D151155,Multiple_Gunshots,2016-04-25,23:28:31,WashingtonDC6D,38.877,-76.929
1738,6D151156,Single_Gunshot,2016-04-25,23:59:16,WashingtonDC6D,38.867,-76.941
1739,5D57620,Single_Gunshot,2016-04-26,00:49:49,WashingtonDC5D,38.917,-77.003
1740,5D57621,Multiple_Gunshots,2016-04-26,00:50:00,WashingtonDC5D,38.917,-77.003
1741,3D53777,Multiple_Gunshots,2016-04-26,00:50:00,WashingtonDC3D,38.917,-77.002
1742,6D151157,Single_Gunshot,2016-04-26,03:30:00,WashingtonDC6D,38.901,-76.933
1743,3D53783,Single_Gunshot,2016-04-26,03:56:33,WashingtonDC3D,38.92,-77.02
1744,7D184351,Multiple_Gunshots,2016-04-26,08:52:27,WashingtonDC7D,38.828,-77.002
1745,7D184354,Single_Gunshot,2016-04-26,16:53:46,WashingtonDC7D,38.842,-76.989
1746,6D151166,Multiple_Gunshots,2016-04-26,22:27:05,WashingtonDC6D,38.892,-76.948
1747,6D151167,Multiple_Gunshots,2016-04-26,22:32:21,WashingtonDC6D,38.883,-76.939
1748,6D151168,Multiple_Gunshots,2016-04-26,22:49:57,WashingtonDC6D,38.867,-76.97
1749,7D184359,Single_Gunshot,2016-04-26,23:11:13,WashingtonDC7D,38.841,-76.998
1750,7D184361,Multiple_Gunshots,2016-04-26,23:27:18,WashingtonDC7D,38.832,-76.987
1751,4D49384,Single_Gunshot,2016-04-26,23:47:58,WashingtonDC4D,38.95,-77.025
1752,7D184363,Multiple_Gunshots,2016-04-27,01:47:10,WashingtonDC7D,38.858,-76.997
1753,6D151170,Multiple_Gunshots,2016-04-27,01:47:10,WashingtonDC6D,38.858,-76.997
1754,6D151171,Single_Gunshot,2016-04-27,02:32:06,WashingtonDC6D,38.886,-76.951
1755,6D151172,Single_Gunshot,2016-04-27,03:04:56,WashingtonDC6D,38.899,-76.918
1756,6D151173,Multiple_Gunshots,2016-04-27,03:15:48,WashingtonDC6D,38.897,-76.917
1757,6D151174,Single_Gunshot,2016-04-27,03:22:12,WashingtonDC6D,38.894,-76.929
1758,1D75689,Multiple_Gunshots,2016-04-27,03:36:25,WashingtonDC1D,38.903,-76.979
1759,7D184372,Multiple_Gunshots,2016-04-27,14:30:47,WashingtonDC7D,38.872,-76.992
1760,7D184379,Gunshot_or_Firecracker,2016-04-27,18:59:28,WashingtonDC7D,38.826,-77.0
1761,7D184381,Multiple_Gunshots,2016-04-27,21:42:40,WashingtonDC7D,38.837,-76.967
1762,3D53794,Multiple_Gunshots,2016-04-27,22:36:17,WashingtonDC3D,38.93,-77.021
1763,5D57638,Multiple_Gunshots,2016-04-27,23:36:35,WashingtonDC5D,38.917,-77.002
1764,5D57639,Multiple_Gunshots,2016-04-28,00:13:49,WashingtonDC5D,38.921,-76.98
1765,6D151195,Multiple_Gunshots,2016-04-28,00:42:19,WashingtonDC6D,38.886,-76.952
1766,6D151196,Single_Gunshot,2016-04-28,03:21:10,WashingtonDC6D,38.903,-76.928
1767,7D184382,Single_Gunshot,2016-04-28,05:38:50,WashingtonDC7D,38.842,-76.982
1768,7D184383,Multiple_Gunshots,2016-04-28,17:31:37,WashingtonDC7D,38.832,-77.006
1769,6D151205,Multiple_Gunshots,2016-04-28,23:09:14,WashingtonDC6D,38.881,-76.932
1770,6D151206,Multiple_Gunshots,2016-04-28,23:25:29,WashingtonDC6D,38.884,-76.929
1771,7D184384,Multiple_Gunshots,2016-04-28,23:54:13,WashingtonDC7D,38.853,-76.97
1772,6D151207,Single_Gunshot,2016-04-28,23:58:41,WashingtonDC6D,38.878,-76.934
1773,7D184385,Multiple_Gunshots,2016-04-29,00:03:31,WashingtonDC7D,38.829,-76.993
1774,6D151208,Single_Gunshot,2016-04-29,02:11:35,WashingtonDC6D,38.88,-76.929
1775,6D151209,Single_Gunshot,2016-04-29,02:12:01,WashingtonDC6D,38.88,-76.929
1776,6D151210,Single_Gunshot,2016-04-29,02:35:59,WashingtonDC6D,38.883,-76.929
1777,1D75701,Multiple_Gunshots,2016-04-29,02:47:40,WashingtonDC1D,38.899,-76.979
1778,3D53797,Multiple_Gunshots,2016-04-29,04:16:33,WashingtonDC3D,38.928,-77.024
1779,3D53798,Multiple_Gunshots,2016-04-29,04:16:41,WashingtonDC3D,38.928,-77.031
1780,3D53799,Single_Gunshot,2016-04-29,04:16:48,WashingtonDC3D,38.928,-77.024
1781,6D151220,Multiple_Gunshots,2016-04-29,14:38:15,WashingtonDC6D,38.886,-76.954
1782,6D151227,Multiple_Gunshots,2016-04-29,16:06:22,WashingtonDC6D,38.886,-76.951
1783,5D57644,Multiple_Gunshots,2016-04-29,19:01:40,WashingtonDC5D,38.922,-76.975
1784,4D49408,Multiple_Gunshots,2016-04-29,21:33:06,WashingtonDC4D,38.934,-77.004
1785,6D151242,Single_Gunshot,2016-04-29,23:27:37,WashingtonDC6D,38.869,-76.98
1786,7D184431,Single_Gunshot,2016-04-29,23:50:52,WashingtonDC7D,38.834,-76.984
1787,6D151243,Single_Gunshot,2016-04-30,01:14:49,WashingtonDC6D,38.898,-76.929
1788,6D151244,Single_Gunshot,2016-04-30,01:45:22,WashingtonDC6D,38.881,-76.939
1789,6D151245,Multiple_Gunshots,2016-04-30,02:15:07,WashingtonDC6D,38.881,-76.94
1790,7D184434,Multiple_Gunshots,2016-04-30,02:22:40,WashingtonDC7D,38.834,-76.986
1791,5D57689,Multiple_Gunshots,2016-04-30,02:32:32,WashingtonDC5D,38.923,-77.002
1792,5D57690,Multiple_Gunshots,2016-04-30,02:32:42,WashingtonDC5D,38.922,-77.002
1793,6D151246,Multiple_Gunshots,2016-04-30,02:43:00,WashingtonDC6D,38.894,-76.924
1794,6D151247,Multiple_Gunshots,2016-04-30,03:33:32,WashingtonDC6D,38.901,-76.937
1795,6D151248,Multiple_Gunshots,2016-04-30,04:24:13,WashingtonDC6D,38.892,-76.912
1796,7D184436,Multiple_Gunshots,2016-04-30,05:42:18,WashingtonDC7D,38.853,-76.965
1797,7D184467,Gunshot_or_Firecracker,2016-04-30,16:29:12,WashingtonDC7D,38.832,-76.994
1798,7D184476,Single_Gunshot,2016-04-30,18:51:08,WashingtonDC7D,38.822,-77.0
1799,6D151257,Multiple_Gunshots,2016-04-30,20:01:39,WashingtonDC6D,38.888,-76.902
1800,5D57708,Multiple_Gunshots,2016-04-30,20:29:01,WashingtonDC5D,38.904,-76.976
1801,5D57709,Multiple_Gunshots,2016-04-30,20:29:18,WashingtonDC5D,38.904,-76.976
1802,5D57710,Multiple_Gunshots,2016-04-30,20:29:21,WashingtonDC5D,38.905,-76.99
1803,5D57711,Multiple_Gunshots,2016-04-30,22:08:38,WashingtonDC5D,38.921,-76.982
1804,7D184495,Multiple_Gunshots,2016-04-30,23:16:54,WashingtonDC7D,38.854,-76.986
1805,6D151260,Multiple_Gunshots,2016-04-30,23:16:54,WashingtonDC6D,38.854,-76.986
1806,7D184496,Multiple_Gunshots,2016-04-30,23:49:39,WashingtonDC7D,38.862,-76.982
1807,6D151262,Multiple_Gunshots,2016-04-30,23:49:39,WashingtonDC6D,38.862,-76.982
1808,6D151263,Multiple_Gunshots,2016-05-01,00:22:49,WashingtonDC6D,38.866,-76.974
1809,5D57712,Multiple_Gunshots,2016-05-01,01:28:42,WashingtonDC5D,38.924,-76.998
1810,4D49450,Multiple_Gunshots,2016-05-01,01:28:48,WashingtonDC4D,38.93,-77.003
1811,7D184497,Multiple_Gunshots,2016-05-01,01:59:31,WashingtonDC7D,38.834,-76.995
1812,7D184498,Single_Gunshot,2016-05-01,02:02:48,WashingtonDC7D,38.835,-77.004
1813,7D184501,Single_Gunshot,2016-05-01,03:40:25,WashingtonDC7D,38.836,-76.996
1814,1D75711,Multiple_Gunshots,2016-05-01,05:48:22,WashingtonDC1D,38.896,-76.983
1815,5D57713,Multiple_Gunshots,2016-05-01,05:48:23,WashingtonDC5D,38.896,-76.983
1816,7D184503,Gunshot_or_Firecracker,2016-05-01,13:47:31,WashingtonDC7D,38.834,-76.993
1817,6D151277,Multiple_Gunshots,2016-05-01,23:18:17,WashingtonDC6D,38.894,-76.924
1818,4D49455,Multiple_Gunshots,2016-05-01,23:38:35,WashingtonDC4D,38.958,-77.014
1819,6D151278,Single_Gunshot,2016-05-02,00:39:20,WashingtonDC6D,38.902,-76.943
1820,6D151279,Single_Gunshot,2016-05-02,01:09:34,WashingtonDC6D,38.892,-76.952
1821,5D57718,Multiple_Gunshots,2016-05-02,01:47:29,WashingtonDC5D,38.929,-76.993
1822,5D57719,Single_Gunshot,2016-05-02,02:18:12,WashingtonDC5D,38.913,-76.987
1823,6D151280,Multiple_Gunshots,2016-05-02,02:24:55,WashingtonDC6D,38.883,-76.924
1824,6D151281,Multiple_Gunshots,2016-05-02,02:43:00,WashingtonDC6D,38.884,-76.922
1825,7D184533,Multiple_Gunshots,2016-05-02,02:50:02,WashingtonDC7D,38.83,-77.002
1826,7D184535,Multiple_Gunshots,2016-05-02,05:02:52,WashingtonDC7D,38.829,-76.997
1827,3D53816,Gunshot_or_Firecracker,2016-05-02,20:27:13,WashingtonDC3D,38.925,-77.032
1828,6D151316,Multiple_Gunshots,2016-05-02,21:20:50,WashingtonDC6D,38.895,-76.928
1829,3D53821,Multiple_Gunshots,2016-05-03,00:47:46,WashingtonDC3D,38.929,-77.021
1830,7D184545,Gunshot_or_Firecracker,2016-05-03,00:54:50,WashingtonDC7D,38.836,-76.994
1831,1D75719,Single_Gunshot,2016-05-03,16:09:55,WashingtonDC1D,38.902,-76.978
1832,4D49469,Multiple_Gunshots,2016-05-03,18:12:41,WashingtonDC4D,38.951,-77.021
1833,4D49470,Multiple_Gunshots,2016-05-03,20:00:39,WashingtonDC4D,38.948,-77.024
1834,4D49472,Multiple_Gunshots,2016-05-03,20:00:47,WashingtonDC4D,38.948,-77.024
1835,5D57725,Single_Gunshot,2016-05-03,20:58:48,WashingtonDC5D,38.906,-76.976
1836,7D184563,Gunshot_or_Firecracker,2016-05-03,21:35:34,WashingtonDC7D,38.847,-76.959
1837,7D184564,Multiple_Gunshots,2016-05-03,21:38:28,WashingtonDC7D,38.841,-76.981
1838,7D184567,Multiple_Gunshots,2016-05-03,22:52:34,WashingtonDC7D,38.836,-76.988
1839,7D184570,Single_Gunshot,2016-05-04,02:38:25,WashingtonDC7D,38.9,-76.949
1840,6D151339,Single_Gunshot,2016-05-04,02:38:25,WashingtonDC6D,38.9,-76.949
1841,7D184571,Single_Gunshot,2016-05-04,02:38:35,WashingtonDC7D,38.9,-76.95
1842,7D184572,Single_Gunshot,2016-05-04,02:38:50,WashingtonDC7D,38.9,-76.949
1843,6D151340,Single_Gunshot,2016-05-04,02:38:50,WashingtonDC6D,38.9,-76.949
1844,5D57727,Multiple_Gunshots,2016-05-04,02:56:29,WashingtonDC5D,38.908,-76.982
1845,1D75723,Multiple_Gunshots,2016-05-04,02:56:29,WashingtonDC1D,38.908,-76.983
1846,5D57728,Multiple_Gunshots,2016-05-04,02:56:32,WashingtonDC5D,38.907,-76.984
1847,7D184574,Single_Gunshot,2016-05-04,04:09:42,WashingtonDC7D,38.845,-76.973
1848,7D184575,Multiple_Gunshots,2016-05-04,04:23:44,WashingtonDC7D,38.909,-76.926
1849,6D151341,Multiple_Gunshots,2016-05-04,04:23:44,WashingtonDC6D,38.909,-76.926
1850,7D184577,Single_Gunshot,2016-05-04,06:24:24,WashingtonDC7D,38.896,-76.915
1851,4D49473,Multiple_Gunshots,2016-05-04,12:26:01,WashingtonDC4D,38.947,-77.022
1852,6D151364,Multiple_Gunshots,2016-05-04,15:22:39,WashingtonDC6D,38.883,-76.918
1853,4D49474,Multiple_Gunshots,2016-05-04,15:24:31,WashingtonDC4D,38.952,-77.014
1854,7D184639,Gunshot_or_Firecracker,2016-05-04,19:07:19,WashingtonDC7D,38.896,-76.918
1855,6D151372,Gunshot_or_Firecracker,2016-05-04,19:07:21,WashingtonDC6D,38.893,-76.918
1856,7D184641,Multiple_Gunshots,2016-05-04,20:00:31,WashingtonDC7D,38.885,-76.92
1857,6D151373,Multiple_Gunshots,2016-05-04,20:00:31,WashingtonDC6D,38.886,-76.919
1858,7D184646,Multiple_Gunshots,2016-05-04,22:40:16,WashingtonDC7D,38.887,-76.956
1859,6D151376,Multiple_Gunshots,2016-05-04,22:40:16,WashingtonDC6D,38.887,-76.956
1860,7D184647,Multiple_Gunshots,2016-05-04,23:05:09,WashingtonDC7D,38.857,-76.972
1861,7D184648,Single_Gunshot,2016-05-04,23:57:48,WashingtonDC7D,38.855,-76.971
1862,7D184649,Multiple_Gunshots,2016-05-05,00:05:11,WashingtonDC7D,38.859,-76.993
1863,7D184650,Single_Gunshot,2016-05-05,00:37:41,WashingtonDC7D,38.856,-76.993
1864,5D57730,Single_Gunshot,2016-05-05,00:51:48,WashingtonDC5D,38.926,-76.972
1865,6D151381,Single_Gunshot,2016-05-05,02:09:12,WashingtonDC6D,38.904,-76.926
1866,7D184654,Single_Gunshot,2016-05-05,02:25:22,WashingtonDC7D,38.896,-76.953
1867,6D151382,Single_Gunshot,2016-05-05,02:25:22,WashingtonDC6D,38.896,-76.953
1868,7D184677,Single_Gunshot,2016-05-05,17:14:57,WashingtonDC7D,38.828,-77.007
1869,7D184678,Multiple_Gunshots,2016-05-05,17:32:39,WashingtonDC7D,38.841,-76.989
1870,6D151407,Single_Gunshot,2016-05-05,21:57:48,WashingtonDC6D,38.892,-76.952
1871,7D184686,Multiple_Gunshots,2016-05-05,22:06:11,WashingtonDC7D,38.829,-77.0
1872,5D57739,Multiple_Gunshots,2016-05-05,23:00:15,WashingtonDC5D,38.925,-77.002
1873,3D53827,Multiple_Gunshots,2016-05-05,23:00:16,WashingtonDC3D,38.925,-77.001
1874,6D151415,Multiple_Gunshots,2016-05-06,01:34:12,WashingtonDC6D,38.89,-76.959
1875,5D57740,Single_Gunshot,2016-05-06,01:35:05,WashingtonDC5D,38.928,-76.968
1876,4D49481,Multiple_Gunshots,2016-05-06,04:35:41,WashingtonDC4D,38.951,-77.022
1877,4D49482,Single_Gunshot,2016-05-06,04:36:44,WashingtonDC4D,38.953,-77.018
1878,7D184692,Single_Gunshot,2016-05-06,06:31:16,WashingtonDC7D,38.852,-76.963
1879,7D184694,Multiple_Gunshots,2016-05-06,14:19:57,WashingtonDC7D,38.825,-77.008
1880,7D184695,Single_Gunshot,2016-05-06,18:27:21,WashingtonDC7D,38.842,-77.002
1881,6D151419,Single_Gunshot,2016-05-06,20:55:48,WashingtonDC6D,38.89,-76.954
1882,7D184700,Multiple_Gunshots,2016-05-06,21:17:40,WashingtonDC7D,38.857,-76.974
1883,7D184701,Multiple_Gunshots,2016-05-06,21:36:16,WashingtonDC7D,38.839,-77.0
1884,7D184702,Multiple_Gunshots,2016-05-06,21:39:29,WashingtonDC7D,38.839,-77.006
1885,6D151421,Single_Gunshot,2016-05-06,23:57:41,WashingtonDC6D,38.861,-76.996
1886,6D151422,Multiple_Gunshots,2016-05-07,00:38:18,WashingtonDC6D,38.866,-76.982
1887,6D151423,Multiple_Gunshots,2016-05-07,01:17:45,WashingtonDC6D,38.869,-76.979
1888,7D184706,Multiple_Gunshots,2016-05-07,01:17:46,WashingtonDC7D,38.863,-76.981
1889,7D184707,Single_Gunshot,2016-05-07,01:21:56,WashingtonDC7D,38.827,-77.001
1890,4D49484,Single_Gunshot,2016-05-07,01:48:37,WashingtonDC4D,38.961,-77.028
1891,6D151427,Multiple_Gunshots,2016-05-07,09:18:20,WashingtonDC6D,38.886,-76.926
1892,6D151438,Multiple_Gunshots,2016-05-07,17:18:47,WashingtonDC6D,38.888,-76.924
1893,7D184728,Gunshot_or_Firecracker,2016-05-07,19:52:00,WashingtonDC7D,38.856,-76.992
1894,6D151466,Multiple_Gunshots,2016-05-07,21:31:24,WashingtonDC6D,38.888,-76.931
1895,1D75749,Multiple_Gunshots,2016-05-07,21:34:25,WashingtonDC1D,38.902,-76.976
1896,5D57752,Multiple_Gunshots,2016-05-07,23:47:08,WashingtonDC5D,38.908,-77.009
1897,3D53838,Multiple_Gunshots,2016-05-07,23:47:10,WashingtonDC3D,38.908,-77.009
1898,3D53839,Multiple_Gunshots,2016-05-07,23:49:30,WashingtonDC3D,38.908,-77.021
1899,7D184754,Multiple_Gunshots,2016-05-08,00:33:49,WashingtonDC7D,38.846,-76.984
1900,7D184756,Single_Gunshot,2016-05-08,01:11:45,WashingtonDC7D,38.832,-77.002
1901,6D151469,Multiple_Gunshots,2016-05-08,01:47:32,WashingtonDC6D,38.877,-76.966
1902,6D151470,Multiple_Gunshots,2016-05-08,02:00:38,WashingtonDC6D,38.886,-76.925
1903,6D151471,Multiple_Gunshots,2016-05-08,02:05:26,WashingtonDC6D,38.886,-76.925
1904,6D151474,Gunshot_or_Firecracker,2016-05-08,04:38:25,WashingtonDC6D,38.887,-76.95
1905,7D184758,Single_Gunshot,2016-05-08,05:34:19,WashingtonDC7D,38.828,-77.004
1906,7D184759,Single_Gunshot,2016-05-08,05:37:58,WashingtonDC7D,38.828,-77.004
1907,7D184760,Single_Gunshot,2016-05-08,05:39:53,WashingtonDC7D,38.828,-77.004
1908,7D184761,Gunshot_or_Firecracker,2016-05-08,08:49:34,WashingtonDC7D,38.847,-76.998
1909,6D151497,Multiple_Gunshots,2016-05-08,09:55:02,WashingtonDC6D,38.911,-76.938
1910,7D184765,Multiple_Gunshots,2016-05-08,18:18:32,WashingtonDC7D,38.835,-76.991
1911,1D75751,Multiple_Gunshots,2016-05-08,20:30:47,WashingtonDC1D,38.877,-77.015
1912,7D184774,Multiple_Gunshots,2016-05-08,21:15:47,WashingtonDC7D,38.842,-76.985
1913,7D184775,Multiple_Gunshots,2016-05-08,21:15:52,WashingtonDC7D,38.842,-76.985
1914,7D184776,Multiple_Gunshots,2016-05-08,21:15:55,WashingtonDC7D,38.846,-76.973
1915,5D57756,Multiple_Gunshots,2016-05-08,21:54:57,WashingtonDC5D,38.918,-77.0
1916,6D151504,Multiple_Gunshots,2016-05-08,22:19:47,WashingtonDC6D,38.867,-76.972
1917,6D151510,Multiple_Gunshots,2016-05-08,23:17:03,WashingtonDC6D,38.889,-76.952
1918,7D184799,Multiple_Gunshots,2016-05-08,23:17:46,WashingtonDC7D,38.861,-76.988
1919,6D151511,Multiple_Gunshots,2016-05-08,23:17:46,WashingtonDC6D,38.86,-76.988
1920,5D57757,Single_Gunshot,2016-05-08,23:19:37,WashingtonDC5D,38.936,-76.973
1921,7D184801,Single_Gunshot,2016-05-09,00:24:10,WashingtonDC7D,38.849,-77.005
1922,7D184802,Single_Gunshot,2016-05-09,01:09:43,WashingtonDC7D,38.86,-76.996
1923,6D151524,Gunshot_or_Firecracker,2016-05-09,17:11:12,WashingtonDC6D,38.887,-76.95
1924,4D49501,Multiple_Gunshots,2016-05-09,19:26:19,WashingtonDC4D,38.955,-77.029
1925,7D184818,Single_Gunshot,2016-05-09,20:01:20,WashingtonDC7D,38.828,-77.007
1926,6D151527,Multiple_Gunshots,2016-05-09,21:28:49,WashingtonDC6D,38.881,-76.939
1927,7D184824,Multiple_Gunshots,2016-05-09,22:29:23,WashingtonDC7D,38.853,-76.979
1928,7D184825,Multiple_Gunshots,2016-05-09,22:29:30,WashingtonDC7D,38.853,-76.979
1929,6D151528,Gunshot_or_Firecracker,2016-05-09,22:44:25,WashingtonDC6D,38.899,-76.937
1930,7D184828,Multiple_Gunshots,2016-05-10,00:21:02,WashingtonDC7D,38.853,-76.979
1931,7D184831,Multiple_Gunshots,2016-05-10,02:56:04,WashingtonDC7D,38.836,-76.991
1932,6D151529,Single_Gunshot,2016-05-10,04:36:08,WashingtonDC6D,38.873,-76.938
1933,6D151530,Multiple_Gunshots,2016-05-10,05:16:33,WashingtonDC6D,38.896,-76.941
1934,6D151531,Multiple_Gunshots,2016-05-10,05:16:44,WashingtonDC6D,38.874,-76.963
1935,7D184833,Single_Gunshot,2016-05-10,06:22:43,WashingtonDC7D,38.836,-76.98
1936,1D75780,Single_Gunshot,2016-05-10,19:44:55,WashingtonDC1D,38.9,-76.977
1937,7D184889,Single_Gunshot,2016-05-10,21:46:09,WashingtonDC7D,38.858,-76.987
1938,7D184890,Multiple_Gunshots,2016-05-10,22:14:31,WashingtonDC7D,38.834,-76.991
1939,7D184892,Multiple_Gunshots,2016-05-10,22:40:23,WashingtonDC7D,38.828,-77.002
1940,6D151564,Multiple_Gunshots,2016-05-10,22:54:31,WashingtonDC6D,38.892,-76.918
1941,7D184894,Multiple_Gunshots,2016-05-10,23:43:23,WashingtonDC7D,38.861,-76.971
1942,5D57776,Multiple_Gunshots,2016-05-11,00:35:13,WashingtonDC5D,38.94,-76.97
1943,7D184896,Gunshot_or_Firecracker,2016-05-11,00:41:50,WashingtonDC7D,38.845,-76.979
1944,7D184897,Multiple_Gunshots,2016-05-11,00:42:04,WashingtonDC7D,38.845,-76.979
1945,6D151566,Multiple_Gunshots,2016-05-11,01:20:00,WashingtonDC6D,38.895,-76.93
1946,6D151567,Multiple_Gunshots,2016-05-11,01:56:11,WashingtonDC6D,38.882,-76.937
1947,6D151568,Single_Gunshot,2016-05-11,03:22:24,WashingtonDC6D,38.872,-76.949
1948,7D184901,Multiple_Gunshots,2016-05-11,11:42:09,WashingtonDC7D,38.827,-76.993
1949,7D184907,Multiple_Gunshots,2016-05-11,15:56:41,WashingtonDC7D,38.834,-76.994
1950,7D184908,Multiple_Gunshots,2016-05-11,15:57:01,WashingtonDC7D,38.835,-76.995
1951,7D184909,Gunshot_or_Firecracker,2016-05-11,16:27:32,WashingtonDC7D,38.85,-76.964
1952,6D151621,Multiple_Gunshots,2016-05-11,19:40:17,WashingtonDC6D,38.882,-76.928
1953,6D151626,Single_Gunshot,2016-05-11,21:55:42,WashingtonDC6D,38.904,-76.938
1954,7D184917,Multiple_Gunshots,2016-05-11,22:38:36,WashingtonDC7D,38.844,-76.988
1955,7D184918,Gunshot_or_Firecracker,2016-05-11,22:38:49,WashingtonDC7D,38.844,-76.987
1956,7D184919,Single_Gunshot,2016-05-11,23:49:20,WashingtonDC7D,38.865,-77.0
1957,6D151627,Single_Gunshot,2016-05-12,06:21:51,WashingtonDC6D,38.899,-76.937
1958,5D57781,Multiple_Gunshots,2016-05-12,14:30:41,WashingtonDC5D,38.904,-76.994
1959,7D184927,Single_Gunshot,2016-05-12,16:48:10,WashingtonDC7D,38.831,-77.006
1960,1D75796,Multiple_Gunshots,2016-05-12,18:14:14,WashingtonDC1D,38.872,-77.014
1961,6D151638,Single_Gunshot,2016-05-12,21:25:18,WashingtonDC6D,38.858,-76.99
1962,6D151639,Single_Gunshot,2016-05-12,22:38:28,WashingtonDC6D,38.889,-76.924
1963,7D184958,Single_Gunshot,2016-05-12,22:58:34,WashingtonDC7D,38.845,-76.997
1964,7D184960,Multiple_Gunshots,2016-05-13,01:34:33,WashingtonDC7D,38.847,-76.975
1965,4D49517,Gunshot_or_Firecracker,2016-05-13,16:11:36,WashingtonDC4D,38.951,-77.033
1966,5D57784,Gunshot_or_Firecracker,2016-05-13,17:05:03,WashingtonDC5D,38.903,-76.99
1967,1D75803,Single_Gunshot,2016-05-13,17:05:03,WashingtonDC1D,38.903,-76.99
1968,5D57785,Gunshot_or_Firecracker,2016-05-13,18:54:50,WashingtonDC5D,38.905,-77.016
1969,7D184966,Multiple_Gunshots,2016-05-13,19:22:44,WashingtonDC7D,38.833,-76.995
1970,7D184989,Single_Gunshot,2016-05-13,20:58:40,WashingtonDC7D,38.825,-77.012
1971,6D151653,Multiple_Gunshots,2016-05-13,21:08:19,WashingtonDC6D,38.881,-76.933
1972,5D57786,Multiple_Gunshots,2016-05-13,21:47:45,WashingtonDC5D,38.916,-77.004
1973,7D184995,Gunshot_or_Firecracker,2016-05-13,21:49:38,WashingtonDC7D,38.828,-77.007
1974,7D184999,Multiple_Gunshots,2016-05-13,22:50:59,WashingtonDC7D,38.853,-76.979
1975,6D151659,Multiple_Gunshots,2016-05-13,23:31:17,WashingtonDC6D,38.905,-76.932
1976,6D151665,Single_Gunshot,2016-05-13,23:49:49,WashingtonDC6D,38.913,-76.937
1977,7D185002,Multiple_Gunshots,2016-05-14,00:27:56,WashingtonDC7D,38.826,-77.007
1978,7D185003,Multiple_Gunshots,2016-05-14,00:47:22,WashingtonDC7D,38.836,-77.008
1979,6D151666,Single_Gunshot,2016-05-14,01:14:49,WashingtonDC6D,38.871,-76.978
1980,7D185005,Multiple_Gunshots,2016-05-14,02:20:41,WashingtonDC7D,38.836,-76.991
1981,5D57790,Single_Gunshot,2016-05-14,02:34:14,WashingtonDC5D,38.925,-77.008
1982,5D57791,Single_Gunshot,2016-05-14,02:35:16,WashingtonDC5D,38.925,-77.007
1983,7D185006,Single_Gunshot,2016-05-14,02:51:01,WashingtonDC7D,38.827,-77.0
1984,5D57793,Multiple_Gunshots,2016-05-14,03:02:37,WashingtonDC5D,38.909,-76.987
1985,7D185007,Multiple_Gunshots,2016-05-14,03:16:46,WashingtonDC7D,38.853,-76.979
1986,7D185008,Multiple_Gunshots,2016-05-14,03:16:55,WashingtonDC7D,38.853,-76.979
1987,7D185009,Multiple_Gunshots,2016-05-14,03:40:07,WashingtonDC7D,38.847,-76.972
1988,7D185010,Single_Gunshot,2016-05-14,03:40:18,WashingtonDC7D,38.848,-76.973
1989,7D185011,Multiple_Gunshots,2016-05-14,03:41:07,WashingtonDC7D,38.828,-77.007
1990,7D185013,Single_Gunshot,2016-05-14,03:49:13,WashingtonDC7D,38.846,-76.98
1991,7D185014,Multiple_Gunshots,2016-05-14,03:50:16,WashingtonDC7D,38.855,-76.991
1992,6D151668,Multiple_Gunshots,2016-05-14,04:53:32,WashingtonDC6D,38.872,-76.983
1993,7D185015,Multiple_Gunshots,2016-05-14,04:53:34,WashingtonDC7D,38.872,-76.983
1994,7D185016,Multiple_Gunshots,2016-05-14,04:53:40,WashingtonDC7D,38.863,-76.987
1995,6D151669,Multiple_Gunshots,2016-05-14,05:21:47,WashingtonDC6D,38.885,-76.952
1996,6D151670,Multiple_Gunshots,2016-05-14,06:22:48,WashingtonDC6D,38.913,-76.931
1997,6D151673,Multiple_Gunshots,2016-05-14,14:43:59,WashingtonDC6D,38.897,-76.918
1998,7D185030,Single_Gunshot,2016-05-14,18:22:52,WashingtonDC7D,38.847,-76.973
1999,5D57799,Multiple_Gunshots,2016-05-14,18:23:19,WashingtonDC5D,38.895,-76.983
2000,7D185032,Single_Gunshot,2016-05-14,18:39:30,WashingtonDC7D,38.846,-76.973
2001,6D151674,Multiple_Gunshots,2016-05-14,19:41:15,WashingtonDC6D,38.904,-76.938
2002,6D151676,Multiple_Gunshots,2016-05-14,20:28:02,WashingtonDC6D,38.897,-76.969
2003,7D185051,Multiple_Gunshots,2016-05-14,21:39:18,WashingtonDC7D,38.827,-77.011
2004,7D185069,Multiple_Gunshots,2016-05-14,22:57:01,WashingtonDC7D,38.856,-76.972
2005,6D151681,Single_Gunshot,2016-05-14,23:20:20,WashingtonDC6D,38.881,-76.932
2006,6D151682,Multiple_Gunshots,2016-05-14,23:20:30,WashingtonDC6D,38.882,-76.933
2007,6D151683,Multiple_Gunshots,2016-05-14,23:20:40,WashingtonDC6D,38.88,-76.933
2008,6D151684,Multiple_Gunshots,2016-05-14,23:20:48,WashingtonDC6D,38.881,-76.932
2009,4D49520,Multiple_Gunshots,2016-05-14,23:53:52,WashingtonDC4D,38.957,-77.023
2010,7D185072,Single_Gunshot,2016-05-15,01:06:19,WashingtonDC7D,38.837,-77.007
2011,7D185073,Multiple_Gunshots,2016-05-15,01:27:40,WashingtonDC7D,38.838,-76.989
2012,7D185074,Single_Gunshot,2016-05-15,01:27:54,WashingtonDC7D,38.838,-76.989
2013,7D185078,Multiple_Gunshots,2016-05-15,02:53:44,WashingtonDC7D,38.844,-76.976
2014,7D185079,Single_Gunshot,2016-05-15,03:38:57,WashingtonDC7D,38.848,-77.002
2015,6D151688,Multiple_Gunshots,2016-05-15,14:31:33,WashingtonDC6D,38.899,-76.944
2016,7D185090,Multiple_Gunshots,2016-05-15,17:28:47,WashingtonDC7D,38.851,-76.973
2017,7D185100,Single_Gunshot,2016-05-15,18:56:25,WashingtonDC7D,38.832,-76.992
2018,7D185102,Single_Gunshot,2016-05-15,19:11:33,WashingtonDC7D,38.847,-77.001
2019,7D185133,Single_Gunshot,2016-05-15,20:06:15,WashingtonDC7D,38.842,-76.988
2020,7D185145,Gunshot_or_Firecracker,2016-05-15,20:34:03,WashingtonDC7D,38.855,-76.992
2021,6D151692,Multiple_Gunshots,2016-05-15,20:34:03,WashingtonDC6D,38.855,-76.992
2022,7D185146,Multiple_Gunshots,2016-05-15,20:35:01,WashingtonDC7D,38.855,-76.992
2023,7D185149,Gunshot_or_Firecracker,2016-05-15,20:41:47,WashingtonDC7D,38.846,-76.972
2024,7D185154,Single_Gunshot,2016-05-15,21:03:04,WashingtonDC7D,38.84,-76.997
2025,6D151698,Single_Gunshot,2016-05-15,22:31:58,WashingtonDC6D,38.895,-76.921
2026,6D151709,Single_Gunshot,2016-05-16,00:11:55,WashingtonDC6D,38.904,-76.951
2027,7D185164,Multiple_Gunshots,2016-05-16,03:21:00,WashingtonDC7D,38.859,-76.988
2028,6D151711,Multiple_Gunshots,2016-05-16,03:21:00,WashingtonDC6D,38.858,-76.988
2029,7D185165,Multiple_Gunshots,2016-05-16,03:21:16,WashingtonDC7D,38.858,-76.987
2030,6D151712,Multiple_Gunshots,2016-05-16,03:21:16,WashingtonDC6D,38.857,-76.988
2031,7D185175,Multiple_Gunshots,2016-05-16,10:19:31,WashingtonDC7D,38.85,-76.973
2032,6D151720,Multiple_Gunshots,2016-05-16,12:13:21,WashingtonDC6D,38.888,-76.937
2033,6D151721,Multiple_Gunshots,2016-05-16,12:56:21,WashingtonDC6D,38.889,-76.938
2034,6D151724,Multiple_Gunshots,2016-05-16,15:49:35,WashingtonDC6D,38.887,-76.933
2035,7D185177,Multiple_Gunshots,2016-05-16,16:14:12,WashingtonDC7D,38.823,-77.0
2036,6D151726,Multiple_Gunshots,2016-05-16,17:54:40,WashingtonDC6D,38.887,-76.953
2037,7D185179,Single_Gunshot,2016-05-16,18:35:58,WashingtonDC7D,38.828,-77.006
2038,4D49527,Multiple_Gunshots,2016-05-16,18:39:49,WashingtonDC4D,38.939,-77.029
2039,6D151727,Multiple_Gunshots,2016-05-16,21:05:46,WashingtonDC6D,38.882,-76.932
2040,6D151728,Multiple_Gunshots,2016-05-16,21:05:50,WashingtonDC6D,38.882,-76.932
2041,6D151729,Multiple_Gunshots,2016-05-16,21:05:54,WashingtonDC6D,38.881,-76.931
2042,7D185186,Multiple_Gunshots,2016-05-16,21:08:56,WashingtonDC7D,38.842,-76.992
2043,6D151730,Single_Gunshot,2016-05-16,21:31:39,WashingtonDC6D,38.886,-76.95
2044,6D151731,Multiple_Gunshots,2016-05-16,22:02:21,WashingtonDC6D,38.868,-76.979
2045,7D185187,Gunshot_or_Firecracker,2016-05-16,22:35:20,WashingtonDC7D,38.859,-76.997
2046,6D151732,Single_Gunshot,2016-05-16,23:37:21,WashingtonDC6D,38.89,-76.93
2047,6D151734,Multiple_Gunshots,2016-05-17,00:10:54,WashingtonDC6D,38.895,-76.953
2048,5D57812,Single_Gunshot,2016-05-17,00:33:50,WashingtonDC5D,38.906,-76.977
2049,5D57814,Multiple_Gunshots,2016-05-17,00:37:26,WashingtonDC5D,38.906,-76.977
2050,1D75826,Single_Gunshot,2016-05-17,01:29:26,WashingtonDC1D,38.896,-76.983
2051,1D75827,Multiple_Gunshots,2016-05-17,01:30:04,WashingtonDC1D,38.896,-76.983
2052,5D57815,Multiple_Gunshots,2016-05-17,01:30:05,WashingtonDC5D,38.896,-76.983
2053,7D185190,Single_Gunshot,2016-05-17,04:18:22,WashingtonDC7D,38.862,-76.994
2054,6D151744,Multiple_Gunshots,2016-05-17,19:43:44,WashingtonDC6D,38.891,-76.956
2055,6D151745,Multiple_Gunshots,2016-05-17,19:43:50,WashingtonDC6D,38.895,-76.954
2056,6D151746,Multiple_Gunshots,2016-05-17,22:28:57,WashingtonDC6D,38.867,-76.972
2057,7D185209,Multiple_Gunshots,2016-05-17,22:28:59,WashingtonDC7D,38.867,-76.972
2058,6D151747,Multiple_Gunshots,2016-05-17,22:29:07,WashingtonDC6D,38.867,-76.973
2059,7D185210,Single_Gunshot,2016-05-17,23:46:29,WashingtonDC7D,38.862,-76.985
2060,6D151750,Single_Gunshot,2016-05-18,00:29:05,WashingtonDC6D,38.911,-76.935
2061,4D49530,Single_Gunshot,2016-05-18,01:14:59,WashingtonDC4D,38.951,-77.009
2062,4D49531,Multiple_Gunshots,2016-05-18,01:30:18,WashingtonDC4D,38.951,-77.007
2063,7D185211,Single_Gunshot,2016-05-18,02:55:38,WashingtonDC7D,38.858,-76.994
2064,4D49532,Single_Gunshot,2016-05-18,03:31:34,WashingtonDC4D,38.941,-77.017
2065,7D185269,Single_Gunshot,2016-05-18,22:06:04,WashingtonDC7D,38.862,-76.998
2066,6D151789,Multiple_Gunshots,2016-05-18,22:25:01,WashingtonDC6D,38.911,-76.94
2067,7D185271,Multiple_Gunshots,2016-05-19,02:11:21,WashingtonDC7D,38.829,-76.995
2068,1D75848,Single_Gunshot,2016-05-19,02:37:37,WashingtonDC1D,38.873,-77.011
2069,7D185273,Multiple_Gunshots,2016-05-19,02:41:44,WashingtonDC7D,38.828,-76.993
2070,6D151802,Single_Gunshot,2016-05-19,07:47:14,WashingtonDC6D,38.899,-76.939
2071,7D185281,Single_Gunshot,2016-05-19,15:56:08,WashingtonDC7D,38.822,-76.996
2072,1D75854,Multiple_Gunshots,2016-05-19,20:02:19,WashingtonDC1D,38.874,-77.013
2073,4D49541,Single_Gunshot,2016-05-19,22:28:16,WashingtonDC4D,38.955,-77.029
2074,6D151821,Multiple_Gunshots,2016-05-20,01:01:47,WashingtonDC6D,38.876,-76.974
2075,7D185332,Single_Gunshot,2016-05-20,01:34:14,WashingtonDC7D,38.85,-76.971
2076,6D151828,Single_Gunshot,2016-05-20,01:37:59,WashingtonDC6D,38.886,-76.952
2077,6D151829,Multiple_Gunshots,2016-05-20,01:48:12,WashingtonDC6D,38.868,-76.98
2078,6D151830,Multiple_Gunshots,2016-05-20,01:48:20,WashingtonDC6D,38.868,-76.98
2079,6D151833,Multiple_Gunshots,2016-05-20,02:14:22,WashingtonDC6D,38.874,-76.974
2080,6D151834,Single_Gunshot,2016-05-20,02:42:49,WashingtonDC6D,38.885,-76.936
2081,5D57831,Multiple_Gunshots,2016-05-20,02:47:43,WashingtonDC5D,38.9,-76.973
2082,1D75858,Multiple_Gunshots,2016-05-20,02:47:43,WashingtonDC1D,38.898,-76.974
2083,6D151835,Single_Gunshot,2016-05-20,03:09:58,WashingtonDC6D,38.899,-76.918
2084,4D49544,Multiple_Gunshots,2016-05-20,03:21:16,WashingtonDC4D,38.952,-77.016
2085,6D151839,Multiple_Gunshots,2016-05-20,15:41:30,WashingtonDC6D,38.886,-76.952
2086,7D185354,Single_Gunshot,2016-05-20,18:23:39,WashingtonDC7D,38.831,-77.002
2087,7D185364,Multiple_Gunshots,2016-05-20,20:45:16,WashingtonDC7D,38.863,-76.979
2088,6D151850,Multiple_Gunshots,2016-05-20,20:45:17,WashingtonDC6D,38.863,-76.979
2089,5D57838,Single_Gunshot,2016-05-20,21:09:07,WashingtonDC5D,38.931,-76.983
2090,3D53883,Gunshot_or_Firecracker,2016-05-20,23:10:09,WashingtonDC3D,38.92,-77.045
2091,6D151866,Multiple_Gunshots,2016-05-20,23:16:02,WashingtonDC6D,38.882,-76.959
2092,7D185365,Multiple_Gunshots,2016-05-20,23:18:51,WashingtonDC7D,38.842,-76.987
2093,7D185366,Multiple_Gunshots,2016-05-20,23:19:06,WashingtonDC7D,38.842,-76.987
2094,4D49550,Multiple_Gunshots,2016-05-21,00:27:02,WashingtonDC4D,38.951,-77.01
2095,6D151873,Multiple_Gunshots,2016-05-21,00:40:06,WashingtonDC6D,38.881,-76.936
2096,1D75865,Single_Gunshot,2016-05-21,03:59:42,WashingtonDC1D,38.899,-76.985
2097,7D185375,Single_Gunshot,2016-05-21,05:12:41,WashingtonDC7D,38.837,-76.988
2098,6D151875,Multiple_Gunshots,2016-05-21,11:25:37,WashingtonDC6D,38.904,-76.933
2099,7D185377,Multiple_Gunshots,2016-05-21,11:47:10,WashingtonDC7D,38.837,-77.005
2100,7D185378,Gunshot_or_Firecracker,2016-05-21,14:26:26,WashingtonDC7D,38.826,-76.998
2101,7D185382,Gunshot_or_Firecracker,2016-05-21,15:07:36,WashingtonDC7D,38.843,-77.001
2102,7D185420,Gunshot_or_Firecracker,2016-05-21,19:27:15,WashingtonDC7D,38.864,-76.988
2103,6D151877,Multiple_Gunshots,2016-05-21,21:04:55,WashingtonDC6D,38.908,-76.912
2104,4D49552,Multiple_Gunshots,2016-05-21,23:41:31,WashingtonDC4D,38.953,-77.019
2105,7D185424,Multiple_Gunshots,2016-05-21,23:58:17,WashingtonDC7D,38.871,-76.981
2106,6D151880,Single_Gunshot,2016-05-22,00:23:28,WashingtonDC6D,38.886,-76.954
2107,7D185426,Multiple_Gunshots,2016-05-22,02:17:12,WashingtonDC7D,38.868,-76.966
2108,7D185427,Single_Gunshot,2016-05-22,02:26:04,WashingtonDC7D,38.853,-76.982
2109,7D185428,Single_Gunshot,2016-05-22,02:36:45,WashingtonDC7D,38.831,-76.993
2110,7D185429,Multiple_Gunshots,2016-05-22,02:59:15,WashingtonDC7D,38.837,-76.992
2111,6D151881,Multiple_Gunshots,2016-05-22,04:22:33,WashingtonDC6D,38.89,-76.955
2112,7D185435,Multiple_Gunshots,2016-05-22,14:05:07,WashingtonDC7D,38.856,-76.99
2113,7D185437,Gunshot_or_Firecracker,2016-05-22,16:12:57,WashingtonDC7D,38.825,-77.009
2114,5D57861,Multiple_Gunshots,2016-05-22,22:11:09,WashingtonDC5D,38.901,-76.976
2115,1D75869,Multiple_Gunshots,2016-05-22,22:11:09,WashingtonDC1D,38.901,-76.976
2116,6D151886,Multiple_Gunshots,2016-05-22,22:48:39,WashingtonDC6D,38.876,-76.961
2117,7D185445,Single_Gunshot,2016-05-22,23:51:49,WashingtonDC7D,38.851,-76.981
2118,7D185446,Single_Gunshot,2016-05-23,00:44:22,WashingtonDC7D,38.847,-76.974
2119,7D185447,Single_Gunshot,2016-05-23,00:48:58,WashingtonDC7D,38.844,-76.996
2120,7D185448,Multiple_Gunshots,2016-05-23,01:02:28,WashingtonDC7D,38.86,-76.993
2121,7D185449,Single_Gunshot,2016-05-23,01:06:19,WashingtonDC7D,38.845,-76.972
2122,6D151888,Multiple_Gunshots,2016-05-23,01:43:47,WashingtonDC6D,38.895,-76.93
2123,1D75870,Multiple_Gunshots,2016-05-23,03:31:04,WashingtonDC1D,38.883,-77.013
2124,7D185458,Multiple_Gunshots,2016-05-23,12:27:22,WashingtonDC7D,38.831,-77.004
2125,6D151897,Gunshot_or_Firecracker,2016-05-23,16:13:41,WashingtonDC6D,38.886,-76.936
2126,7D185460,Multiple_Gunshots,2016-05-23,19:22:55,WashingtonDC7D,38.827,-76.999
2127,7D185461,Multiple_Gunshots,2016-05-23,19:23:06,WashingtonDC7D,38.827,-76.999
2128,7D185462,Single_Gunshot,2016-05-23,19:23:10,WashingtonDC7D,38.828,-76.998
2129,7D185465,Multiple_Gunshots,2016-05-23,19:54:08,WashingtonDC7D,38.846,-76.958
2130,1D75880,Gunshot_or_Firecracker,2016-05-23,21:31:49,WashingtonDC1D,38.898,-76.976
2131,6D151907,Gunshot_or_Firecracker,2016-05-23,21:38:03,WashingtonDC6D,38.886,-76.929
2132,6D151913,Multiple_Gunshots,2016-05-23,21:41:21,WashingtonDC6D,38.896,-76.923
2133,1D75881,Gunshot_or_Firecracker,2016-05-23,21:51:42,WashingtonDC1D,38.892,-76.983
2134,6D151914,Single_Gunshot,2016-05-23,22:42:23,WashingtonDC6D,38.886,-76.929
2135,3D53888,Gunshot_or_Firecracker,2016-05-23,22:45:03,WashingtonDC3D,38.92,-77.045
2136,1D75882,Multiple_Gunshots,2016-05-23,23:30:25,WashingtonDC1D,38.895,-76.982
2137,5D57865,Multiple_Gunshots,2016-05-23,23:30:26,WashingtonDC5D,38.896,-76.982
2138,6D151916,Multiple_Gunshots,2016-05-24,00:38:32,WashingtonDC6D,38.875,-76.961
2139,6D151917,Multiple_Gunshots,2016-05-24,00:48:53,WashingtonDC6D,38.877,-76.932
2140,5D57866,Single_Gunshot,2016-05-24,01:54:18,WashingtonDC5D,38.907,-77.011
2141,6D151918,Single_Gunshot,2016-05-24,01:59:03,WashingtonDC6D,38.899,-76.924
2142,6D151919,Single_Gunshot,2016-05-24,04:02:07,WashingtonDC6D,38.875,-76.966
2143,7D185472,Single_Gunshot,2016-05-24,12:11:40,WashingtonDC7D,38.849,-77.002
2144,6D151927,Single_Gunshot,2016-05-24,19:10:38,WashingtonDC6D,38.888,-76.935
2145,4D49561,Single_Gunshot,2016-05-24,19:16:23,WashingtonDC4D,38.952,-77.027
2146,7D185485,Single_Gunshot,2016-05-24,19:38:19,WashingtonDC7D,38.827,-76.999
2147,3D53892,Single_Gunshot,2016-05-24,20:59:26,WashingtonDC3D,38.925,-77.026
2148,6D151938,Gunshot_or_Firecracker,2016-05-24,21:23:25,WashingtonDC6D,38.904,-76.938
2149,5D57869,Multiple_Gunshots,2016-05-24,21:29:12,WashingtonDC5D,38.9,-76.981
2150,1D75885,Multiple_Gunshots,2016-05-24,21:29:12,WashingtonDC1D,38.9,-76.982
2151,5D57870,Multiple_Gunshots,2016-05-24,21:29:18,WashingtonDC5D,38.899,-76.983
2152,1D75886,Multiple_Gunshots,2016-05-24,21:29:18,WashingtonDC1D,38.9,-76.983
2153,7D185497,Multiple_Gunshots,2016-05-24,21:34:09,WashingtonDC7D,38.838,-76.99
2154,6D151941,Single_Gunshot,2016-05-24,21:41:04,WashingtonDC6D,38.887,-76.953
2155,5D57871,Multiple_Gunshots,2016-05-24,22:55:05,WashingtonDC5D,38.903,-76.98
2156,5D57872,Multiple_Gunshots,2016-05-24,22:55:44,WashingtonDC5D,38.904,-76.98
2157,7D185500,Multiple_Gunshots,2016-05-25,00:17:09,WashingtonDC7D,38.828,-77.005
2158,6D151948,Multiple_Gunshots,2016-05-25,01:39:37,WashingtonDC6D,38.875,-76.964
2159,5D57873,Multiple_Gunshots,2016-05-25,01:50:56,WashingtonDC5D,38.922,-77.012
2160,6D151949,Single_Gunshot,2016-05-25,02:02:37,WashingtonDC6D,38.902,-76.924
2161,4D49564,Multiple_Gunshots,2016-05-25,07:14:34,WashingtonDC4D,38.958,-77.025
2162,6D151956,Multiple_Gunshots,2016-05-25,13:58:50,WashingtonDC6D,38.898,-76.939
2163,7D185523,Gunshot_or_Firecracker,2016-05-25,19:27:31,WashingtonDC7D,38.836,-76.993
2164,7D185524,Gunshot_or_Firecracker,2016-05-25,19:29:54,WashingtonDC7D,38.836,-76.992
2165,6D151968,Gunshot_or_Firecracker,2016-05-25,21:20:37,WashingtonDC6D,38.888,-76.938
2166,6D151969,Multiple_Gunshots,2016-05-25,21:31:38,WashingtonDC6D,38.884,-76.93
2167,6D151971,Multiple_Gunshots,2016-05-25,22:55:37,WashingtonDC6D,38.868,-76.981
2168,6D151972,Multiple_Gunshots,2016-05-25,22:56:40,WashingtonDC6D,38.868,-76.979
2169,7D185537,Multiple_Gunshots,2016-05-25,23:08:06,WashingtonDC7D,38.855,-76.98
2170,6D151973,Multiple_Gunshots,2016-05-25,23:08:07,WashingtonDC6D,38.861,-76.982
2171,6D151974,Multiple_Gunshots,2016-05-25,23:08:13,WashingtonDC6D,38.861,-76.982
2172,7D185538,Multiple_Gunshots,2016-05-25,23:09:38,WashingtonDC7D,38.857,-76.989
2173,6D151975,Multiple_Gunshots,2016-05-25,23:09:38,WashingtonDC6D,38.858,-76.989
2174,6D151976,Multiple_Gunshots,2016-05-25,23:14:20,WashingtonDC6D,38.894,-76.931
2175,7D185547,Single_Gunshot,2016-05-25,23:37:12,WashingtonDC7D,38.843,-76.974
2176,7D185550,Single_Gunshot,2016-05-25,23:37:48,WashingtonDC7D,38.844,-76.977
2177,7D185554,Gunshot_or_Firecracker,2016-05-25,23:44:45,WashingtonDC7D,38.842,-77.002
2178,7D185560,Gunshot_or_Firecracker,2016-05-25,23:50:05,WashingtonDC7D,38.822,-77.006
2179,7D185564,Multiple_Gunshots,2016-05-25,23:54:16,WashingtonDC7D,38.821,-77.002
2180,7D185567,Single_Gunshot,2016-05-25,23:54:41,WashingtonDC7D,38.818,-77.0
2181,6D151977,Single_Gunshot,2016-05-26,01:07:30,WashingtonDC6D,38.878,-76.93
2182,6D151978,Single_Gunshot,2016-05-26,01:08:53,WashingtonDC6D,38.878,-76.927
2183,6D151979,Multiple_Gunshots,2016-05-26,01:10:26,WashingtonDC6D,38.868,-76.98
2184,6D151980,Multiple_Gunshots,2016-05-26,01:17:27,WashingtonDC6D,38.868,-76.98
2185,5D57897,Multiple_Gunshots,2016-05-26,01:22:51,WashingtonDC5D,38.9,-76.976
2186,5D57898,Multiple_Gunshots,2016-05-26,01:22:57,WashingtonDC5D,38.9,-76.976
2187,6D151981,Single_Gunshot,2016-05-26,01:41:22,WashingtonDC6D,38.867,-76.97
2188,6D151982,Multiple_Gunshots,2016-05-26,01:58:42,WashingtonDC6D,38.891,-76.918
2189,6D151983,Multiple_Gunshots,2016-05-26,02:54:04,WashingtonDC6D,38.889,-76.961
2190,1D75894,Multiple_Gunshots,2016-05-26,02:54:08,WashingtonDC1D,38.89,-76.962
2191,7D185569,Multiple_Gunshots,2016-05-26,03:16:12,WashingtonDC7D,38.843,-76.962
2192,7D185581,Multiple_Gunshots,2016-05-26,13:21:12,WashingtonDC7D,38.835,-76.989
2193,7D185582,Multiple_Gunshots,2016-05-26,13:21:14,WashingtonDC7D,38.834,-76.991
2194,7D185583,Multiple_Gunshots,2016-05-26,13:21:17,WashingtonDC7D,38.835,-76.989
2195,7D185584,Multiple_Gunshots,2016-05-26,13:21:18,WashingtonDC7D,38.834,-76.991
2196,6D151989,Single_Gunshot,2016-05-26,19:04:55,WashingtonDC6D,38.896,-76.94
2197,7D185587,Multiple_Gunshots,2016-05-26,19:32:07,WashingtonDC7D,38.828,-77.002
2198,7D185590,Multiple_Gunshots,2016-05-26,20:21:37,WashingtonDC7D,38.84,-76.993
2199,7D185591,Multiple_Gunshots,2016-05-26,20:21:42,WashingtonDC7D,38.847,-76.976
2200,5D57932,Multiple_Gunshots,2016-05-26,22:11:03,WashingtonDC5D,38.9,-76.982
2201,1D75899,Multiple_Gunshots,2016-05-26,22:11:03,WashingtonDC1D,38.9,-76.982
2202,4D49570,Single_Gunshot,2016-05-26,22:28:23,WashingtonDC4D,38.952,-77.021
2203,7D185598,Multiple_Gunshots,2016-05-27,00:30:10,WashingtonDC7D,38.843,-76.984
2204,7D185599,Multiple_Gunshots,2016-05-27,00:30:13,WashingtonDC7D,38.844,-76.981
2205,7D185600,Multiple_Gunshots,2016-05-27,00:35:25,WashingtonDC7D,38.845,-76.978
2206,7D185601,Multiple_Gunshots,2016-05-27,00:35:33,WashingtonDC7D,38.845,-76.978
2207,7D185607,Multiple_Gunshots,2016-05-27,01:18:51,WashingtonDC7D,38.845,-76.965
2208,7D185608,Multiple_Gunshots,2016-05-27,01:39:34,WashingtonDC7D,38.846,-76.966
2209,7D185609,Multiple_Gunshots,2016-05-27,02:15:44,WashingtonDC7D,38.859,-76.992
2210,6D151994,Single_Gunshot,2016-05-27,02:15:53,WashingtonDC6D,38.859,-76.989
2211,7D185610,Multiple_Gunshots,2016-05-27,02:15:54,WashingtonDC7D,38.858,-76.991
2212,7D185611,Multiple_Gunshots,2016-05-27,02:15:58,WashingtonDC7D,38.859,-76.992
2213,7D185612,Multiple_Gunshots,2016-05-27,02:16:02,WashingtonDC7D,38.861,-76.993
2214,7D185613,Multiple_Gunshots,2016-05-27,02:16:11,WashingtonDC7D,38.859,-77.003
2215,7D185614,Multiple_Gunshots,2016-05-27,02:16:12,WashingtonDC7D,38.861,-76.995
2216,1D75900,Multiple_Gunshots,2016-05-27,02:16:14,WashingtonDC1D,38.868,-77.007
2217,7D185615,Single_Gunshot,2016-05-27,02:36:12,WashingtonDC7D,38.846,-76.979
2218,7D185624,Multiple_Gunshots,2016-05-27,20:52:13,WashingtonDC7D,38.836,-76.989
2219,7D185626,Multiple_Gunshots,2016-05-27,20:58:27,WashingtonDC7D,38.836,-76.989
2220,7D185628,Single_Gunshot,2016-05-27,21:20:13,WashingtonDC7D,38.834,-76.994
2221,6D152007,Multiple_Gunshots,2016-05-27,23:33:45,WashingtonDC6D,38.889,-76.951
2222,7D185633,Single_Gunshot,2016-05-27,23:45:34,WashingtonDC7D,38.843,-76.972
2223,6D152008,Multiple_Gunshots,2016-05-28,00:20:44,WashingtonDC6D,38.911,-76.937
2224,6D152009,Multiple_Gunshots,2016-05-28,00:20:52,WashingtonDC6D,38.911,-76.937
2225,7D185636,Single_Gunshot,2016-05-28,00:47:16,WashingtonDC7D,38.85,-76.97
2226,6D152013,Single_Gunshot,2016-05-28,02:10:35,WashingtonDC6D,38.888,-76.926
2227,4D49573,Multiple_Gunshots,2016-05-28,02:45:52,WashingtonDC4D,38.934,-77.022
2228,6D152017,Single_Gunshot,2016-05-28,05:38:57,WashingtonDC6D,38.89,-76.913
2229,7D185639,Single_Gunshot,2016-05-28,08:26:14,WashingtonDC7D,38.842,-76.983
2230,7D185641,Multiple_Gunshots,2016-05-28,12:25:53,WashingtonDC7D,38.828,-77.008
2231,7D185642,Multiple_Gunshots,2016-05-28,13:20:04,WashingtonDC7D,38.838,-76.988
2232,6D152023,Gunshot_or_Firecracker,2016-05-28,17:38:36,WashingtonDC6D,38.885,-76.93
2233,7D185685,Single_Gunshot,2016-05-28,22:20:10,WashingtonDC7D,38.861,-76.989
2234,6D152056,Single_Gunshot,2016-05-28,22:36:41,WashingtonDC6D,38.893,-76.939
2235,6D152058,Multiple_Gunshots,2016-05-28,23:48:48,WashingtonDC6D,38.884,-76.923
2236,7D185689,Multiple_Gunshots,2016-05-29,01:15:22,WashingtonDC7D,38.824,-77.003
2237,7D185690,Single_Gunshot,2016-05-29,01:15:41,WashingtonDC7D,38.826,-77.003
2238,7D185691,Single_Gunshot,2016-05-29,01:16:20,WashingtonDC7D,38.831,-77.002
2239,6D152060,Multiple_Gunshots,2016-05-29,01:30:43,WashingtonDC6D,38.892,-76.922
2240,6D152069,Multiple_Gunshots,2016-05-29,04:40:02,WashingtonDC6D,38.88,-76.921
2241,6D152070,Single_Gunshot,2016-05-29,04:55:12,WashingtonDC6D,38.887,-76.925
2242,7D185702,Multiple_Gunshots,2016-05-29,12:17:28,WashingtonDC7D,38.832,-76.989
2243,5D57943,Gunshot_or_Firecracker,2016-05-29,16:39:52,WashingtonDC5D,38.905,-76.99
2244,7D185704,Multiple_Gunshots,2016-05-29,19:49:07,WashingtonDC7D,38.838,-76.988
2245,6D152074,Multiple_Gunshots,2016-05-29,20:27:57,WashingtonDC6D,38.892,-76.943
2246,6D152076,Single_Gunshot,2016-05-29,20:28:25,WashingtonDC6D,38.892,-76.943
2247,6D152078,Multiple_Gunshots,2016-05-29,20:54:10,WashingtonDC6D,38.911,-76.937
2248,7D185705,Multiple_Gunshots,2016-05-29,20:56:31,WashingtonDC7D,38.856,-76.99
2249,5D57946,Multiple_Gunshots,2016-05-29,22:25:14,WashingtonDC5D,38.923,-77.006
2250,3D53909,Multiple_Gunshots,2016-05-29,22:25:14,WashingtonDC3D,38.923,-77.006
2251,5D57947,Multiple_Gunshots,2016-05-29,22:25:30,WashingtonDC5D,38.923,-77.006
2252,3D53910,Multiple_Gunshots,2016-05-29,22:25:30,WashingtonDC3D,38.923,-77.006
2253,5D57948,Multiple_Gunshots,2016-05-29,22:26:46,WashingtonDC5D,38.924,-77.005
2254,3D53911,Multiple_Gunshots,2016-05-29,22:26:47,WashingtonDC3D,38.924,-77.005
2255,7D185708,Multiple_Gunshots,2016-05-30,00:50:26,WashingtonDC7D,38.831,-76.996
2256,6D152087,Multiple_Gunshots,2016-05-30,03:59:47,WashingtonDC6D,38.872,-76.982
2257,7D185711,Multiple_Gunshots,2016-05-30,03:59:55,WashingtonDC7D,38.873,-76.98
2258,6D152088,Multiple_Gunshots,2016-05-30,03:59:56,WashingtonDC6D,38.88,-76.982
2259,6D152089,Multiple_Gunshots,2016-05-30,03:59:57,WashingtonDC6D,38.873,-76.98
2260,7D185712,Multiple_Gunshots,2016-05-30,04:11:49,WashingtonDC7D,38.871,-76.986
2261,6D152091,Multiple_Gunshots,2016-05-30,04:11:49,WashingtonDC6D,38.872,-76.99
2262,7D185713,Multiple_Gunshots,2016-05-30,04:11:55,WashingtonDC7D,38.872,-76.99
2263,6D152092,Multiple_Gunshots,2016-05-30,04:11:56,WashingtonDC6D,38.871,-76.989
2264,7D185745,Multiple_Gunshots,2016-05-30,16:33:54,WashingtonDC7D,38.834,-76.982
2265,7D185749,Gunshot_or_Firecracker,2016-05-30,21:06:07,WashingtonDC7D,38.829,-77.0
2266,7D185753,Multiple_Gunshots,2016-05-30,23:09:54,WashingtonDC7D,38.835,-76.991
2267,7D185754,Multiple_Gunshots,2016-05-30,23:10:07,WashingtonDC7D,38.836,-76.99
2268,7D185755,Single_Gunshot,2016-05-30,23:10:14,WashingtonDC7D,38.836,-76.992
2269,6D152161,Gunshot_or_Firecracker,2016-05-30,23:23:05,WashingtonDC6D,38.882,-76.93
2270,6D152162,Multiple_Gunshots,2016-05-31,00:16:02,WashingtonDC6D,38.892,-76.929
2271,5D57965,Multiple_Gunshots,2016-05-31,01:28:49,WashingtonDC5D,38.924,-76.986
2272,5D57966,Multiple_Gunshots,2016-05-31,03:16:46,WashingtonDC5D,38.908,-76.987
2273,1D75931,Multiple_Gunshots,2016-05-31,03:49:40,WashingtonDC1D,38.899,-76.978
2274,5D57968,Multiple_Gunshots,2016-05-31,03:49:43,WashingtonDC5D,38.901,-76.977
2275,5D57971,Gunshot_or_Firecracker,2016-05-31,17:15:09,WashingtonDC5D,38.906,-77.0
2276,6D152171,Multiple_Gunshots,2016-05-31,20:47:21,WashingtonDC6D,38.877,-76.921
2277,5D57974,Multiple_Gunshots,2016-05-31,21:38:27,WashingtonDC5D,38.911,-77.007
2278,5D57975,Single_Gunshot,2016-05-31,22:38:13,WashingtonDC5D,38.927,-76.975
2279,6D152174,Gunshot_or_Firecracker,2016-05-31,22:41:30,WashingtonDC6D,38.894,-76.919
2280,6D152176,Multiple_Gunshots,2016-05-31,23:43:11,WashingtonDC6D,38.877,-76.942
2281,4D49595,Single_Gunshot,2016-05-31,23:44:28,WashingtonDC4D,38.94,-77.035
2282,6D152177,Multiple_Gunshots,2016-06-01,00:02:44,WashingtonDC6D,38.918,-76.934
2283,7D185769,Multiple_Gunshots,2016-06-01,00:03:47,WashingtonDC7D,38.845,-76.979
2284,7D185770,Multiple_Gunshots,2016-06-01,00:07:44,WashingtonDC7D,38.844,-76.979
2285,6D152178,Multiple_Gunshots,2016-06-01,00:30:47,WashingtonDC6D,38.918,-76.934
2286,5D57978,Single_Gunshot,2016-06-01,00:49:42,WashingtonDC5D,38.926,-76.972
2287,7D185772,Multiple_Gunshots,2016-06-01,01:44:02,WashingtonDC7D,38.843,-76.978
2288,7D185773,Multiple_Gunshots,2016-06-01,01:57:46,WashingtonDC7D,38.838,-77.011
2289,7D185774,Single_Gunshot,2016-06-01,02:15:42,WashingtonDC7D,38.831,-76.984
2290,6D152187,Single_Gunshot,2016-06-01,04:29:23,WashingtonDC6D,38.88,-76.948
2291,6D152189,Gunshot_or_Firecracker,2016-06-01,04:52:23,WashingtonDC6D,38.869,-76.949
2292,7D185808,Single_Gunshot,2016-06-01,14:40:58,WashingtonDC7D,38.834,-76.987
2293,7D185811,Multiple_Gunshots,2016-06-01,17:53:18,WashingtonDC7D,38.832,-77.008
2294,7D185836,Gunshot_or_Firecracker,2016-06-01,21:20:28,WashingtonDC7D,38.837,-76.989
2295,6D152236,Multiple_Gunshots,2016-06-01,21:21:38,WashingtonDC6D,38.902,-76.926
2296,7D185839,Multiple_Gunshots,2016-06-01,21:44:12,WashingtonDC7D,38.864,-76.981
2297,6D152238,Multiple_Gunshots,2016-06-01,21:44:13,WashingtonDC6D,38.864,-76.982
2298,6D152240,Multiple_Gunshots,2016-06-01,23:45:29,WashingtonDC6D,38.877,-76.933
2299,7D185841,Multiple_Gunshots,2016-06-02,01:32:42,WashingtonDC7D,38.864,-76.981
2300,6D152248,Multiple_Gunshots,2016-06-02,01:32:43,WashingtonDC6D,38.865,-76.983
2301,7D185842,Single_Gunshot,2016-06-02,02:23:52,WashingtonDC7D,38.851,-76.981
2302,7D185843,Single_Gunshot,2016-06-02,02:37:17,WashingtonDC7D,38.849,-76.972
2303,6D152249,Single_Gunshot,2016-06-02,03:58:52,WashingtonDC6D,38.88,-76.927
2304,7D185851,Multiple_Gunshots,2016-06-02,14:44:49,WashingtonDC7D,38.832,-77.007
2305,7D185853,Single_Gunshot,2016-06-02,15:44:09,WashingtonDC7D,38.846,-76.972
2306,7D185872,Multiple_Gunshots,2016-06-02,20:58:34,WashingtonDC7D,38.841,-76.991
2307,7D185873,Multiple_Gunshots,2016-06-02,20:58:39,WashingtonDC7D,38.841,-76.991
2308,7D185874,Single_Gunshot,2016-06-02,21:34:59,WashingtonDC7D,38.851,-76.978
2309,7D185881,Single_Gunshot,2016-06-02,22:41:23,WashingtonDC7D,38.848,-76.979
2310,1D75965,Multiple_Gunshots,2016-06-03,00:11:39,WashingtonDC1D,38.896,-76.973
2311,6D152258,Multiple_Gunshots,2016-06-03,00:21:47,WashingtonDC6D,38.877,-76.94
2312,7D185885,Single_Gunshot,2016-06-03,00:51:40,WashingtonDC7D,38.828,-76.996
2313,7D185887,Single_Gunshot,2016-06-03,01:57:08,WashingtonDC7D,38.828,-76.997
2314,6D152261,Multiple_Gunshots,2016-06-03,02:30:31,WashingtonDC6D,38.879,-76.922
2315,7D185888,Multiple_Gunshots,2016-06-03,02:43:31,WashingtonDC7D,38.852,-76.965
2316,7D185902,Gunshot_or_Firecracker,2016-06-03,19:57:44,WashingtonDC7D,38.838,-76.996
2317,7D185908,Multiple_Gunshots,2016-06-03,22:05:25,WashingtonDC7D,38.834,-76.983
2318,7D185909,Multiple_Gunshots,2016-06-03,22:05:53,WashingtonDC7D,38.834,-76.984
2319,7D185912,Multiple_Gunshots,2016-06-03,22:34:52,WashingtonDC7D,38.837,-77.004
2320,7D185914,Multiple_Gunshots,2016-06-03,23:11:40,WashingtonDC7D,38.833,-76.99
2321,7D185915,Multiple_Gunshots,2016-06-03,23:11:42,WashingtonDC7D,38.833,-76.99
2322,6D152275,Single_Gunshot,2016-06-03,23:55:38,WashingtonDC6D,38.892,-76.913
2323,7D185920,Multiple_Gunshots,2016-06-04,01:11:18,WashingtonDC7D,38.826,-76.997
2324,7D185922,Multiple_Gunshots,2016-06-04,01:36:11,WashingtonDC7D,38.861,-77.001
2325,1D75968,Multiple_Gunshots,2016-06-04,01:36:14,WashingtonDC1D,38.864,-77.002
2326,6D152279,Multiple_Gunshots,2016-06-04,01:36:15,WashingtonDC6D,38.861,-77.0
2327,5D57995,Multiple_Gunshots,2016-06-04,03:43:34,WashingtonDC5D,38.905,-77.011
2328,7D185924,Multiple_Gunshots,2016-06-04,04:06:17,WashingtonDC7D,38.846,-76.981
2329,4D49608,Multiple_Gunshots,2016-06-04,08:54:52,WashingtonDC4D,38.955,-77.021
2330,4D49609,Multiple_Gunshots,2016-06-04,09:21:35,WashingtonDC4D,38.955,-77.021
2331,6D152283,Multiple_Gunshots,2016-06-04,17:34:13,WashingtonDC6D,38.87,-76.967
2332,6D152284,Multiple_Gunshots,2016-06-04,17:36:02,WashingtonDC6D,38.87,-76.967
2333,6D152295,Multiple_Gunshots,2016-06-04,22:07:59,WashingtonDC6D,38.893,-76.926
2334,7D185983,Multiple_Gunshots,2016-06-04,23:15:24,WashingtonDC7D,38.836,-76.992
2335,4D49615,Multiple_Gunshots,2016-06-04,23:26:43,WashingtonDC4D,38.955,-77.021
2336,7D185994,Multiple_Gunshots,2016-06-04,23:32:36,WashingtonDC7D,38.836,-76.992
2337,7D185995,Multiple_Gunshots,2016-06-04,23:32:39,WashingtonDC7D,38.836,-76.992
2338,7D185997,Multiple_Gunshots,2016-06-04,23:32:43,WashingtonDC7D,38.836,-76.992
2339,7D186000,Multiple_Gunshots,2016-06-04,23:32:50,WashingtonDC7D,38.836,-76.992
2340,7D186001,Multiple_Gunshots,2016-06-04,23:32:54,WashingtonDC7D,38.837,-76.991
2341,4D49616,Multiple_Gunshots,2016-06-05,00:37:25,WashingtonDC4D,38.955,-77.026
2342,4D49617,Multiple_Gunshots,2016-06-05,00:39:09,WashingtonDC4D,38.952,-77.023
2343,5D58006,Multiple_Gunshots,2016-06-05,01:15:28,WashingtonDC5D,38.899,-76.977
2344,1D76008,Multiple_Gunshots,2016-06-05,01:15:28,WashingtonDC1D,38.899,-76.978
2345,6D152309,Multiple_Gunshots,2016-06-05,01:24:50,WashingtonDC6D,38.884,-76.954
2346,6D152311,Multiple_Gunshots,2016-06-05,01:45:53,WashingtonDC6D,38.896,-76.925
2347,5D58007,Multiple_Gunshots,2016-06-05,02:36:45,WashingtonDC5D,38.904,-77.011
2348,7D186009,Multiple_Gunshots,2016-06-05,03:13:40,WashingtonDC7D,38.845,-76.973
2349,7D186010,Multiple_Gunshots,2016-06-05,03:15:25,WashingtonDC7D,38.863,-76.983
2350,7D186012,Multiple_Gunshots,2016-06-05,10:17:38,WashingtonDC7D,38.827,-77.003
2351,7D186013,Gunshot_or_Firecracker,2016-06-05,16:10:50,WashingtonDC7D,38.841,-76.999
2352,7D186014,Multiple_Gunshots,2016-06-05,16:58:36,WashingtonDC7D,38.833,-76.998
2353,7D186015,Multiple_Gunshots,2016-06-05,17:53:21,WashingtonDC7D,38.839,-76.994
2354,7D186016,Multiple_Gunshots,2016-06-05,17:59:11,WashingtonDC7D,38.846,-76.997
2355,6D152324,Multiple_Gunshots,2016-06-05,20:46:32,WashingtonDC6D,38.884,-76.926
2356,7D186018,Single_Gunshot,2016-06-05,20:47:32,WashingtonDC7D,38.844,-76.977
2357,6D152353,Multiple_Gunshots,2016-06-05,21:15:45,WashingtonDC6D,38.882,-76.936
2358,6D152354,Multiple_Gunshots,2016-06-05,21:16:10,WashingtonDC6D,38.881,-76.938
2359,7D186020,Gunshot_or_Firecracker,2016-06-05,21:50:28,WashingtonDC7D,38.836,-76.989
2360,7D186021,Multiple_Gunshots,2016-06-05,22:20:11,WashingtonDC7D,38.828,-77.003
2361,7D186022,Multiple_Gunshots,2016-06-05,22:20:24,WashingtonDC7D,38.828,-77.002
2362,6D152363,Multiple_Gunshots,2016-06-05,22:24:01,WashingtonDC6D,38.911,-76.938
2363,7D186024,Multiple_Gunshots,2016-06-05,22:38:10,WashingtonDC7D,38.839,-76.993
2364,6D152367,Single_Gunshot,2016-06-05,22:56:37,WashingtonDC6D,38.901,-76.94
2365,6D152369,Multiple_Gunshots,2016-06-06,01:31:06,WashingtonDC6D,38.895,-76.955
2366,1D76029,Multiple_Gunshots,2016-06-06,01:44:23,WashingtonDC1D,38.872,-77.012
2367,4D49620,Single_Gunshot,2016-06-06,02:47:32,WashingtonDC4D,38.941,-77.03
2368,7D186026,Multiple_Gunshots,2016-06-06,03:13:22,WashingtonDC7D,38.861,-76.987
2369,6D152372,Multiple_Gunshots,2016-06-06,03:13:22,WashingtonDC6D,38.861,-76.987
2370,7D186027,Multiple_Gunshots,2016-06-06,03:13:30,WashingtonDC7D,38.861,-76.987
2371,6D152373,Multiple_Gunshots,2016-06-06,03:13:30,WashingtonDC6D,38.861,-76.987
2372,5D58038,Gunshot_or_Firecracker,2016-06-06,15:57:31,WashingtonDC5D,38.909,-77.003
2373,4D49622,Gunshot_or_Firecracker,2016-06-06,17:29:04,WashingtonDC4D,38.933,-77.023
2374,6D152384,Single_Gunshot,2016-06-06,18:49:02,WashingtonDC6D,38.893,-76.927
2375,7D186035,Gunshot_or_Firecracker,2016-06-06,20:30:17,WashingtonDC7D,38.845,-76.998
2376,6D152386,Multiple_Gunshots,2016-06-06,20:51:29,WashingtonDC6D,38.862,-76.997
2377,7D186036,Multiple_Gunshots,2016-06-06,20:51:31,WashingtonDC7D,38.862,-76.998
2378,6D152391,Gunshot_or_Firecracker,2016-06-06,22:02:56,WashingtonDC6D,38.91,-76.936
2379,6D152392,Gunshot_or_Firecracker,2016-06-06,22:03:24,WashingtonDC6D,38.907,-76.939
2380,6D152393,Single_Gunshot,2016-06-06,22:17:14,WashingtonDC6D,38.88,-76.929
2381,7D186042,Multiple_Gunshots,2016-06-06,23:08:45,WashingtonDC7D,38.854,-76.971
2382,6D152395,Multiple_Gunshots,2016-06-06,23:16:11,WashingtonDC6D,38.889,-76.922
2383,6D152397,Gunshot_or_Firecracker,2016-06-06,23:38:21,WashingtonDC6D,38.886,-76.918
2384,6D152398,Single_Gunshot,2016-06-06,23:41:44,WashingtonDC6D,38.874,-76.933
2385,6D152399,Multiple_Gunshots,2016-06-07,01:05:43,WashingtonDC6D,38.883,-76.939
2386,6D152400,Single_Gunshot,2016-06-07,01:23:14,WashingtonDC6D,38.895,-76.93
2387,1D76032,Multiple_Gunshots,2016-06-07,02:09:48,WashingtonDC1D,38.89,-76.967
2388,6D152402,Multiple_Gunshots,2016-06-07,02:14:58,WashingtonDC6D,38.877,-76.934
2389,6D152403,Single_Gunshot,2016-06-07,02:23:45,WashingtonDC6D,38.893,-76.929
2390,7D186044,Single_Gunshot,2016-06-07,02:27:29,WashingtonDC7D,38.862,-76.981
2391,7D186049,Multiple_Gunshots,2016-06-07,15:31:53,WashingtonDC7D,38.841,-76.99
2392,7D186082,Gunshot_or_Firecracker,2016-06-07,21:33:58,WashingtonDC7D,38.853,-76.985
2393,5D58051,Single_Gunshot,2016-06-07,21:34:45,WashingtonDC5D,38.907,-77.008
2394,7D186084,Single_Gunshot,2016-06-07,21:36:06,WashingtonDC7D,38.845,-76.987
2395,7D186093,Multiple_Gunshots,2016-06-07,21:44:04,WashingtonDC7D,38.845,-77.0
2396,6D152504,Multiple_Gunshots,2016-06-07,22:59:16,WashingtonDC6D,38.894,-76.913
2397,7D186102,Single_Gunshot,2016-06-07,23:12:47,WashingtonDC7D,38.845,-76.979
2398,6D152505,Multiple_Gunshots,2016-06-07,23:36:10,WashingtonDC6D,38.893,-76.919
2399,7D186103,Multiple_Gunshots,2016-06-07,23:40:08,WashingtonDC7D,38.854,-76.985
2400,7D186104,Multiple_Gunshots,2016-06-08,00:57:18,WashingtonDC7D,38.828,-77.004
2401,1D76038,Single_Gunshot,2016-06-08,01:20:49,WashingtonDC1D,38.873,-77.013
2402,5D58053,Multiple_Gunshots,2016-06-08,02:32:44,WashingtonDC5D,38.905,-77.012
2403,7D186110,Multiple_Gunshots,2016-06-08,18:13:16,WashingtonDC7D,38.848,-76.977
2404,7D186114,Gunshot_or_Firecracker,2016-06-08,19:13:47,WashingtonDC7D,38.85,-76.973
2405,7D186115,Single_Gunshot,2016-06-08,19:20:43,WashingtonDC7D,38.85,-76.973
2406,7D186146,Multiple_Gunshots,2016-06-08,21:10:01,WashingtonDC7D,38.838,-76.996
2407,6D152517,Multiple_Gunshots,2016-06-08,21:19:15,WashingtonDC6D,38.896,-76.924
2408,7D186151,Single_Gunshot,2016-06-08,21:28:24,WashingtonDC7D,38.848,-77.0
2409,6D152518,Gunshot_or_Firecracker,2016-06-08,22:22:57,WashingtonDC6D,38.894,-76.953
2410,6D152519,Single_Gunshot,2016-06-08,22:23:41,WashingtonDC6D,38.893,-76.953
2411,7D186153,Multiple_Gunshots,2016-06-08,22:30:14,WashingtonDC7D,38.829,-77.006
2412,5D58054,Single_Gunshot,2016-06-08,22:37:08,WashingtonDC5D,38.906,-76.977
2413,6D152520,Multiple_Gunshots,2016-06-08,23:16:08,WashingtonDC6D,38.89,-76.953
2414,6D152522,Multiple_Gunshots,2016-06-08,23:26:06,WashingtonDC6D,38.905,-76.949
2415,6D152524,Multiple_Gunshots,2016-06-09,00:00:11,WashingtonDC6D,38.896,-76.941
2416,7D186154,Multiple_Gunshots,2016-06-09,00:07:42,WashingtonDC7D,38.859,-77.0
2417,7D186155,Single_Gunshot,2016-06-09,00:14:20,WashingtonDC7D,38.842,-76.989
2418,7D186156,Single_Gunshot,2016-06-09,00:15:06,WashingtonDC7D,38.825,-77.009
2419,6D152525,Multiple_Gunshots,2016-06-09,02:44:04,WashingtonDC6D,38.886,-76.926
2420,6D152526,Multiple_Gunshots,2016-06-09,02:44:41,WashingtonDC6D,38.886,-76.926
2421,6D152527,Single_Gunshot,2016-06-09,02:44:54,WashingtonDC6D,38.886,-76.926
2422,6D152528,Multiple_Gunshots,2016-06-09,04:23:59,WashingtonDC6D,38.899,-76.945
2423,7D186161,Gunshot_or_Firecracker,2016-06-09,09:13:58,WashingtonDC7D,38.836,-76.988
2424,5D58058,Single_Gunshot,2016-06-09,13:43:33,WashingtonDC5D,38.921,-76.982
2425,7D186165,Multiple_Gunshots,2016-06-09,14:28:06,WashingtonDC7D,38.837,-77.013
2426,5D58063,Gunshot_or_Firecracker,2016-06-09,18:55:34,WashingtonDC5D,38.903,-76.988
2427,6D152541,Gunshot_or_Firecracker,2016-06-09,21:31:38,WashingtonDC6D,38.895,-76.928
2428,7D186202,Multiple_Gunshots,2016-06-09,22:23:10,WashingtonDC7D,38.836,-76.99
2429,7D186204,Multiple_Gunshots,2016-06-09,22:23:16,WashingtonDC7D,38.836,-76.99
2430,7D186203,Multiple_Gunshots,2016-06-09,22:23:16,WashingtonDC7D,38.836,-76.99
2431,7D186205,Multiple_Gunshots,2016-06-09,22:23:34,WashingtonDC7D,38.836,-76.991
2432,7D186206,Multiple_Gunshots,2016-06-09,22:23:41,WashingtonDC7D,38.836,-76.991
2433,6D152550,Multiple_Gunshots,2016-06-09,22:30:22,WashingtonDC6D,38.882,-76.939
2434,7D186207,Single_Gunshot,2016-06-09,23:23:19,WashingtonDC7D,38.844,-76.994
2435,1D76073,Multiple_Gunshots,2016-06-10,00:48:18,WashingtonDC1D,38.896,-76.983
2436,6D152562,Multiple_Gunshots,2016-06-10,02:19:46,WashingtonDC6D,38.893,-76.926
2437,6D152563,Multiple_Gunshots,2016-06-10,02:19:55,WashingtonDC6D,38.893,-76.926
2438,6D152564,Multiple_Gunshots,2016-06-10,02:20:02,WashingtonDC6D,38.892,-76.926
2439,6D152565,Single_Gunshot,2016-06-10,03:43:48,WashingtonDC6D,38.902,-76.938
2440,7D186234,Gunshot_or_Firecracker,2016-06-10,19:44:58,WashingtonDC7D,38.837,-77.005
2441,7D186275,Multiple_Gunshots,2016-06-10,21:35:01,WashingtonDC7D,38.853,-76.965
2442,7D186288,Multiple_Gunshots,2016-06-10,22:31:03,WashingtonDC7D,38.859,-76.988
2443,5D58094,Multiple_Gunshots,2016-06-10,23:04:25,WashingtonDC5D,38.903,-77.012
2444,1D76084,Single_Gunshot,2016-06-10,23:04:53,WashingtonDC1D,38.877,-77.015
2445,3D53963,Multiple_Gunshots,2016-06-10,23:07:23,WashingtonDC3D,38.913,-77.031
2446,6D152635,Single_Gunshot,2016-06-11,00:44:09,WashingtonDC6D,38.857,-76.974
2447,7D186298,Multiple_Gunshots,2016-06-11,00:53:30,WashingtonDC7D,38.843,-76.984
2448,6D152637,Multiple_Gunshots,2016-06-11,01:01:05,WashingtonDC6D,38.898,-76.92
2449,6D152647,Multiple_Gunshots,2016-06-11,02:42:52,WashingtonDC6D,38.884,-76.956
2450,6D152648,Multiple_Gunshots,2016-06-11,02:52:21,WashingtonDC6D,38.882,-76.933
2451,7D186309,Single_Gunshot,2016-06-11,04:22:40,WashingtonDC7D,38.83,-76.993
2452,6D152652,Single_Gunshot,2016-06-11,07:25:47,WashingtonDC6D,38.888,-76.938
2453,6D152656,Gunshot_or_Firecracker,2016-06-11,15:58:32,WashingtonDC6D,38.9,-76.947
2454,6D152658,Multiple_Gunshots,2016-06-11,18:44:12,WashingtonDC6D,38.897,-76.939
2455,7D186376,Multiple_Gunshots,2016-06-11,21:02:38,WashingtonDC7D,38.837,-77.005
2456,7D186397,Multiple_Gunshots,2016-06-11,21:38:44,WashingtonDC7D,38.838,-76.998
2457,6D152736,Multiple_Gunshots,2016-06-11,22:20:20,WashingtonDC6D,38.88,-76.938
2458,7D186413,Multiple_Gunshots,2016-06-11,22:51:03,WashingtonDC7D,38.844,-76.978
2459,7D186417,Multiple_Gunshots,2016-06-11,22:51:17,WashingtonDC7D,38.844,-76.978
2460,6D152744,Multiple_Gunshots,2016-06-11,23:10:52,WashingtonDC6D,38.882,-76.929
2461,6D152756,Multiple_Gunshots,2016-06-12,00:02:07,WashingtonDC6D,38.881,-76.938
2462,6D152757,Multiple_Gunshots,2016-06-12,00:02:55,WashingtonDC6D,38.881,-76.939
2463,3D53965,Single_Gunshot,2016-06-12,01:17:14,WashingtonDC3D,38.93,-77.029
2464,6D152762,Multiple_Gunshots,2016-06-12,02:28:57,WashingtonDC6D,38.904,-76.935
2465,6D152763,Multiple_Gunshots,2016-06-12,02:51:55,WashingtonDC6D,38.882,-76.935
2466,6D152764,Single_Gunshot,2016-06-12,03:13:56,WashingtonDC6D,38.885,-76.928
2467,6D152765,Multiple_Gunshots,2016-06-12,03:22:18,WashingtonDC6D,38.877,-76.932
2468,6D152766,Multiple_Gunshots,2016-06-12,03:34:32,WashingtonDC6D,38.911,-76.937
2469,7D186434,Multiple_Gunshots,2016-06-12,04:10:57,WashingtonDC7D,38.829,-77.006
2470,7D186436,Single_Gunshot,2016-06-12,04:16:48,WashingtonDC7D,38.834,-76.983
2471,6D152768,Multiple_Gunshots,2016-06-12,05:01:08,WashingtonDC6D,38.862,-76.973
2472,7D186441,Multiple_Gunshots,2016-06-12,12:39:01,WashingtonDC7D,38.848,-76.971
2473,7D186442,Multiple_Gunshots,2016-06-12,12:39:03,WashingtonDC7D,38.848,-76.972
2474,6D152774,Gunshot_or_Firecracker,2016-06-12,13:54:52,WashingtonDC6D,38.878,-76.936
2475,7D186472,Gunshot_or_Firecracker,2016-06-12,19:08:47,WashingtonDC7D,38.849,-76.976
2476,7D186474,Gunshot_or_Firecracker,2016-06-12,19:45:38,WashingtonDC7D,38.845,-76.998
2477,7D186494,Single_Gunshot,2016-06-12,21:25:53,WashingtonDC7D,38.847,-77.0
2478,7D186511,Multiple_Gunshots,2016-06-12,22:24:38,WashingtonDC7D,38.836,-76.998
2479,7D186512,Multiple_Gunshots,2016-06-12,22:24:49,WashingtonDC7D,38.836,-76.998
2480,6D152788,Multiple_Gunshots,2016-06-12,23:07:59,WashingtonDC6D,38.884,-76.93
2481,6D152789,Multiple_Gunshots,2016-06-13,00:06:03,WashingtonDC6D,38.886,-76.926
2482,6D152790,Single_Gunshot,2016-06-13,02:55:52,WashingtonDC6D,38.899,-76.938
2483,5D58117,Gunshot_or_Firecracker,2016-06-13,18:39:33,WashingtonDC5D,38.921,-76.983
2484,7D186546,Multiple_Gunshots,2016-06-13,19:25:17,WashingtonDC7D,38.85,-76.973
2485,5D58118,Gunshot_or_Firecracker,2016-06-13,19:56:35,WashingtonDC5D,38.921,-76.981
2486,4D49654,Multiple_Gunshots,2016-06-13,20:06:09,WashingtonDC4D,38.95,-77.023
2487,6D152860,Multiple_Gunshots,2016-06-13,23:35:55,WashingtonDC6D,38.894,-76.925
2488,5D58142,Gunshot_or_Firecracker,2016-06-13,23:37:17,WashingtonDC5D,38.921,-76.976
2489,7D186552,Multiple_Gunshots,2016-06-13,23:38:50,WashingtonDC7D,38.855,-76.988
2490,6D152864,Single_Gunshot,2016-06-14,00:07:32,WashingtonDC6D,38.867,-76.979
2491,6D152865,Multiple_Gunshots,2016-06-14,00:12:33,WashingtonDC6D,38.868,-76.982
2492,7D186553,Multiple_Gunshots,2016-06-14,00:12:34,WashingtonDC7D,38.868,-76.982
2493,6D152866,Single_Gunshot,2016-06-14,00:27:52,WashingtonDC6D,38.898,-76.922
2494,7D186557,Multiple_Gunshots,2016-06-14,01:12:07,WashingtonDC7D,38.829,-76.997
2495,6D152868,Single_Gunshot,2016-06-14,01:25:41,WashingtonDC6D,38.888,-76.952
2496,6D152869,Single_Gunshot,2016-06-14,01:52:06,WashingtonDC6D,38.896,-76.918
2497,5D58144,Multiple_Gunshots,2016-06-14,02:14:19,WashingtonDC5D,38.938,-76.974
2498,5D58145,Multiple_Gunshots,2016-06-14,02:14:34,WashingtonDC5D,38.938,-76.974
2499,5D58146,Multiple_Gunshots,2016-06-14,02:14:42,WashingtonDC5D,38.938,-76.974
2500,6D152871,Multiple_Gunshots,2016-06-14,02:16:02,WashingtonDC6D,38.889,-76.961
2501,6D152872,Multiple_Gunshots,2016-06-14,03:14:26,WashingtonDC6D,38.893,-76.925
2502,7D186576,Gunshot_or_Firecracker,2016-06-14,10:54:35,WashingtonDC7D,38.828,-77.003
2503,7D186596,Multiple_Gunshots,2016-06-14,17:00:23,WashingtonDC7D,38.832,-76.99
2504,7D186611,Single_Gunshot,2016-06-14,18:44:45,WashingtonDC7D,38.826,-77.002
2505,7D186613,Multiple_Gunshots,2016-06-14,18:53:53,WashingtonDC7D,38.85,-76.978
2506,7D186644,Multiple_Gunshots,2016-06-14,21:46:23,WashingtonDC7D,38.847,-76.973
2507,6D152914,Single_Gunshot,2016-06-14,22:41:25,WashingtonDC6D,38.886,-76.951
2508,5D58156,Multiple_Gunshots,2016-06-15,00:00:02,WashingtonDC5D,38.903,-76.976
2509,6D152920,Single_Gunshot,2016-06-15,00:00:44,WashingtonDC6D,38.888,-76.951
2510,1D76127,Multiple_Gunshots,2016-06-15,00:14:12,WashingtonDC1D,38.872,-77.012
2511,6D152922,Multiple_Gunshots,2016-06-15,02:04:52,WashingtonDC6D,38.894,-76.924
2512,6D152923,Multiple_Gunshots,2016-06-15,02:05:02,WashingtonDC6D,38.894,-76.925
2513,5D58157,Single_Gunshot,2016-06-15,02:32:36,WashingtonDC5D,38.905,-76.975
2514,4D49665,Single_Gunshot,2016-06-15,02:40:59,WashingtonDC4D,38.95,-77.02
2515,7D186656,Single_Gunshot,2016-06-15,03:26:57,WashingtonDC7D,38.831,-76.993
2516,7D186658,Single_Gunshot,2016-06-15,03:48:51,WashingtonDC7D,38.828,-76.998
2517,6D152924,Multiple_Gunshots,2016-06-15,04:26:49,WashingtonDC6D,38.9,-76.921
2518,6D152933,Multiple_Gunshots,2016-06-15,13:11:18,WashingtonDC6D,38.886,-76.953
2519,6D152934,Multiple_Gunshots,2016-06-15,13:11:26,WashingtonDC6D,38.887,-76.952
2520,6D152935,Multiple_Gunshots,2016-06-15,13:11:28,WashingtonDC6D,38.886,-76.95
2521,7D186696,Gunshot_or_Firecracker,2016-06-15,20:02:28,WashingtonDC7D,38.844,-76.998
2522,6D152962,Multiple_Gunshots,2016-06-15,20:45:32,WashingtonDC6D,38.879,-76.931
2523,6D153002,Multiple_Gunshots,2016-06-15,22:17:32,WashingtonDC6D,38.897,-76.939
2524,6D153006,Single_Gunshot,2016-06-15,23:12:32,WashingtonDC6D,38.892,-76.948
2525,6D153008,Gunshot_or_Firecracker,2016-06-15,23:29:04,WashingtonDC6D,38.889,-76.937
2526,5D58168,Single_Gunshot,2016-06-16,00:18:04,WashingtonDC5D,38.926,-76.977
2527,5D58169,Single_Gunshot,2016-06-16,00:29:59,WashingtonDC5D,38.921,-76.986
2528,6D153012,Multiple_Gunshots,2016-06-16,01:08:58,WashingtonDC6D,38.872,-76.976
2529,7D186735,Single_Gunshot,2016-06-16,01:16:09,WashingtonDC7D,38.846,-76.97
2530,4D49672,Multiple_Gunshots,2016-06-16,02:21:39,WashingtonDC4D,38.95,-77.019
2531,4D49673,Single_Gunshot,2016-06-16,02:22:07,WashingtonDC4D,38.951,-77.019
2532,4D49674,Single_Gunshot,2016-06-16,02:22:25,WashingtonDC4D,38.953,-77.018
2533,6D153015,Multiple_Gunshots,2016-06-16,02:27:26,WashingtonDC6D,38.881,-76.932
2534,6D153016,Multiple_Gunshots,2016-06-16,03:25:19,WashingtonDC6D,38.87,-76.949
2535,7D186738,Gunshot_or_Firecracker,2016-06-16,14:55:15,WashingtonDC7D,38.852,-76.979
2536,7D186739,Gunshot_or_Firecracker,2016-06-16,15:14:24,WashingtonDC7D,38.868,-76.982
2537,3D53996,Gunshot_or_Firecracker,2016-06-16,18:39:24,WashingtonDC3D,38.912,-77.018
2538,6D153033,Gunshot_or_Firecracker,2016-06-16,20:04:43,WashingtonDC6D,38.894,-76.924
2539,6D153042,Multiple_Gunshots,2016-06-17,01:15:13,WashingtonDC6D,38.907,-76.933
2540,6D153043,Single_Gunshot,2016-06-17,03:09:08,WashingtonDC6D,38.892,-76.928
2541,5D58183,Multiple_Gunshots,2016-06-17,03:27:39,WashingtonDC5D,38.907,-76.987
2542,1D76171,Multiple_Gunshots,2016-06-17,03:27:43,WashingtonDC1D,38.907,-76.988
2543,5D58184,Multiple_Gunshots,2016-06-17,03:27:54,WashingtonDC5D,38.907,-76.987
2544,1D76172,Multiple_Gunshots,2016-06-17,03:27:55,WashingtonDC1D,38.906,-76.988
2545,7D186782,Gunshot_or_Firecracker,2016-06-17,10:01:55,WashingtonDC7D,38.833,-76.997
2546,7D186958,Gunshot_or_Firecracker,2016-06-17,22:13:17,WashingtonDC7D,38.845,-76.974
2547,7D186972,Multiple_Gunshots,2016-06-17,22:31:45,WashingtonDC7D,38.827,-77.008
2548,7D186973,Single_Gunshot,2016-06-17,22:32:08,WashingtonDC7D,38.849,-76.972
2549,6D153098,Single_Gunshot,2016-06-17,22:49:57,WashingtonDC6D,38.871,-76.928
2550,6D153109,Multiple_Gunshots,2016-06-17,23:15:49,WashingtonDC6D,38.867,-76.936
2551,1D76202,Multiple_Gunshots,2016-06-17,23:34:14,WashingtonDC1D,38.908,-76.97
2552,1D76207,Single_Gunshot,2016-06-17,23:40:17,WashingtonDC1D,38.879,-77.014
2553,6D153112,Multiple_Gunshots,2016-06-17,23:52:12,WashingtonDC6D,38.881,-76.934
2554,7D187041,Multiple_Gunshots,2016-06-18,01:20:30,WashingtonDC7D,38.848,-76.969
2555,7D187044,Multiple_Gunshots,2016-06-18,02:05:49,WashingtonDC7D,38.836,-76.985
2556,7D187045,Multiple_Gunshots,2016-06-18,02:05:59,WashingtonDC7D,38.835,-76.981
2557,6D153136,Multiple_Gunshots,2016-06-18,02:10:23,WashingtonDC6D,38.893,-76.929
2558,6D153137,Multiple_Gunshots,2016-06-18,02:10:34,WashingtonDC6D,38.893,-76.929
2559,7D187049,Multiple_Gunshots,2016-06-18,02:37:35,WashingtonDC7D,38.865,-76.982
2560,6D153138,Multiple_Gunshots,2016-06-18,02:37:35,WashingtonDC6D,38.865,-76.982
2561,7D187050,Multiple_Gunshots,2016-06-18,03:03:43,WashingtonDC7D,38.851,-76.971
2562,7D187051,Multiple_Gunshots,2016-06-18,03:40:30,WashingtonDC7D,38.875,-76.991
2563,1D76211,Multiple_Gunshots,2016-06-18,03:48:33,WashingtonDC1D,38.895,-76.98
2564,6D153139,Multiple_Gunshots,2016-06-18,04:35:25,WashingtonDC6D,38.868,-76.95
2565,7D187052,Single_Gunshot,2016-06-18,04:41:41,WashingtonDC7D,38.858,-76.972
2566,6D153141,Multiple_Gunshots,2016-06-18,05:16:43,WashingtonDC6D,38.882,-76.926
2567,7D187066,Gunshot_or_Firecracker,2016-06-18,15:28:20,WashingtonDC7D,38.828,-77.002
2568,7D187068,Gunshot_or_Firecracker,2016-06-18,16:44:53,WashingtonDC7D,38.845,-76.973
2569,7D187300,Multiple_Gunshots,2016-06-18,22:17:52,WashingtonDC7D,38.839,-76.996
2570,7D187304,Multiple_Gunshots,2016-06-18,22:23:31,WashingtonDC7D,38.859,-76.997
2571,7D187317,Multiple_Gunshots,2016-06-18,22:30:40,WashingtonDC7D,38.856,-76.981
2572,6D153311,Multiple_Gunshots,2016-06-18,23:20:49,WashingtonDC6D,38.866,-76.95
2573,4D49683,Single_Gunshot,2016-06-19,00:25:03,WashingtonDC4D,38.953,-77.015
2574,7D187404,Multiple_Gunshots,2016-06-19,00:25:09,WashingtonDC7D,38.847,-76.975
2575,6D153327,Multiple_Gunshots,2016-06-19,00:47:13,WashingtonDC6D,38.877,-76.932
2576,7D187407,Single_Gunshot,2016-06-19,00:50:57,WashingtonDC7D,38.838,-76.994
2577,7D187409,Single_Gunshot,2016-06-19,00:58:46,WashingtonDC7D,38.833,-76.99
2578,5D58365,Single_Gunshot,2016-06-19,01:12:13,WashingtonDC5D,38.912,-76.987
2579,5D58366,Single_Gunshot,2016-06-19,01:26:18,WashingtonDC5D,38.928,-76.975
2580,5D58367,Single_Gunshot,2016-06-19,01:26:26,WashingtonDC5D,38.927,-76.974
2581,1D76284,Single_Gunshot,2016-06-19,01:54:39,WashingtonDC1D,38.887,-76.981
2582,7D187420,Single_Gunshot,2016-06-19,01:56:50,WashingtonDC7D,38.823,-77.006
2583,6D153333,Multiple_Gunshots,2016-06-19,01:58:15,WashingtonDC6D,38.865,-76.982
2584,6D153338,Multiple_Gunshots,2016-06-19,03:07:15,WashingtonDC6D,38.889,-76.919
2585,5D58369,Multiple_Gunshots,2016-06-19,03:25:27,WashingtonDC5D,38.896,-76.983
2586,1D76285,Multiple_Gunshots,2016-06-19,03:25:27,WashingtonDC1D,38.896,-76.983
2587,1D76286,Multiple_Gunshots,2016-06-19,03:25:40,WashingtonDC1D,38.898,-76.981
2588,5D58370,Multiple_Gunshots,2016-06-19,03:25:52,WashingtonDC5D,38.897,-76.983
2589,1D76287,Single_Gunshot,2016-06-19,03:25:52,WashingtonDC1D,38.897,-76.983
2590,1D76288,Multiple_Gunshots,2016-06-19,03:25:56,WashingtonDC1D,38.897,-76.983
2591,7D187425,Single_Gunshot,2016-06-19,05:11:11,WashingtonDC7D,38.848,-76.968
2592,6D153341,Single_Gunshot,2016-06-19,06:29:38,WashingtonDC6D,38.884,-76.933
2593,6D153349,Gunshot_or_Firecracker,2016-06-19,16:35:40,WashingtonDC6D,38.885,-76.925
2594,6D153360,Single_Gunshot,2016-06-19,17:50:15,WashingtonDC6D,38.91,-76.937
2595,6D153378,Single_Gunshot,2016-06-19,19:59:41,WashingtonDC6D,38.894,-76.925
2596,7D187659,Multiple_Gunshots,2016-06-19,21:06:55,WashingtonDC7D,38.832,-76.995
2597,7D187764,Single_Gunshot,2016-06-19,22:53:53,WashingtonDC7D,38.844,-76.996
2598,7D187778,Single_Gunshot,2016-06-20,00:13:32,WashingtonDC7D,38.855,-76.98
2599,7D187781,Multiple_Gunshots,2016-06-20,00:44:51,WashingtonDC7D,38.831,-77.007
2600,6D153487,Multiple_Gunshots,2016-06-20,01:49:12,WashingtonDC6D,38.871,-76.977
2601,5D58383,Multiple_Gunshots,2016-06-20,02:45:57,WashingtonDC5D,38.907,-76.987
2602,6D153491,Multiple_Gunshots,2016-06-20,03:12:11,WashingtonDC6D,38.871,-76.979
2603,4D49698,Multiple_Gunshots,2016-06-20,04:26:50,WashingtonDC4D,38.94,-77.028
2604,4D49699,Single_Gunshot,2016-06-20,04:27:02,WashingtonDC4D,38.939,-77.029
2605,5D58385,Multiple_Gunshots,2016-06-20,06:03:37,WashingtonDC5D,38.93,-76.979
2606,7D187838,Gunshot_or_Firecracker,2016-06-20,17:53:40,WashingtonDC7D,38.846,-76.973
2607,7D187849,Multiple_Gunshots,2016-06-20,18:40:00,WashingtonDC7D,38.853,-76.982
2608,4D49702,Multiple_Gunshots,2016-06-20,20:37:56,WashingtonDC4D,38.933,-77.023
2609,3D54029,Multiple_Gunshots,2016-06-20,21:25:56,WashingtonDC3D,38.927,-77.032
2610,7D187971,Gunshot_or_Firecracker,2016-06-20,21:40:24,WashingtonDC7D,38.83,-76.994
2611,7D187984,Multiple_Gunshots,2016-06-20,21:45:28,WashingtonDC7D,38.816,-76.993
2612,7D188006,Single_Gunshot,2016-06-20,22:56:32,WashingtonDC7D,38.829,-76.993
2613,6D153559,Multiple_Gunshots,2016-06-20,23:17:51,WashingtonDC6D,38.891,-76.94
2614,6D153560,Multiple_Gunshots,2016-06-20,23:27:01,WashingtonDC6D,38.894,-76.942
2615,7D188027,Multiple_Gunshots,2016-06-21,00:05:57,WashingtonDC7D,38.844,-76.979
2616,7D188028,Gunshot_or_Firecracker,2016-06-21,00:06:04,WashingtonDC7D,38.844,-76.98
2617,5D58407,Multiple_Gunshots,2016-06-21,00:33:55,WashingtonDC5D,38.903,-77.011
2618,5D58408,Multiple_Gunshots,2016-06-21,00:33:58,WashingtonDC5D,38.903,-77.011
2619,5D58410,Multiple_Gunshots,2016-06-21,00:34:01,WashingtonDC5D,38.903,-77.011
2620,6D153571,Single_Gunshot,2016-06-21,00:37:19,WashingtonDC6D,38.891,-76.911
2621,7D188031,Single_Gunshot,2016-06-21,01:35:57,WashingtonDC7D,38.821,-76.993
2622,6D153574,Single_Gunshot,2016-06-21,02:13:18,WashingtonDC6D,38.897,-76.941
2623,7D188035,Single_Gunshot,2016-06-21,02:49:59,WashingtonDC7D,38.843,-76.973
2624,7D188037,Multiple_Gunshots,2016-06-21,04:25:15,WashingtonDC7D,38.822,-76.993
2625,7D188058,Single_Gunshot,2016-06-21,16:13:10,WashingtonDC7D,38.836,-76.986
2626,6D153608,Multiple_Gunshots,2016-06-21,17:18:20,WashingtonDC6D,38.912,-76.936
2627,6D153612,Multiple_Gunshots,2016-06-21,18:48:40,WashingtonDC6D,38.893,-76.952
2628,6D153613,Multiple_Gunshots,2016-06-21,18:48:46,WashingtonDC6D,38.892,-76.953
2629,6D153614,Multiple_Gunshots,2016-06-21,18:49:05,WashingtonDC6D,38.893,-76.952
2630,7D188129,Gunshot_or_Firecracker,2016-06-21,21:46:50,WashingtonDC7D,38.848,-76.975
2631,6D153644,Single_Gunshot,2016-06-21,22:19:58,WashingtonDC6D,38.894,-76.925
2632,6D153647,Multiple_Gunshots,2016-06-21,22:22:35,WashingtonDC6D,38.883,-76.961
2633,6D153651,Multiple_Gunshots,2016-06-21,22:51:29,WashingtonDC6D,38.858,-76.962
2634,7D188136,Multiple_Gunshots,2016-06-21,23:08:09,WashingtonDC7D,38.833,-77.006
2635,7D188141,Multiple_Gunshots,2016-06-22,00:01:07,WashingtonDC7D,38.83,-76.993
2636,3D54055,Single_Gunshot,2016-06-22,01:15:24,WashingtonDC3D,38.913,-77.032
2637,7D188143,Single_Gunshot,2016-06-22,01:37:40,WashingtonDC7D,38.828,-76.997
2638,5D58430,Multiple_Gunshots,2016-06-22,01:38:19,WashingtonDC5D,38.92,-76.983
2639,7D188145,Single_Gunshot,2016-06-22,02:05:23,WashingtonDC7D,38.826,-77.01
2640,7D188147,Multiple_Gunshots,2016-06-22,03:20:57,WashingtonDC7D,38.846,-76.996
2641,7D188152,Gunshot_or_Firecracker,2016-06-22,12:09:40,WashingtonDC7D,38.848,-77.005
2642,6D153674,Multiple_Gunshots,2016-06-22,13:54:41,WashingtonDC6D,38.886,-76.957
2643,6D153676,Multiple_Gunshots,2016-06-22,14:26:01,WashingtonDC6D,38.882,-76.933
2644,6D153678,Single_Gunshot,2016-06-22,15:55:29,WashingtonDC6D,38.892,-76.93
2645,6D153679,Multiple_Gunshots,2016-06-22,16:28:45,WashingtonDC6D,38.887,-76.953
2646,6D153685,Single_Gunshot,2016-06-22,17:20:58,WashingtonDC6D,38.875,-76.964
2647,7D188245,Single_Gunshot,2016-06-22,19:25:57,WashingtonDC7D,38.86,-76.996
2648,7D188297,Single_Gunshot,2016-06-22,20:46:51,WashingtonDC7D,38.849,-76.977
2649,7D188321,Multiple_Gunshots,2016-06-22,21:08:56,WashingtonDC7D,38.862,-76.989
2650,7D188341,Gunshot_or_Firecracker,2016-06-22,21:23:08,WashingtonDC7D,38.831,-76.996
2651,1D76382,Multiple_Gunshots,2016-06-22,21:45:37,WashingtonDC1D,38.874,-77.011
2652,6D153757,Single_Gunshot,2016-06-22,22:48:57,WashingtonDC6D,38.893,-76.916
2653,5D58471,Multiple_Gunshots,2016-06-22,22:51:15,WashingtonDC5D,38.899,-76.983
2654,6D153758,Multiple_Gunshots,2016-06-22,22:52:30,WashingtonDC6D,38.893,-76.916
2655,6D153759,Single_Gunshot,2016-06-22,23:01:04,WashingtonDC6D,38.894,-76.93
2656,5D58484,Multiple_Gunshots,2016-06-22,23:03:58,WashingtonDC5D,38.933,-76.978
2657,7D188390,Multiple_Gunshots,2016-06-22,23:20:44,WashingtonDC7D,38.833,-76.979
2658,5D58493,Multiple_Gunshots,2016-06-22,23:33:02,WashingtonDC5D,38.899,-76.973
2659,6D153764,Multiple_Gunshots,2016-06-22,23:42:24,WashingtonDC6D,38.889,-76.909
2660,5D58500,Multiple_Gunshots,2016-06-23,00:23:06,WashingtonDC5D,38.904,-76.976
2661,7D188413,Single_Gunshot,2016-06-23,00:39:24,WashingtonDC7D,38.841,-76.994
2662,6D153768,Single_Gunshot,2016-06-23,01:03:29,WashingtonDC6D,38.862,-76.958
2663,7D188421,Single_Gunshot,2016-06-23,01:08:19,WashingtonDC7D,38.823,-77.006
2664,6D153769,Single_Gunshot,2016-06-23,01:20:04,WashingtonDC6D,38.894,-76.92
2665,5D58503,Single_Gunshot,2016-06-23,01:37:27,WashingtonDC5D,38.903,-77.01
2666,7D188427,Single_Gunshot,2016-06-23,02:02:16,WashingtonDC7D,38.838,-76.988
2667,7D188428,Multiple_Gunshots,2016-06-23,02:33:22,WashingtonDC7D,38.853,-76.981
2668,6D153770,Multiple_Gunshots,2016-06-23,02:47:25,WashingtonDC6D,38.898,-76.917
2669,7D188437,Gunshot_or_Firecracker,2016-06-23,12:10:43,WashingtonDC7D,38.838,-76.992
2670,7D188438,Multiple_Gunshots,2016-06-23,12:13:23,WashingtonDC7D,38.84,-76.994
2671,7D188439,Gunshot_or_Firecracker,2016-06-23,12:13:29,WashingtonDC7D,38.839,-76.994
2672,7D188441,Multiple_Gunshots,2016-06-23,12:13:38,WashingtonDC7D,38.84,-76.994
2673,7D188452,Gunshot_or_Firecracker,2016-06-23,13:49:27,WashingtonDC7D,38.857,-76.974
2674,6D153787,Multiple_Gunshots,2016-06-23,15:37:31,WashingtonDC6D,38.903,-76.924
2675,4D49723,Gunshot_or_Firecracker,2016-06-23,16:40:55,WashingtonDC4D,38.937,-77.027
2676,6D153804,Gunshot_or_Firecracker,2016-06-23,16:56:54,WashingtonDC6D,38.911,-76.938
2677,4D49724,Single_Gunshot,2016-06-23,17:11:30,WashingtonDC4D,38.944,-77.027
2678,1D76394,Multiple_Gunshots,2016-06-23,17:13:57,WashingtonDC1D,38.87,-77.011
2679,6D153809,Single_Gunshot,2016-06-23,17:39:43,WashingtonDC6D,38.892,-76.95
2680,7D188602,Multiple_Gunshots,2016-06-23,18:45:07,WashingtonDC7D,38.859,-76.996
2681,6D153812,Gunshot_or_Firecracker,2016-06-23,19:00:16,WashingtonDC6D,38.905,-76.936
2682,7D188622,Single_Gunshot,2016-06-23,19:32:07,WashingtonDC7D,38.846,-76.972
2683,7D188624,Multiple_Gunshots,2016-06-23,19:38:52,WashingtonDC7D,38.859,-76.996
2684,7D188638,Multiple_Gunshots,2016-06-23,20:05:30,WashingtonDC7D,38.846,-76.972
2685,7D188656,Gunshot_or_Firecracker,2016-06-23,20:36:13,WashingtonDC7D,38.833,-76.997
2686,7D188671,Multiple_Gunshots,2016-06-23,20:43:44,WashingtonDC7D,38.843,-76.974
2687,6D153855,Multiple_Gunshots,2016-06-23,20:55:26,WashingtonDC6D,38.869,-76.968
2688,6D153868,Gunshot_or_Firecracker,2016-06-23,21:11:13,WashingtonDC6D,38.891,-76.926
2689,7D188707,Multiple_Gunshots,2016-06-23,21:13:49,WashingtonDC7D,38.847,-76.972
2690,5D58533,Multiple_Gunshots,2016-06-23,21:14:52,WashingtonDC5D,38.929,-76.96
2691,3D54087,Single_Gunshot,2016-06-23,21:18:04,WashingtonDC3D,38.906,-77.013
2692,7D188751,Multiple_Gunshots,2016-06-23,22:30:42,WashingtonDC7D,38.863,-76.983
2693,6D153881,Gunshot_or_Firecracker,2016-06-23,22:43:56,WashingtonDC6D,38.894,-76.93
2694,7D188768,Single_Gunshot,2016-06-23,23:20:55,WashingtonDC7D,38.842,-76.993
2695,7D188773,Multiple_Gunshots,2016-06-23,23:29:44,WashingtonDC7D,38.846,-76.974
2696,7D188774,Multiple_Gunshots,2016-06-23,23:32:10,WashingtonDC7D,38.859,-76.997
2697,7D188775,Multiple_Gunshots,2016-06-23,23:32:17,WashingtonDC7D,38.859,-76.998
2698,7D188782,Single_Gunshot,2016-06-24,00:03:31,WashingtonDC7D,38.843,-76.998
2699,7D188783,Single_Gunshot,2016-06-24,00:03:43,WashingtonDC7D,38.843,-76.998
2700,7D188789,Multiple_Gunshots,2016-06-24,01:02:56,WashingtonDC7D,38.863,-76.987
2701,4D49736,Multiple_Gunshots,2016-06-24,01:03:26,WashingtonDC4D,38.947,-77.026
2702,4D49737,Multiple_Gunshots,2016-06-24,01:03:32,WashingtonDC4D,38.947,-77.026
2703,7D188790,Multiple_Gunshots,2016-06-24,01:12:28,WashingtonDC7D,38.848,-76.982
2704,7D188793,Multiple_Gunshots,2016-06-24,01:49:37,WashingtonDC7D,38.829,-77.008
2705,7D188796,Multiple_Gunshots,2016-06-24,02:32:03,WashingtonDC7D,38.853,-76.979
2706,6D153897,Multiple_Gunshots,2016-06-24,03:50:06,WashingtonDC6D,38.892,-76.922
2707,6D153898,Multiple_Gunshots,2016-06-24,03:50:11,WashingtonDC6D,38.891,-76.92
2708,7D188797,Single_Gunshot,2016-06-24,05:03:55,WashingtonDC7D,38.829,-77.0
2709,1D76427,Single_Gunshot,2016-06-24,17:56:47,WashingtonDC1D,38.902,-76.985
2710,1D76428,Single_Gunshot,2016-06-24,18:09:08,WashingtonDC1D,38.902,-76.985
2711,7D188881,Multiple_Gunshots,2016-06-24,18:44:52,WashingtonDC7D,38.852,-76.981
2712,6D153923,Gunshot_or_Firecracker,2016-06-24,19:17:35,WashingtonDC6D,38.879,-76.931
2713,7D188901,Multiple_Gunshots,2016-06-24,19:22:15,WashingtonDC7D,38.853,-76.982
2714,7D188902,Multiple_Gunshots,2016-06-24,19:22:23,WashingtonDC7D,38.853,-76.982
2715,7D188903,Single_Gunshot,2016-06-24,19:22:31,WashingtonDC7D,38.853,-76.982
2716,7D188945,Gunshot_or_Firecracker,2016-06-24,20:24:47,WashingtonDC7D,38.844,-76.987
2717,6D153945,Multiple_Gunshots,2016-06-24,21:07:40,WashingtonDC6D,38.885,-76.924
2718,1D76466,Gunshot_or_Firecracker,2016-06-24,21:33:07,WashingtonDC1D,38.906,-76.984
2719,7D189111,Single_Gunshot,2016-06-24,22:02:56,WashingtonDC7D,38.861,-76.981
2720,5D58605,Multiple_Gunshots,2016-06-24,22:11:13,WashingtonDC5D,38.902,-76.984
2721,7D189150,Single_Gunshot,2016-06-25,01:01:52,WashingtonDC7D,38.848,-76.97
2722,7D189151,Multiple_Gunshots,2016-06-25,01:13:29,WashingtonDC7D,38.864,-76.981
2723,4D49763,Multiple_Gunshots,2016-06-25,01:57:01,WashingtonDC4D,38.954,-77.014
2724,5D58619,Single_Gunshot,2016-06-25,02:14:06,WashingtonDC5D,38.895,-76.974
2725,5D58621,Multiple_Gunshots,2016-06-25,02:14:08,WashingtonDC5D,38.895,-76.974
2726,1D76517,Multiple_Gunshots,2016-06-25,02:14:11,WashingtonDC1D,38.895,-76.974
2727,5D58622,Single_Gunshot,2016-06-25,02:14:13,WashingtonDC5D,38.895,-76.974
2728,1D76519,Multiple_Gunshots,2016-06-25,02:15:46,WashingtonDC1D,38.895,-76.974
2729,5D58629,Multiple_Gunshots,2016-06-25,02:16:04,WashingtonDC5D,38.895,-76.974
2730,1D76521,Multiple_Gunshots,2016-06-25,02:16:04,WashingtonDC1D,38.895,-76.974
2731,1D76522,Multiple_Gunshots,2016-06-25,02:16:12,WashingtonDC1D,38.895,-76.974
2732,7D189153,Multiple_Gunshots,2016-06-25,02:28:32,WashingtonDC7D,38.857,-76.97
2733,7D189154,Single_Gunshot,2016-06-25,02:51:27,WashingtonDC7D,38.847,-76.97
2734,5D58630,Single_Gunshot,2016-06-25,03:06:09,WashingtonDC5D,38.928,-77.004
2735,7D189156,Multiple_Gunshots,2016-06-25,05:16:00,WashingtonDC7D,38.868,-76.966
2736,6D154001,Multiple_Gunshots,2016-06-25,05:16:04,WashingtonDC6D,38.868,-76.966
2737,7D189160,Multiple_Gunshots,2016-06-25,12:12:57,WashingtonDC7D,38.847,-76.972
2738,7D189163,Gunshot_or_Firecracker,2016-06-25,12:26:46,WashingtonDC7D,38.846,-76.972
2739,6D154012,Multiple_Gunshots,2016-06-25,15:05:11,WashingtonDC6D,38.907,-76.923
2740,6D154024,Multiple_Gunshots,2016-06-25,16:43:01,WashingtonDC6D,38.911,-76.936
2741,7D189241,Single_Gunshot,2016-06-25,19:25:52,WashingtonDC7D,38.84,-76.987
2742,7D189281,Gunshot_or_Firecracker,2016-06-25,20:04:31,WashingtonDC7D,38.816,-76.997
2743,6D154079,Multiple_Gunshots,2016-06-25,20:26:03,WashingtonDC6D,38.893,-76.939
2744,7D189347,Multiple_Gunshots,2016-06-25,20:53:38,WashingtonDC7D,38.838,-77.004
2745,7D189406,Multiple_Gunshots,2016-06-25,21:27:17,WashingtonDC7D,38.832,-77.004
2746,7D189407,Multiple_Gunshots,2016-06-25,21:27:22,WashingtonDC7D,38.832,-77.004
2747,7D189496,Multiple_Gunshots,2016-06-25,22:13:38,WashingtonDC7D,38.837,-77.006
2748,6D154262,Single_Gunshot,2016-06-25,23:42:54,WashingtonDC6D,38.878,-76.922
2749,7D189607,Multiple_Gunshots,2016-06-25,23:56:15,WashingtonDC7D,38.843,-76.984
2750,7D189611,Multiple_Gunshots,2016-06-26,00:00:58,WashingtonDC7D,38.834,-76.991
2751,6D154283,Gunshot_or_Firecracker,2016-06-26,00:25:44,WashingtonDC6D,38.884,-76.959
2752,6D154311,Multiple_Gunshots,2016-06-26,00:58:10,WashingtonDC6D,38.875,-76.964
2753,1D76605,Multiple_Gunshots,2016-06-26,02:17:54,WashingtonDC1D,38.887,-76.98
2754,1D76606,Multiple_Gunshots,2016-06-26,02:23:03,WashingtonDC1D,38.877,-77.014
2755,1D76608,Multiple_Gunshots,2016-06-26,03:12:06,WashingtonDC1D,38.891,-76.971
2756,7D189662,Single_Gunshot,2016-06-26,03:17:40,WashingtonDC7D,38.859,-76.996
2757,4D49787,Single_Gunshot,2016-06-26,03:47:31,WashingtonDC4D,38.934,-77.03
2758,6D154322,Multiple_Gunshots,2016-06-26,03:48:11,WashingtonDC6D,38.894,-76.925
2759,7D189665,Multiple_Gunshots,2016-06-26,03:54:21,WashingtonDC7D,38.865,-77.002
2760,6D154324,Multiple_Gunshots,2016-06-26,04:47:47,WashingtonDC6D,38.878,-76.943
2761,1D76613,Single_Gunshot,2016-06-26,17:24:29,WashingtonDC1D,38.904,-76.982
2762,7D189747,Single_Gunshot,2016-06-26,18:21:06,WashingtonDC7D,38.831,-76.99
2763,6D154354,Single_Gunshot,2016-06-26,18:43:44,WashingtonDC6D,38.885,-76.954
2764,7D189769,Single_Gunshot,2016-06-26,19:44:26,WashingtonDC7D,38.827,-77.007
2765,6D154493,Multiple_Gunshots,2016-06-26,21:32:00,WashingtonDC6D,38.886,-76.957
2766,7D189884,Multiple_Gunshots,2016-06-26,21:39:28,WashingtonDC7D,38.838,-76.992
2767,7D189893,Multiple_Gunshots,2016-06-26,21:42:35,WashingtonDC7D,38.84,-76.99
2768,7D189894,Gunshot_or_Firecracker,2016-06-26,21:42:37,WashingtonDC7D,38.84,-76.99
2769,7D189956,Multiple_Gunshots,2016-06-26,22:18:53,WashingtonDC7D,38.853,-76.98
2770,6D154552,Gunshot_or_Firecracker,2016-06-26,22:29:19,WashingtonDC6D,38.86,-76.968
2771,6D154572,Gunshot_or_Firecracker,2016-06-27,00:22:58,WashingtonDC6D,38.884,-76.934
2772,5D58758,Single_Gunshot,2016-06-27,01:16:53,WashingtonDC5D,38.906,-77.013
2773,5D58759,Multiple_Gunshots,2016-06-27,02:40:32,WashingtonDC5D,38.909,-76.984
2774,5D58760,Multiple_Gunshots,2016-06-27,02:40:41,WashingtonDC5D,38.91,-76.986
2775,5D58761,Multiple_Gunshots,2016-06-27,02:40:44,WashingtonDC5D,38.909,-76.984
2776,5D58762,Multiple_Gunshots,2016-06-27,02:40:54,WashingtonDC5D,38.909,-76.984
2777,7D190002,Single_Gunshot,2016-06-27,03:20:39,WashingtonDC7D,38.858,-76.985
2778,7D190019,Single_Gunshot,2016-06-27,17:25:41,WashingtonDC7D,38.847,-76.977
2779,7D190049,Gunshot_or_Firecracker,2016-06-27,18:26:14,WashingtonDC7D,38.818,-76.998
2780,5D58781,Single_Gunshot,2016-06-27,19:17:58,WashingtonDC5D,38.934,-76.963
2781,6D154611,Gunshot_or_Firecracker,2016-06-27,20:11:56,WashingtonDC6D,38.892,-76.951
2782,7D190110,Multiple_Gunshots,2016-06-27,20:16:00,WashingtonDC7D,38.845,-76.978
2783,7D190136,Multiple_Gunshots,2016-06-27,21:24:19,WashingtonDC7D,38.84,-76.99
2784,4D49807,Multiple_Gunshots,2016-06-27,21:44:16,WashingtonDC4D,38.929,-77.024
2785,7D190164,Multiple_Gunshots,2016-06-27,22:20:33,WashingtonDC7D,38.867,-76.972
2786,6D154675,Gunshot_or_Firecracker,2016-06-27,22:20:33,WashingtonDC6D,38.867,-76.972
2787,6D154676,Multiple_Gunshots,2016-06-27,22:20:41,WashingtonDC6D,38.867,-76.972
2788,4D49811,Single_Gunshot,2016-06-28,01:07:06,WashingtonDC4D,38.936,-77.02
2789,,Gunshot_or_Firecracker,2016-06-28,11:41:36,WashingtonDC6D,38.894,-76.924
2790,3D54258,Gunshot_or_Firecracker,2016-06-28,13:42:21,WashingtonDC3D,38.932,-77.023
2791,4D49817,Single_Gunshot,2016-06-28,16:09:40,WashingtonDC4D,38.95,-77.013
2792,6D154746,Gunshot_or_Firecracker,2016-06-28,16:50:01,WashingtonDC6D,38.887,-76.924
2793,7D190230,Multiple_Gunshots,2016-06-28,17:47:03,WashingtonDC7D,38.837,-77.005
2794,6D154761,Multiple_Gunshots,2016-06-28,18:41:40,WashingtonDC6D,38.879,-76.93
2795,5D58871,Multiple_Gunshots,2016-06-28,20:20:08,WashingtonDC5D,38.909,-77.008
2796,3D54261,Multiple_Gunshots,2016-06-28,20:20:09,WashingtonDC3D,38.909,-77.008
2797,7D190401,Gunshot_or_Firecracker,2016-06-28,21:07:41,WashingtonDC7D,38.856,-76.981
2798,7D190411,Gunshot_or_Firecracker,2016-06-28,21:14:51,WashingtonDC7D,38.835,-76.983
2799,6D154859,Multiple_Gunshots,2016-06-28,21:43:17,WashingtonDC6D,38.867,-76.972
2800,7D190417,Multiple_Gunshots,2016-06-28,21:43:20,WashingtonDC7D,38.867,-76.972
2801,6D154862,Multiple_Gunshots,2016-06-28,21:53:25,WashingtonDC6D,38.893,-76.911
2802,6D154872,Multiple_Gunshots,2016-06-28,23:34:59,WashingtonDC6D,38.884,-76.929
2803,7D190457,Multiple_Gunshots,2016-06-29,00:29:23,WashingtonDC7D,38.863,-76.983
2804,7D190460,Multiple_Gunshots,2016-06-29,00:30:57,WashingtonDC7D,38.864,-76.981
2805,6D154875,Multiple_Gunshots,2016-06-29,00:30:58,WashingtonDC6D,38.861,-76.981
2806,5D58884,Multiple_Gunshots,2016-06-29,00:44:04,WashingtonDC5D,38.926,-76.963
2807,7D190461,Single_Gunshot,2016-06-29,01:33:49,WashingtonDC7D,38.847,-76.977
2808,7D190487,Multiple_Gunshots,2016-06-29,15:03:27,WashingtonDC7D,38.844,-76.988
2809,7D190551,Multiple_Gunshots,2016-06-29,19:38:13,WashingtonDC7D,38.841,-76.991
2810,6D154909,Single_Gunshot,2016-06-29,19:47:37,WashingtonDC6D,38.887,-76.926
2811,6D154922,Multiple_Gunshots,2016-06-29,20:50:12,WashingtonDC6D,38.892,-76.914
2812,7D190647,Gunshot_or_Firecracker,2016-06-29,21:01:18,WashingtonDC7D,38.828,-77.006
2813,6D155019,Gunshot_or_Firecracker,2016-06-29,22:00:41,WashingtonDC6D,38.887,-76.928
2814,4D49881,Multiple_Gunshots,2016-06-29,22:17:52,WashingtonDC4D,38.952,-77.023
2815,7D190847,Multiple_Gunshots,2016-06-29,23:15:21,WashingtonDC7D,38.846,-76.98
2816,7D190851,Multiple_Gunshots,2016-06-29,23:15:43,WashingtonDC7D,38.845,-76.979
2817,7D190854,Multiple_Gunshots,2016-06-29,23:49:43,WashingtonDC7D,38.848,-76.975
2818,5D58948,Single_Gunshot,2016-06-29,23:57:39,WashingtonDC5D,38.903,-77.011
2819,6D155071,Single_Gunshot,2016-06-30,00:13:39,WashingtonDC6D,38.905,-76.95
2820,4D49885,Gunshot_or_Firecracker,2016-06-30,00:13:49,WashingtonDC4D,38.935,-77.041
2821,6D155075,Single_Gunshot,2016-06-30,00:53:40,WashingtonDC6D,38.891,-76.918
2822,7D190862,Single_Gunshot,2016-06-30,01:02:42,WashingtonDC7D,38.844,-76.978
2823,6D155076,Single_Gunshot,2016-06-30,01:04:10,WashingtonDC6D,38.896,-76.927
2824,6D155079,Multiple_Gunshots,2016-06-30,02:34:55,WashingtonDC6D,38.894,-76.93
2825,6D155080,Multiple_Gunshots,2016-06-30,02:36:03,WashingtonDC6D,38.902,-76.93
2826,6D155081,Multiple_Gunshots,2016-06-30,02:36:08,WashingtonDC6D,38.902,-76.93
2827,5D58955,Single_Gunshot,2016-06-30,05:15:54,WashingtonDC5D,38.895,-76.971
2828,6D155096,Gunshot_or_Firecracker,2016-06-30,15:28:49,WashingtonDC6D,38.893,-76.949
2829,7D190929,Multiple_Gunshots,2016-06-30,17:16:13,WashingtonDC7D,38.852,-76.984
2830,7D191236,Multiple_Gunshots,2016-06-30,21:29:00,WashingtonDC7D,38.845,-76.986
2831,6D155267,Multiple_Gunshots,2016-06-30,21:51:03,WashingtonDC6D,38.886,-76.955
2832,7D191383,Multiple_Gunshots,2016-06-30,22:45:59,WashingtonDC7D,38.829,-76.993
2833,7D191422,Multiple_Gunshots,2016-07-01,01:14:51,WashingtonDC7D,38.853,-76.965
2834,7D191423,Multiple_Gunshots,2016-07-01,01:15:06,WashingtonDC7D,38.853,-76.965
2835,6D155385,Multiple_Gunshots,2016-07-01,01:39:12,WashingtonDC6D,38.886,-76.956
2836,7D191424,Multiple_Gunshots,2016-07-01,02:12:19,WashingtonDC7D,38.821,-77.006
2837,6D155386,Multiple_Gunshots,2016-07-01,02:17:54,WashingtonDC6D,38.866,-76.972
2838,6D155387,Multiple_Gunshots,2016-07-01,02:18:13,WashingtonDC6D,38.867,-76.972
2839,7D191427,Single_Gunshot,2016-07-01,02:36:57,WashingtonDC7D,38.86,-76.995
2840,5D59065,Multiple_Gunshots,2016-07-01,03:00:25,WashingtonDC5D,38.909,-77.014
2841,7D191429,Multiple_Gunshots,2016-07-01,04:06:25,WashingtonDC7D,38.845,-76.973
2842,7D191430,Gunshot_or_Firecracker,2016-07-01,04:06:30,WashingtonDC7D,38.845,-76.973
2843,7D191431,Multiple_Gunshots,2016-07-01,04:07:14,WashingtonDC7D,38.838,-76.965
2844,7D191432,Single_Gunshot,2016-07-01,04:50:45,WashingtonDC7D,38.831,-77.001
2845,7D191481,Multiple_Gunshots,2016-07-01,14:52:30,WashingtonDC7D,38.846,-76.972
2846,7D191612,Single_Gunshot,2016-07-01,18:54:12,WashingtonDC7D,38.845,-76.998
2847,7D192276,Multiple_Gunshots,2016-07-01,22:19:19,WashingtonDC7D,38.845,-77.001
2848,7D192412,Multiple_Gunshots,2016-07-01,22:53:10,WashingtonDC7D,38.845,-76.985
2849,6D155967,Multiple_Gunshots,2016-07-01,23:09:26,WashingtonDC6D,38.871,-76.928
2850,6D156047,Multiple_Gunshots,2016-07-01,23:35:48,WashingtonDC6D,38.894,-76.925
2851,6D156048,Multiple_Gunshots,2016-07-01,23:35:53,WashingtonDC6D,38.893,-76.931
2852,6D156049,Multiple_Gunshots,2016-07-01,23:35:54,WashingtonDC6D,38.894,-76.929
2853,6D156050,Multiple_Gunshots,2016-07-01,23:35:57,WashingtonDC6D,38.894,-76.925
2854,6D156096,Multiple_Gunshots,2016-07-02,00:06:26,WashingtonDC6D,38.893,-76.951
2855,7D192689,Single_Gunshot,2016-07-02,01:27:12,WashingtonDC7D,38.846,-76.97
2856,7D192705,Multiple_Gunshots,2016-07-02,01:37:09,WashingtonDC7D,38.849,-76.958
2857,6D156175,Single_Gunshot,2016-07-02,02:53:00,WashingtonDC6D,38.886,-76.929
2858,7D192752,Multiple_Gunshots,2016-07-02,03:09:46,WashingtonDC7D,38.866,-76.991
2859,5D59302,Multiple_Gunshots,2016-07-02,03:11:59,WashingtonDC5D,38.909,-76.987
2860,6D156177,Multiple_Gunshots,2016-07-02,05:20:25,WashingtonDC6D,38.893,-76.93
2861,7D192769,Multiple_Gunshots,2016-07-02,11:07:47,WashingtonDC7D,38.834,-76.992
2862,6D156199,Gunshot_or_Firecracker,2016-07-02,11:41:48,WashingtonDC6D,38.903,-76.929
2863,7D192778,Multiple_Gunshots,2016-07-02,11:54:52,WashingtonDC7D,38.846,-76.973
2864,7D192904,Multiple_Gunshots,2016-07-02,14:15:24,WashingtonDC7D,38.84,-76.994
2865,6D156325,Multiple_Gunshots,2016-07-02,17:20:29,WashingtonDC6D,38.894,-76.917
2866,3D54580,Multiple_Gunshots,2016-07-02,17:39:31,WashingtonDC3D,38.917,-77.005
2867,1D76954,Single_Gunshot,2016-07-02,18:19:16,WashingtonDC1D,38.903,-76.987
2868,6D156380,Multiple_Gunshots,2016-07-02,18:23:20,WashingtonDC6D,38.894,-76.919
2869,6D156385,Multiple_Gunshots,2016-07-02,18:25:18,WashingtonDC6D,38.907,-76.926
2870,6D156418,Multiple_Gunshots,2016-07-02,18:58:44,WashingtonDC6D,38.868,-76.968
2871,7D193367,Single_Gunshot,2016-07-02,19:08:48,WashingtonDC7D,38.829,-76.996
2872,7D193491,Multiple_Gunshots,2016-07-02,19:55:39,WashingtonDC7D,38.866,-76.974
2873,7D194146,Multiple_Gunshots,2016-07-02,21:51:46,WashingtonDC7D,38.842,-77.004
2874,1D77482,Single_Gunshot,2016-07-02,22:41:43,WashingtonDC1D,38.886,-76.985
2875,6D157429,Multiple_Gunshots,2016-07-02,23:19:14,WashingtonDC6D,38.905,-76.924
2876,7D194886,Multiple_Gunshots,2016-07-03,00:12:00,WashingtonDC7D,38.828,-76.991
2877,6D157733,Multiple_Gunshots,2016-07-03,01:05:51,WashingtonDC6D,38.905,-76.924
2878,6D157903,Multiple_Gunshots,2016-07-03,03:09:03,WashingtonDC6D,38.904,-76.932
2879,3D55405,Single_Gunshot,2016-07-03,03:13:31,WashingtonDC3D,38.917,-77.031
2880,7D195140,Multiple_Gunshots,2016-07-03,03:50:18,WashingtonDC7D,38.847,-76.998
2881,7D195141,Multiple_Gunshots,2016-07-03,03:50:27,WashingtonDC7D,38.847,-76.998
2882,7D195142,Single_Gunshot,2016-07-03,03:50:33,WashingtonDC7D,38.847,-76.999
2883,7D195143,Multiple_Gunshots,2016-07-03,03:50:40,WashingtonDC7D,38.847,-76.999
2884,7D195144,Multiple_Gunshots,2016-07-03,03:50:48,WashingtonDC7D,38.847,-76.999
2885,7D195145,Multiple_Gunshots,2016-07-03,03:50:55,WashingtonDC7D,38.846,-76.996
2886,7D195146,Multiple_Gunshots,2016-07-03,03:50:56,WashingtonDC7D,38.847,-76.999
2887,6D157970,Multiple_Gunshots,2016-07-03,13:18:30,WashingtonDC6D,38.883,-76.917
2888,6D158247,Multiple_Gunshots,2016-07-03,17:03:45,WashingtonDC6D,38.887,-76.953
2889,7D196025,Single_Gunshot,2016-07-03,18:43:20,WashingtonDC7D,38.864,-76.986
2890,6D158753,Multiple_Gunshots,2016-07-03,19:36:34,WashingtonDC6D,38.889,-76.929
2891,6D158992,Multiple_Gunshots,2016-07-03,20:17:50,WashingtonDC6D,38.885,-76.936
2892,7D196567,Multiple_Gunshots,2016-07-03,20:48:11,WashingtonDC7D,38.824,-77.005
2893,1D78197,Multiple_Gunshots,2016-07-03,20:59:29,WashingtonDC1D,38.908,-76.987
2894,7D196783,Multiple_Gunshots,2016-07-03,21:25:05,WashingtonDC7D,38.851,-76.982
2895,7D196905,Multiple_Gunshots,2016-07-03,21:45:42,WashingtonDC7D,38.861,-76.982
2896,7D196907,Single_Gunshot,2016-07-03,21:45:53,WashingtonDC7D,38.855,-76.99
2897,7D196908,Multiple_Gunshots,2016-07-03,21:45:56,WashingtonDC7D,38.826,-76.998
2898,7D196913,Multiple_Gunshots,2016-07-03,21:46:29,WashingtonDC7D,38.868,-76.983
2899,7D196914,Multiple_Gunshots,2016-07-03,21:46:33,WashingtonDC7D,38.849,-76.982
2900,7D196920,Multiple_Gunshots,2016-07-03,21:47:35,WashingtonDC7D,38.835,-76.988
2901,7D196963,Multiple_Gunshots,2016-07-03,21:56:13,WashingtonDC7D,38.851,-76.968
2902,4D52650,Multiple_Gunshots,2016-07-03,23:31:25,WashingtonDC4D,38.925,-77.009
2903,6D160161,Multiple_Gunshots,2016-07-03,23:42:17,WashingtonDC6D,38.905,-76.936
2904,6D160711,Multiple_Gunshots,2016-07-04,01:30:11,WashingtonDC6D,38.898,-76.941
2905,6D160715,Multiple_Gunshots,2016-07-04,01:31:23,WashingtonDC6D,38.868,-76.942
2906,6D160821,Multiple_Gunshots,2016-07-04,02:22:27,WashingtonDC6D,38.895,-76.927
2907,7D198218,Multiple_Gunshots,2016-07-04,02:23:15,WashingtonDC7D,38.83,-76.998
2908,6D160845,Multiple_Gunshots,2016-07-04,02:46:35,WashingtonDC6D,38.894,-76.924
2909,6D160853,Multiple_Gunshots,2016-07-04,03:07:16,WashingtonDC6D,38.877,-76.959
2910,6D160882,Multiple_Gunshots,2016-07-04,03:37:42,WashingtonDC6D,38.886,-76.93
2911,7D198269,Multiple_Gunshots,2016-07-04,03:54:57,WashingtonDC7D,38.841,-76.991
2912,7D198319,Multiple_Gunshots,2016-07-04,09:47:23,WashingtonDC7D,38.857,-76.973
2913,7D198565,Multiple_Gunshots,2016-07-04,12:33:58,WashingtonDC7D,38.859,-76.988
2914,7D198674,Multiple_Gunshots,2016-07-04,13:05:05,WashingtonDC7D,38.851,-76.964
2915,7D198675,Multiple_Gunshots,2016-07-04,13:05:10,WashingtonDC7D,38.857,-76.968
2916,7D199829,Multiple_Gunshots,2016-07-04,18:07:12,WashingtonDC7D,38.843,-77.002
2917,6D162629,Multiple_Gunshots,2016-07-04,19:17:29,WashingtonDC6D,38.861,-76.972
2918,1D79803,Single_Gunshot,2016-07-04,19:23:38,WashingtonDC1D,38.906,-76.987
2919,1D79813,Multiple_Gunshots,2016-07-04,19:30:30,WashingtonDC1D,38.902,-76.977
2920,7D200557,Multiple_Gunshots,2016-07-04,20:07:27,WashingtonDC7D,38.824,-77.004
2921,6D163168,Multiple_Gunshots,2016-07-04,23:25:21,WashingtonDC6D,38.867,-76.956
2922,7D200786,Multiple_Gunshots,2016-07-04,23:28:31,WashingtonDC7D,38.828,-77.006
2923,4D54745,Multiple_Gunshots,2016-07-05,00:08:32,WashingtonDC4D,38.932,-77.025
2924,3D58979,Multiple_Gunshots,2016-07-05,00:08:32,WashingtonDC3D,38.931,-77.026
2925,3D58992,Multiple_Gunshots,2016-07-05,00:11:34,WashingtonDC3D,38.931,-77.026
2926,5D64479,Multiple_Gunshots,2016-07-05,00:26:48,WashingtonDC5D,38.913,-77.013
2927,5D64526,Multiple_Gunshots,2016-07-05,00:35:21,WashingtonDC5D,38.905,-77.012
2928,7D201191,Multiple_Gunshots,2016-07-05,00:37:31,WashingtonDC7D,38.865,-76.979
2929,6D163676,Multiple_Gunshots,2016-07-05,00:41:50,WashingtonDC6D,38.885,-76.928
2930,6D163702,Multiple_Gunshots,2016-07-05,00:44:53,WashingtonDC6D,38.887,-76.948
2931,5D64587,Multiple_Gunshots,2016-07-05,00:47:05,WashingtonDC5D,38.899,-76.979
2932,7D201292,Multiple_Gunshots,2016-07-05,00:53:25,WashingtonDC7D,38.845,-76.985
2933,7D201405,Multiple_Gunshots,2016-07-05,01:10:28,WashingtonDC7D,38.859,-76.996
2934,5D64693,Multiple_Gunshots,2016-07-05,01:17:28,WashingtonDC5D,38.93,-76.966
2935,7D201448,Multiple_Gunshots,2016-07-05,01:18:32,WashingtonDC7D,38.858,-76.973
2936,7D201507,Multiple_Gunshots,2016-07-05,01:32:12,WashingtonDC7D,38.855,-76.992
2937,6D164004,Multiple_Gunshots,2016-07-05,01:37:33,WashingtonDC6D,38.892,-76.944
2938,6D164030,Multiple_Gunshots,2016-07-05,01:42:20,WashingtonDC6D,38.88,-76.939
2939,6D164031,Multiple_Gunshots,2016-07-05,01:42:32,WashingtonDC6D,38.88,-76.938
2940,5D64773,Multiple_Gunshots,2016-07-05,01:51:38,WashingtonDC5D,38.915,-77.032
2941,7D201595,Multiple_Gunshots,2016-07-05,01:57:05,WashingtonDC7D,38.826,-77.004
2942,7D201603,Multiple_Gunshots,2016-07-05,02:05:13,WashingtonDC7D,38.854,-76.98
2943,6D164107,Multiple_Gunshots,2016-07-05,02:45:18,WashingtonDC6D,38.885,-76.923
2944,4D55197,Multiple_Gunshots,2016-07-05,03:10:22,WashingtonDC4D,38.939,-77.032
2945,7D201689,Multiple_Gunshots,2016-07-05,04:05:03,WashingtonDC7D,38.831,-77.007
2946,5D64806,Multiple_Gunshots,2016-07-05,05:36:49,WashingtonDC5D,38.9,-76.974
2947,6D164125,Multiple_Gunshots,2016-07-05,07:14:19,WashingtonDC6D,38.901,-76.928
2948,6D164173,Multiple_Gunshots,2016-07-05,11:40:01,WashingtonDC6D,38.894,-76.924
2949,6D164174,Multiple_Gunshots,2016-07-05,11:40:10,WashingtonDC6D,38.894,-76.924
2950,6D164175,Multiple_Gunshots,2016-07-05,11:40:11,WashingtonDC6D,38.894,-76.924
2951,7D201956,Multiple_Gunshots,2016-07-05,14:27:06,WashingtonDC7D,38.839,-76.99
2952,7D202172,Multiple_Gunshots,2016-07-05,17:09:00,WashingtonDC7D,38.834,-77.005
2953,6D164404,Multiple_Gunshots,2016-07-05,17:34:10,WashingtonDC6D,38.905,-76.951
2954,7D202270,Multiple_Gunshots,2016-07-05,18:07:39,WashingtonDC7D,38.867,-76.982
2955,6D164467,Multiple_Gunshots,2016-07-05,18:22:40,WashingtonDC6D,38.891,-76.946
2956,6D164649,Multiple_Gunshots,2016-07-05,19:41:15,WashingtonDC6D,38.908,-76.929
2957,6D165347,Multiple_Gunshots,2016-07-05,21:47:25,WashingtonDC6D,38.894,-76.916
2958,6D165763,Multiple_Gunshots,2016-07-05,22:44:05,WashingtonDC6D,38.894,-76.93
2959,6D165764,Multiple_Gunshots,2016-07-05,22:44:09,WashingtonDC6D,38.894,-76.93
2960,4D55793,Multiple_Gunshots,2016-07-05,23:07:01,WashingtonDC4D,38.928,-77.033
2961,7D203816,Single_Gunshot,2016-07-05,23:25:03,WashingtonDC7D,38.862,-76.99
2962,7D204108,Multiple_Gunshots,2016-07-06,01:53:18,WashingtonDC7D,38.838,-77.004
2963,3D59957,Multiple_Gunshots,2016-07-06,05:16:48,WashingtonDC3D,38.928,-77.018
2964,5D66153,Multiple_Gunshots,2016-07-06,07:27:48,WashingtonDC5D,38.899,-76.982
2965,7D204222,Single_Gunshot,2016-07-06,16:01:35,WashingtonDC7D,38.848,-76.976
2966,7D204309,Single_Gunshot,2016-07-06,18:15:13,WashingtonDC7D,38.835,-77.002
2967,1D81723,Single_Gunshot,2016-07-06,19:02:52,WashingtonDC1D,38.899,-76.978
2968,7D204380,Single_Gunshot,2016-07-06,19:12:02,WashingtonDC7D,38.857,-76.996
2969,5D66246,Gunshot_or_Firecracker,2016-07-06,20:09:30,WashingtonDC5D,38.904,-76.992
2970,7D204929,Multiple_Gunshots,2016-07-06,22:42:42,WashingtonDC7D,38.836,-76.993
2971,7D204946,Multiple_Gunshots,2016-07-06,22:49:52,WashingtonDC7D,38.838,-76.997
2972,1D81933,Single_Gunshot,2016-07-06,22:54:45,WashingtonDC1D,38.892,-76.98
2973,7D204972,Single_Gunshot,2016-07-06,22:58:23,WashingtonDC7D,38.835,-76.982
2974,7D205020,Multiple_Gunshots,2016-07-06,23:15:04,WashingtonDC7D,38.856,-76.995
2975,7D205034,Multiple_Gunshots,2016-07-06,23:19:15,WashingtonDC7D,38.865,-76.983
2976,6D166881,Multiple_Gunshots,2016-07-06,23:19:15,WashingtonDC6D,38.865,-76.983
2977,7D205035,Multiple_Gunshots,2016-07-06,23:19:23,WashingtonDC7D,38.865,-76.983
2978,6D166882,Multiple_Gunshots,2016-07-06,23:19:24,WashingtonDC6D,38.865,-76.983
2979,6D166967,Multiple_Gunshots,2016-07-07,00:56:00,WashingtonDC6D,38.881,-76.933
2980,1D81970,Single_Gunshot,2016-07-07,16:09:23,WashingtonDC1D,38.902,-76.971
2981,7D205203,Single_Gunshot,2016-07-07,17:16:05,WashingtonDC7D,38.86,-76.99
2982,7D205249,Single_Gunshot,2016-07-07,18:24:29,WashingtonDC7D,38.852,-76.98
2983,7D205298,Single_Gunshot,2016-07-07,19:11:46,WashingtonDC7D,38.848,-76.981
2984,6D167120,Multiple_Gunshots,2016-07-07,20:42:41,WashingtonDC6D,38.867,-76.949
2985,5D66631,Multiple_Gunshots,2016-07-07,21:09:42,WashingtonDC5D,38.9,-76.987
2986,7D205690,Multiple_Gunshots,2016-07-07,22:14:57,WashingtonDC7D,38.843,-76.961
2987,7D205754,Single_Gunshot,2016-07-07,23:29:06,WashingtonDC7D,38.846,-76.998
2988,5D66682,Multiple_Gunshots,2016-07-08,00:25:10,WashingtonDC5D,38.902,-77.009
2989,6D167407,Multiple_Gunshots,2016-07-08,00:59:28,WashingtonDC6D,38.894,-76.925
2990,3D60175,Single_Gunshot,2016-07-08,01:31:03,WashingtonDC3D,38.925,-77.025
2991,7D205851,Multiple_Gunshots,2016-07-08,09:15:58,WashingtonDC7D,38.86,-76.971
2992,7D205887,Multiple_Gunshots,2016-07-08,14:57:47,WashingtonDC7D,38.845,-76.985
2993,7D206002,Multiple_Gunshots,2016-07-08,20:31:47,WashingtonDC7D,38.827,-77.002
2994,7D206003,Single_Gunshot,2016-07-08,20:31:58,WashingtonDC7D,38.827,-77.002
2995,7D206004,Multiple_Gunshots,2016-07-08,20:32:12,WashingtonDC7D,38.827,-77.002
2996,7D206339,Multiple_Gunshots,2016-07-08,23:54:23,WashingtonDC7D,38.825,-77.009
2997,5D66883,Multiple_Gunshots,2016-07-09,02:00:47,WashingtonDC5D,38.913,-77.021
2998,3D60279,Multiple_Gunshots,2016-07-09,02:00:47,WashingtonDC3D,38.913,-77.023
2999,7D206364,Multiple_Gunshots,2016-07-09,02:08:59,WashingtonDC7D,38.831,-76.999
3000,7D206365,Multiple_Gunshots,2016-07-09,02:09:05,WashingtonDC7D,38.831,-76.999
3001,5D66894,Multiple_Gunshots,2016-07-09,04:04:18,WashingtonDC5D,38.91,-76.988
3002,1D82175,Multiple_Gunshots,2016-07-09,04:04:20,WashingtonDC1D,38.91,-76.988
3003,6D167953,Gunshot_or_Firecracker,2016-07-09,07:23:34,WashingtonDC6D,38.881,-76.948
3004,6D167975,Gunshot_or_Firecracker,2016-07-09,17:44:19,WashingtonDC6D,38.862,-76.951
3005,6D167985,Multiple_Gunshots,2016-07-09,19:36:47,WashingtonDC6D,38.894,-76.93
3006,4D56275,Multiple_Gunshots,2016-07-09,20:50:15,WashingtonDC4D,38.958,-77.014
3007,7D206575,Multiple_Gunshots,2016-07-09,21:12:57,WashingtonDC7D,38.839,-76.997
3008,7D206584,Multiple_Gunshots,2016-07-09,21:14:19,WashingtonDC7D,38.864,-76.976
3009,6D168087,Multiple_Gunshots,2016-07-09,21:21:45,WashingtonDC6D,38.872,-76.979
3010,6D168090,Multiple_Gunshots,2016-07-09,21:22:06,WashingtonDC6D,38.885,-76.936
3011,6D168144,Multiple_Gunshots,2016-07-09,21:32:59,WashingtonDC6D,38.872,-76.979
3012,6D168149,Multiple_Gunshots,2016-07-09,21:33:18,WashingtonDC6D,38.905,-76.936
3013,7D206700,Single_Gunshot,2016-07-09,21:36:35,WashingtonDC7D,38.838,-77.005
3014,7D206881,Multiple_Gunshots,2016-07-09,22:10:07,WashingtonDC7D,38.833,-76.988
3015,7D206901,Multiple_Gunshots,2016-07-09,22:15:50,WashingtonDC7D,38.826,-77.004
3016,6D168352,Multiple_Gunshots,2016-07-09,22:36:30,WashingtonDC6D,38.883,-76.928
3017,7D206968,Single_Gunshot,2016-07-09,22:39:35,WashingtonDC7D,38.872,-76.98
3018,7D206970,Multiple_Gunshots,2016-07-09,22:39:43,WashingtonDC7D,38.872,-76.98
3019,6D168373,Multiple_Gunshots,2016-07-09,22:41:22,WashingtonDC6D,38.872,-76.98
3020,1D82254,Multiple_Gunshots,2016-07-09,23:21:30,WashingtonDC1D,38.895,-76.979
3021,6D168442,Multiple_Gunshots,2016-07-09,23:50:08,WashingtonDC6D,38.887,-76.926
3022,5D67052,Multiple_Gunshots,2016-07-10,00:04:12,WashingtonDC5D,38.922,-76.979
3023,5D67054,Gunshot_or_Firecracker,2016-07-10,00:04:16,WashingtonDC5D,38.922,-76.979
3024,5D67055,Multiple_Gunshots,2016-07-10,00:04:18,WashingtonDC5D,38.922,-76.979
3025,5D67057,Multiple_Gunshots,2016-07-10,00:04:23,WashingtonDC5D,38.922,-76.979
3026,5D67084,Multiple_Gunshots,2016-07-10,01:38:51,WashingtonDC5D,38.904,-77.012
3027,5D67089,Multiple_Gunshots,2016-07-10,02:53:45,WashingtonDC5D,38.919,-76.988
3028,1D82280,Multiple_Gunshots,2016-07-10,03:08:20,WashingtonDC1D,38.898,-76.988
3029,6D168462,Multiple_Gunshots,2016-07-10,03:36:38,WashingtonDC6D,38.892,-76.949
3030,7D207188,Multiple_Gunshots,2016-07-10,03:56:43,WashingtonDC7D,38.847,-77.0
3031,5D67101,Multiple_Gunshots,2016-07-10,04:19:43,WashingtonDC5D,38.919,-77.014
3032,7D207189,Single_Gunshot,2016-07-10,04:51:08,WashingtonDC7D,38.851,-76.975
3033,6D168465,Multiple_Gunshots,2016-07-10,05:12:30,WashingtonDC6D,38.875,-76.964
3034,7D207197,Gunshot_or_Firecracker,2016-07-10,11:43:33,WashingtonDC7D,38.846,-76.97
3035,7D207207,Gunshot_or_Firecracker,2016-07-10,13:56:19,WashingtonDC7D,38.833,-76.995
3036,6D168496,Gunshot_or_Firecracker,2016-07-10,16:28:19,WashingtonDC6D,38.894,-76.905
3037,3D60494,Single_Gunshot,2016-07-10,16:59:09,WashingtonDC3D,38.928,-77.027
3038,7D207262,Multiple_Gunshots,2016-07-10,19:12:55,WashingtonDC7D,38.833,-76.993
3039,6D168522,Multiple_Gunshots,2016-07-10,19:37:34,WashingtonDC6D,38.904,-76.923
3040,6D168558,Multiple_Gunshots,2016-07-10,20:14:27,WashingtonDC6D,38.887,-76.936
3041,6D168559,Multiple_Gunshots,2016-07-10,20:14:31,WashingtonDC6D,38.887,-76.937
3042,7D207358,Multiple_Gunshots,2016-07-10,21:01:19,WashingtonDC7D,38.831,-77.001
3043,7D207382,Multiple_Gunshots,2016-07-10,21:07:11,WashingtonDC7D,38.872,-76.98
3044,7D207411,Single_Gunshot,2016-07-10,21:17:51,WashingtonDC7D,38.841,-76.991
3045,7D207481,Multiple_Gunshots,2016-07-10,21:36:50,WashingtonDC7D,38.833,-76.995
3046,7D207505,Multiple_Gunshots,2016-07-10,21:44:02,WashingtonDC7D,38.845,-76.978
3047,7D207506,Multiple_Gunshots,2016-07-10,21:44:10,WashingtonDC7D,38.845,-76.978
3048,7D207517,Single_Gunshot,2016-07-10,21:46:55,WashingtonDC7D,38.841,-76.991
3049,3D60513,Single_Gunshot,2016-07-10,22:03:06,WashingtonDC3D,38.928,-77.033
3050,1D82368,Gunshot_or_Firecracker,2016-07-10,23:06:15,WashingtonDC1D,38.905,-76.976
3051,4D56629,Multiple_Gunshots,2016-07-11,00:41:27,WashingtonDC4D,38.956,-77.018
3052,5D67267,Multiple_Gunshots,2016-07-11,01:31:10,WashingtonDC5D,38.897,-76.978
3053,1D82383,Multiple_Gunshots,2016-07-11,01:31:10,WashingtonDC1D,38.897,-76.979
3054,7D207736,Single_Gunshot,2016-07-11,02:05:00,WashingtonDC7D,38.857,-76.972
3055,7D207793,Multiple_Gunshots,2016-07-11,20:12:55,WashingtonDC7D,38.822,-77.001
3056,7D207926,Multiple_Gunshots,2016-07-11,21:38:48,WashingtonDC7D,38.872,-76.965
3057,1D82404,Single_Gunshot,2016-07-11,22:04:33,WashingtonDC1D,38.9,-76.974
3058,6D168990,Multiple_Gunshots,2016-07-11,22:08:40,WashingtonDC6D,38.895,-76.96
3059,7D208018,Multiple_Gunshots,2016-07-11,22:24:14,WashingtonDC7D,38.864,-76.981
3060,6D169004,Multiple_Gunshots,2016-07-11,22:24:15,WashingtonDC6D,38.865,-76.981
3061,5D67368,Gunshot_or_Firecracker,2016-07-11,22:31:12,WashingtonDC5D,38.893,-76.982
3062,6D169019,Multiple_Gunshots,2016-07-11,23:13:31,WashingtonDC6D,38.884,-76.927
3063,7D208037,Single_Gunshot,2016-07-11,23:17:10,WashingtonDC7D,38.861,-76.986
3064,6D169022,Gunshot_or_Firecracker,2016-07-11,23:33:02,WashingtonDC6D,38.896,-76.941
3065,5D67391,Single_Gunshot,2016-07-12,00:02:32,WashingtonDC5D,38.93,-76.978
3066,7D208043,Multiple_Gunshots,2016-07-12,00:11:25,WashingtonDC7D,38.842,-76.998
3067,7D208044,Multiple_Gunshots,2016-07-12,00:13:30,WashingtonDC7D,38.843,-76.997
3068,7D208045,Multiple_Gunshots,2016-07-12,00:13:39,WashingtonDC7D,38.842,-76.997
3069,7D208046,Multiple_Gunshots,2016-07-12,00:13:56,WashingtonDC7D,38.842,-76.995
3070,7D208047,Multiple_Gunshots,2016-07-12,00:14:01,WashingtonDC7D,38.842,-76.998
3071,7D208055,Multiple_Gunshots,2016-07-12,00:55:28,WashingtonDC7D,38.871,-76.978
3072,6D169026,Multiple_Gunshots,2016-07-12,00:55:28,WashingtonDC6D,38.871,-76.978
3073,6D169027,Multiple_Gunshots,2016-07-12,00:55:31,WashingtonDC6D,38.875,-76.967
3074,7D208056,Multiple_Gunshots,2016-07-12,00:56:34,WashingtonDC7D,38.871,-76.978
3075,7D208058,Multiple_Gunshots,2016-07-12,00:58:33,WashingtonDC7D,38.871,-76.978
3076,6D169034,Single_Gunshot,2016-07-12,03:44:15,WashingtonDC6D,38.886,-76.93
3077,6D169036,Single_Gunshot,2016-07-12,04:37:33,WashingtonDC6D,38.898,-76.921
3078,6D169038,Single_Gunshot,2016-07-12,04:38:40,WashingtonDC6D,38.898,-76.921
3079,6D169039,Single_Gunshot,2016-07-12,04:38:41,WashingtonDC6D,38.898,-76.921
3080,6D169047,Multiple_Gunshots,2016-07-12,14:35:01,WashingtonDC6D,38.886,-76.92
3081,7D208176,Single_Gunshot,2016-07-12,21:07:45,WashingtonDC7D,38.866,-76.975
3082,7D208177,Single_Gunshot,2016-07-12,21:07:48,WashingtonDC7D,38.866,-76.975
3083,7D208198,Multiple_Gunshots,2016-07-12,21:45:59,WashingtonDC7D,38.827,-76.998
3084,7D208231,Gunshot_or_Firecracker,2016-07-12,22:40:12,WashingtonDC7D,38.849,-76.978
3085,5D67451,Multiple_Gunshots,2016-07-12,23:24:31,WashingtonDC5D,38.922,-77.004
3086,3D60608,Single_Gunshot,2016-07-13,00:19:21,WashingtonDC3D,38.911,-77.012
3087,5D67455,Multiple_Gunshots,2016-07-13,00:35:46,WashingtonDC5D,38.92,-76.983
3088,3D60609,Multiple_Gunshots,2016-07-13,01:36:28,WashingtonDC3D,38.929,-77.018
3089,7D208282,Gunshot_or_Firecracker,2016-07-13,02:02:59,WashingtonDC7D,38.861,-76.992
3090,6D169216,Single_Gunshot,2016-07-13,02:09:21,WashingtonDC6D,38.908,-76.917
3091,7D208283,Multiple_Gunshots,2016-07-13,02:36:21,WashingtonDC7D,38.838,-76.998
3092,7D208284,Multiple_Gunshots,2016-07-13,02:36:24,WashingtonDC7D,38.838,-76.995
3093,7D208285,Multiple_Gunshots,2016-07-13,02:36:37,WashingtonDC7D,38.838,-76.998
3094,6D169220,Gunshot_or_Firecracker,2016-07-13,10:12:57,WashingtonDC6D,38.884,-76.954
3095,7D208296,Gunshot_or_Firecracker,2016-07-13,12:19:45,WashingtonDC7D,38.846,-76.972
3096,7D208327,Single_Gunshot,2016-07-13,18:59:04,WashingtonDC7D,38.85,-76.973
3097,3D60618,Single_Gunshot,2016-07-13,19:27:14,WashingtonDC3D,38.909,-77.01
3098,7D208362,Single_Gunshot,2016-07-13,19:51:52,WashingtonDC7D,38.845,-77.001
3099,7D208464,Multiple_Gunshots,2016-07-13,22:10:56,WashingtonDC7D,38.86,-76.997
3100,7D208480,Multiple_Gunshots,2016-07-13,23:01:18,WashingtonDC7D,38.864,-76.981
3101,7D208483,Multiple_Gunshots,2016-07-13,23:30:51,WashingtonDC7D,38.852,-76.978
3102,4D56693,Single_Gunshot,2016-07-14,01:11:27,WashingtonDC4D,38.945,-77.024
3103,5D67509,Multiple_Gunshots,2016-07-14,04:25:46,WashingtonDC5D,38.914,-76.984
3104,7D208507,Multiple_Gunshots,2016-07-14,17:50:29,WashingtonDC7D,38.827,-77.006
3105,7D208518,Single_Gunshot,2016-07-14,19:51:27,WashingtonDC7D,38.855,-76.979
3106,7D208519,Single_Gunshot,2016-07-14,19:56:25,WashingtonDC7D,38.867,-76.982
3107,6D169437,Multiple_Gunshots,2016-07-14,21:14:33,WashingtonDC6D,38.904,-76.925
3108,6D169471,Multiple_Gunshots,2016-07-14,21:30:26,WashingtonDC6D,38.871,-76.983
3109,7D208580,Gunshot_or_Firecracker,2016-07-14,21:50:15,WashingtonDC7D,38.837,-77.004
3110,7D208585,Multiple_Gunshots,2016-07-14,21:52:13,WashingtonDC7D,38.837,-77.004
3111,6D169481,Multiple_Gunshots,2016-07-14,22:11:03,WashingtonDC6D,38.884,-76.93
3112,7D208617,Multiple_Gunshots,2016-07-14,22:27:48,WashingtonDC7D,38.828,-77.006
3113,7D208619,Multiple_Gunshots,2016-07-14,22:27:57,WashingtonDC7D,38.83,-77.001
3114,4D56703,Single_Gunshot,2016-07-14,23:59:48,WashingtonDC4D,38.96,-77.028
3115,4D56704,Multiple_Gunshots,2016-07-15,00:32:15,WashingtonDC4D,38.95,-77.024
3116,7D208645,Multiple_Gunshots,2016-07-15,01:43:48,WashingtonDC7D,38.846,-76.97
3117,7D208646,Single_Gunshot,2016-07-15,03:42:38,WashingtonDC7D,38.835,-76.988
3118,6D169515,Multiple_Gunshots,2016-07-15,03:51:02,WashingtonDC6D,38.881,-76.94
3119,7D208649,Gunshot_or_Firecracker,2016-07-15,12:10:44,WashingtonDC7D,38.843,-76.988
3120,5D67543,Gunshot_or_Firecracker,2016-07-15,14:49:02,WashingtonDC5D,38.903,-76.987
3121,7D208651,Gunshot_or_Firecracker,2016-07-15,15:18:22,WashingtonDC7D,38.827,-77.001
3122,7D208653,Multiple_Gunshots,2016-07-15,15:59:58,WashingtonDC7D,38.834,-76.992
3123,7D208654,Multiple_Gunshots,2016-07-15,16:00:15,WashingtonDC7D,38.834,-76.992
3124,5D67552,Multiple_Gunshots,2016-07-15,17:57:44,WashingtonDC5D,38.901,-76.996
3125,7D208796,Multiple_Gunshots,2016-07-15,22:28:53,WashingtonDC7D,38.863,-76.979
3126,1D82529,Multiple_Gunshots,2016-07-15,22:46:25,WashingtonDC1D,38.879,-76.989
3127,5D67589,Gunshot_or_Firecracker,2016-07-15,23:00:03,WashingtonDC5D,38.92,-76.983
3128,7D208847,Multiple_Gunshots,2016-07-15,23:50:36,WashingtonDC7D,38.839,-76.999
3129,7D208848,Multiple_Gunshots,2016-07-15,23:50:55,WashingtonDC7D,38.838,-76.998
3130,7D208849,Multiple_Gunshots,2016-07-15,23:50:57,WashingtonDC7D,38.84,-76.994
3131,7D208850,Multiple_Gunshots,2016-07-15,23:51:28,WashingtonDC7D,38.838,-76.997
3132,7D208851,Multiple_Gunshots,2016-07-15,23:51:38,WashingtonDC7D,38.839,-76.994
3133,7D208852,Multiple_Gunshots,2016-07-15,23:51:43,WashingtonDC7D,38.838,-76.996
3134,7D208853,Multiple_Gunshots,2016-07-15,23:51:51,WashingtonDC7D,38.838,-76.997
3135,7D208854,Multiple_Gunshots,2016-07-15,23:52:23,WashingtonDC7D,38.838,-76.996
3136,7D208857,Multiple_Gunshots,2016-07-15,23:53:04,WashingtonDC7D,38.838,-76.997
3137,7D208858,Single_Gunshot,2016-07-15,23:53:21,WashingtonDC7D,38.84,-76.994
3138,6D169619,Multiple_Gunshots,2016-07-15,23:54:32,WashingtonDC6D,38.905,-76.948
3139,5D67602,Multiple_Gunshots,2016-07-16,00:04:56,WashingtonDC5D,38.917,-77.006
3140,7D208860,Single_Gunshot,2016-07-16,00:08:50,WashingtonDC7D,38.834,-76.987
3141,7D208869,Multiple_Gunshots,2016-07-16,02:19:34,WashingtonDC7D,38.849,-76.98
3142,5D67609,Multiple_Gunshots,2016-07-16,02:48:45,WashingtonDC5D,38.913,-76.992
3143,5D67610,Multiple_Gunshots,2016-07-16,02:48:54,WashingtonDC5D,38.913,-76.993
3144,5D67614,Multiple_Gunshots,2016-07-16,02:49:34,WashingtonDC5D,38.911,-76.998
3145,5D67615,Multiple_Gunshots,2016-07-16,02:49:41,WashingtonDC5D,38.911,-77.0
3146,5D67616,Multiple_Gunshots,2016-07-16,02:50:38,WashingtonDC5D,38.907,-77.01
3147,6D169627,Multiple_Gunshots,2016-07-16,03:33:03,WashingtonDC6D,38.87,-76.972
3148,6D169628,Multiple_Gunshots,2016-07-16,03:38:59,WashingtonDC6D,38.904,-76.933
3149,5D67617,Multiple_Gunshots,2016-07-16,04:18:16,WashingtonDC5D,38.935,-76.977
3150,7D208872,Single_Gunshot,2016-07-16,05:21:14,WashingtonDC7D,38.835,-76.986
3151,1D82535,Multiple_Gunshots,2016-07-16,16:10:11,WashingtonDC1D,38.872,-77.013
3152,6D169641,Multiple_Gunshots,2016-07-16,16:22:49,WashingtonDC6D,38.892,-76.936
3153,7D208884,Gunshot_or_Firecracker,2016-07-16,17:25:54,WashingtonDC7D,38.845,-76.998
3154,7D208966,Multiple_Gunshots,2016-07-16,21:35:12,WashingtonDC7D,38.833,-77.003
3155,7D208990,Multiple_Gunshots,2016-07-16,22:05:48,WashingtonDC7D,38.864,-76.981
3156,4D56749,Multiple_Gunshots,2016-07-16,22:20:08,WashingtonDC4D,38.945,-77.019
3157,4D56750,Multiple_Gunshots,2016-07-16,22:20:15,WashingtonDC4D,38.946,-77.019
3158,7D208997,Multiple_Gunshots,2016-07-16,22:20:21,WashingtonDC7D,38.839,-77.003
3159,6D169696,Gunshot_or_Firecracker,2016-07-16,22:25:51,WashingtonDC6D,38.863,-76.949
3160,7D209010,Multiple_Gunshots,2016-07-16,22:38:23,WashingtonDC7D,38.859,-77.003
3161,5D67650,Single_Gunshot,2016-07-17,01:18:30,WashingtonDC5D,38.905,-77.01
3162,5D67651,Multiple_Gunshots,2016-07-17,01:18:33,WashingtonDC5D,38.905,-77.01
3163,5D67652,Multiple_Gunshots,2016-07-17,01:18:42,WashingtonDC5D,38.905,-77.01
3164,3D60686,Multiple_Gunshots,2016-07-17,01:18:47,WashingtonDC3D,38.905,-77.01
3165,5D67660,Multiple_Gunshots,2016-07-17,02:09:52,WashingtonDC5D,38.923,-76.971
3166,6D169746,Multiple_Gunshots,2016-07-17,04:18:36,WashingtonDC6D,38.893,-76.955
3167,6D169755,Gunshot_or_Firecracker,2016-07-17,15:59:56,WashingtonDC6D,38.889,-76.929
3168,7D209078,Multiple_Gunshots,2016-07-17,16:56:57,WashingtonDC7D,38.837,-76.999
3169,6D169774,Gunshot_or_Firecracker,2016-07-17,18:34:11,WashingtonDC6D,38.877,-76.934
3170,7D209086,Multiple_Gunshots,2016-07-17,18:51:42,WashingtonDC7D,38.844,-76.973
3171,7D209108,Single_Gunshot,2016-07-17,20:04:00,WashingtonDC7D,38.853,-76.981
3172,7D209135,Single_Gunshot,2016-07-17,20:41:15,WashingtonDC7D,38.855,-76.962
3173,7D209171,Multiple_Gunshots,2016-07-17,20:52:12,WashingtonDC7D,38.837,-77.004
3174,6D169816,Multiple_Gunshots,2016-07-17,21:56:02,WashingtonDC6D,38.882,-76.935
3175,7D209262,Multiple_Gunshots,2016-07-17,22:25:31,WashingtonDC7D,38.85,-76.985
3176,3D60706,Multiple_Gunshots,2016-07-17,22:34:48,WashingtonDC3D,38.922,-77.026
3177,7D209263,Multiple_Gunshots,2016-07-17,22:37:53,WashingtonDC7D,38.825,-77.008
3178,6D169857,Single_Gunshot,2016-07-17,22:50:56,WashingtonDC6D,38.896,-76.951
3179,7D209270,Multiple_Gunshots,2016-07-18,00:11:51,WashingtonDC7D,38.861,-77.0
3180,7D209273,Multiple_Gunshots,2016-07-18,00:48:57,WashingtonDC7D,38.857,-76.99
3181,6D169932,Multiple_Gunshots,2016-07-18,21:18:37,WashingtonDC6D,38.895,-76.925
3182,6D169933,Multiple_Gunshots,2016-07-18,21:18:40,WashingtonDC6D,38.895,-76.925
3183,6D169935,Multiple_Gunshots,2016-07-18,21:18:44,WashingtonDC6D,38.895,-76.925
3184,6D169950,Multiple_Gunshots,2016-07-18,21:58:28,WashingtonDC6D,38.867,-76.972
3185,7D209384,Gunshot_or_Firecracker,2016-07-18,21:58:29,WashingtonDC7D,38.868,-76.974
3186,7D209393,Multiple_Gunshots,2016-07-18,22:20:13,WashingtonDC7D,38.846,-76.998
3187,7D209394,Multiple_Gunshots,2016-07-18,22:21:35,WashingtonDC7D,38.846,-76.998
3188,7D209397,Multiple_Gunshots,2016-07-18,22:36:23,WashingtonDC7D,38.861,-76.989
3189,7D209398,Multiple_Gunshots,2016-07-18,22:36:30,WashingtonDC7D,38.861,-76.989
3190,7D209401,Single_Gunshot,2016-07-18,22:44:00,WashingtonDC7D,38.857,-76.973
3191,7D209423,Multiple_Gunshots,2016-07-18,23:42:17,WashingtonDC7D,38.847,-77.0
3192,4D56772,Single_Gunshot,2016-07-18,23:54:57,WashingtonDC4D,38.947,-77.023
3193,7D209424,Single_Gunshot,2016-07-18,23:59:24,WashingtonDC7D,38.842,-76.994
3194,6D169976,Single_Gunshot,2016-07-19,00:30:08,WashingtonDC6D,38.902,-76.924
3195,4D56776,Multiple_Gunshots,2016-07-19,00:43:17,WashingtonDC4D,38.943,-77.025
3196,7D209425,Multiple_Gunshots,2016-07-19,01:44:30,WashingtonDC7D,38.831,-77.009
3197,7D209427,Single_Gunshot,2016-07-19,06:25:12,WashingtonDC7D,38.856,-76.97
3198,7D209443,Multiple_Gunshots,2016-07-19,14:56:52,WashingtonDC7D,38.852,-76.981
3199,6D169988,Multiple_Gunshots,2016-07-19,16:29:37,WashingtonDC6D,38.907,-76.948
3200,7D209500,Multiple_Gunshots,2016-07-19,22:47:40,WashingtonDC7D,38.828,-76.998
3201,1D82574,Multiple_Gunshots,2016-07-20,00:21:44,WashingtonDC1D,38.878,-77.014
3202,1D82575,Multiple_Gunshots,2016-07-20,00:21:54,WashingtonDC1D,38.878,-77.014
3203,7D209506,Single_Gunshot,2016-07-20,01:13:57,WashingtonDC7D,38.828,-76.996
3204,3D60739,Gunshot_or_Firecracker,2016-07-20,02:09:58,WashingtonDC3D,38.905,-77.012
3205,7D209524,Multiple_Gunshots,2016-07-20,12:07:50,WashingtonDC7D,38.844,-76.999
3206,7D209527,Multiple_Gunshots,2016-07-20,12:31:55,WashingtonDC7D,38.847,-76.975
3207,1D82584,Single_Gunshot,2016-07-20,22:50:41,WashingtonDC1D,38.9,-76.974
3208,6D170144,Multiple_Gunshots,2016-07-20,22:54:56,WashingtonDC6D,38.912,-76.936
3209,6D170145,Multiple_Gunshots,2016-07-20,22:55:07,WashingtonDC6D,38.912,-76.937
3210,6D170146,Multiple_Gunshots,2016-07-20,22:55:11,WashingtonDC6D,38.91,-76.937
3211,6D170147,Multiple_Gunshots,2016-07-20,22:55:12,WashingtonDC6D,38.91,-76.933
3212,6D170148,Multiple_Gunshots,2016-07-20,22:55:13,WashingtonDC6D,38.91,-76.934
3213,7D209645,Multiple_Gunshots,2016-07-20,23:28:09,WashingtonDC7D,38.833,-76.98
3214,6D170156,Single_Gunshot,2016-07-21,00:09:02,WashingtonDC6D,38.885,-76.936
3215,7D209655,Single_Gunshot,2016-07-21,00:11:20,WashingtonDC7D,38.837,-77.004
3216,6D170164,Multiple_Gunshots,2016-07-21,00:59:58,WashingtonDC6D,38.891,-76.918
3217,1D82590,Single_Gunshot,2016-07-21,01:22:01,WashingtonDC1D,38.9,-76.974
3218,5D67777,Single_Gunshot,2016-07-21,01:34:29,WashingtonDC5D,38.923,-77.007
3219,7D209657,Multiple_Gunshots,2016-07-21,02:05:01,WashingtonDC7D,38.863,-76.983
3220,6D170168,Multiple_Gunshots,2016-07-21,03:49:45,WashingtonDC6D,38.862,-76.974
3221,6D170170,Multiple_Gunshots,2016-07-21,06:00:08,WashingtonDC6D,38.905,-76.908
3222,6D170173,Gunshot_or_Firecracker,2016-07-21,11:49:57,WashingtonDC6D,38.901,-76.939
3223,7D209685,Single_Gunshot,2016-07-21,19:34:54,WashingtonDC7D,38.855,-76.979
3224,5D67796,Multiple_Gunshots,2016-07-21,22:06:28,WashingtonDC5D,38.897,-76.976
3225,6D170246,Multiple_Gunshots,2016-07-21,22:08:25,WashingtonDC6D,38.885,-76.922
3226,6D170277,Single_Gunshot,2016-07-21,23:32:44,WashingtonDC6D,38.89,-76.937
3227,3D60764,Single_Gunshot,2016-07-22,00:41:20,WashingtonDC3D,38.928,-77.027
3228,7D209743,Multiple_Gunshots,2016-07-22,00:45:31,WashingtonDC7D,38.839,-76.993
3229,6D170296,Multiple_Gunshots,2016-07-22,00:49:55,WashingtonDC6D,38.866,-76.952
3230,7D209746,Multiple_Gunshots,2016-07-22,01:32:32,WashingtonDC7D,38.854,-76.986
3231,6D170297,Single_Gunshot,2016-07-22,02:24:34,WashingtonDC6D,38.884,-76.922
3232,6D170298,Multiple_Gunshots,2016-07-22,02:27:53,WashingtonDC6D,38.894,-76.925
3233,6D170299,Single_Gunshot,2016-07-22,02:31:07,WashingtonDC6D,38.895,-76.918
3234,6D170300,Multiple_Gunshots,2016-07-22,02:32:45,WashingtonDC6D,38.896,-76.918
3235,6D170301,Single_Gunshot,2016-07-22,02:33:04,WashingtonDC6D,38.896,-76.918
3236,1D82604,Multiple_Gunshots,2016-07-22,02:57:28,WashingtonDC1D,38.879,-77.015
3237,6D170313,Multiple_Gunshots,2016-07-22,15:32:27,WashingtonDC6D,38.889,-76.919
3238,6D170314,Multiple_Gunshots,2016-07-22,16:06:31,WashingtonDC6D,38.902,-76.947
3239,5D67808,Gunshot_or_Firecracker,2016-07-22,16:23:27,WashingtonDC5D,38.898,-76.982
3240,6D170360,Multiple_Gunshots,2016-07-22,21:54:57,WashingtonDC6D,38.886,-76.924
3241,7D209827,Gunshot_or_Firecracker,2016-07-22,22:33:12,WashingtonDC7D,38.837,-77.004
3242,5D67845,Gunshot_or_Firecracker,2016-07-23,00:37:43,WashingtonDC5D,38.913,-77.008
3243,7D209848,Gunshot_or_Firecracker,2016-07-23,00:42:15,WashingtonDC7D,38.845,-76.98
3244,7D209873,Multiple_Gunshots,2016-07-23,01:16:38,WashingtonDC7D,38.833,-76.995
3245,7D209874,Multiple_Gunshots,2016-07-23,01:16:42,WashingtonDC7D,38.833,-76.995
3246,5D67847,Multiple_Gunshots,2016-07-23,01:34:05,WashingtonDC5D,38.924,-77.006
3247,6D170415,Multiple_Gunshots,2016-07-23,01:55:43,WashingtonDC6D,38.897,-76.918
3248,6D170416,Multiple_Gunshots,2016-07-23,01:55:52,WashingtonDC6D,38.898,-76.918
3249,4D56824,Multiple_Gunshots,2016-07-23,02:05:05,WashingtonDC4D,38.945,-77.028
3250,7D209916,Single_Gunshot,2016-07-23,02:07:17,WashingtonDC7D,38.844,-76.972
3251,1D82627,Multiple_Gunshots,2016-07-23,03:18:39,WashingtonDC1D,38.899,-76.991
3252,7D209930,Single_Gunshot,2016-07-23,03:34:04,WashingtonDC7D,38.837,-77.006
3253,7D209931,Multiple_Gunshots,2016-07-23,03:53:36,WashingtonDC7D,38.859,-76.996
3254,5D67849,Gunshot_or_Firecracker,2016-07-23,09:06:18,WashingtonDC5D,38.93,-76.976
3255,7D209933,Gunshot_or_Firecracker,2016-07-23,10:02:07,WashingtonDC7D,38.846,-76.999
3256,6D170426,Gunshot_or_Firecracker,2016-07-23,15:34:02,WashingtonDC6D,38.885,-76.952
3257,4D56826,Gunshot_or_Firecracker,2016-07-23,19:48:32,WashingtonDC4D,38.954,-77.028
3258,4D56827,Gunshot_or_Firecracker,2016-07-23,19:48:42,WashingtonDC4D,38.954,-77.029
3259,4D56828,Multiple_Gunshots,2016-07-23,19:48:55,WashingtonDC4D,38.954,-77.028
3260,1D82630,Single_Gunshot,2016-07-23,21:21:41,WashingtonDC1D,38.875,-77.013
3261,7D209981,Multiple_Gunshots,2016-07-23,21:33:51,WashingtonDC7D,38.856,-76.973
3262,7D209994,Multiple_Gunshots,2016-07-23,21:57:24,WashingtonDC7D,38.828,-76.998
3263,7D209995,Multiple_Gunshots,2016-07-23,21:57:27,WashingtonDC7D,38.828,-76.998
3264,7D209996,Gunshot_or_Firecracker,2016-07-23,21:58:06,WashingtonDC7D,38.828,-76.996
3265,6D170523,Gunshot_or_Firecracker,2016-07-23,22:30:30,WashingtonDC6D,38.892,-76.922
3266,7D210030,Multiple_Gunshots,2016-07-23,22:59:33,WashingtonDC7D,38.855,-76.979
3267,7D210061,Multiple_Gunshots,2016-07-24,00:43:42,WashingtonDC7D,38.847,-77.004
3268,6D170562,Multiple_Gunshots,2016-07-24,01:29:14,WashingtonDC6D,38.882,-76.936
3269,5D67885,Multiple_Gunshots,2016-07-24,01:52:15,WashingtonDC5D,38.924,-77.005
3270,7D210069,Multiple_Gunshots,2016-07-24,02:00:38,WashingtonDC7D,38.832,-77.0
3271,7D210070,Multiple_Gunshots,2016-07-24,02:00:39,WashingtonDC7D,38.832,-76.996
3272,7D210071,Multiple_Gunshots,2016-07-24,02:01:51,WashingtonDC7D,38.844,-76.974
3273,7D210075,Multiple_Gunshots,2016-07-24,02:35:25,WashingtonDC7D,38.872,-76.966
3274,7D210082,Single_Gunshot,2016-07-24,03:14:10,WashingtonDC7D,38.846,-76.997
3275,7D210083,Single_Gunshot,2016-07-24,03:14:27,WashingtonDC7D,38.846,-76.997
3276,6D170565,Multiple_Gunshots,2016-07-24,03:14:52,WashingtonDC6D,38.899,-76.944
3277,4D56853,Multiple_Gunshots,2016-07-24,03:39:36,WashingtonDC4D,38.952,-77.016
3278,6D170568,Multiple_Gunshots,2016-07-24,04:57:36,WashingtonDC6D,38.893,-76.916
3279,6D170569,Multiple_Gunshots,2016-07-24,04:57:53,WashingtonDC6D,38.892,-76.917
3280,7D210095,Multiple_Gunshots,2016-07-24,14:27:51,WashingtonDC7D,38.855,-76.991
3281,7D210125,Multiple_Gunshots,2016-07-24,19:39:08,WashingtonDC7D,38.859,-76.989
3282,7D210140,Single_Gunshot,2016-07-24,20:31:06,WashingtonDC7D,38.855,-76.982
3283,7D210146,Single_Gunshot,2016-07-24,20:59:31,WashingtonDC7D,38.822,-76.996
3284,5D67897,Multiple_Gunshots,2016-07-24,21:24:48,WashingtonDC5D,38.925,-76.956
3285,7D210162,Multiple_Gunshots,2016-07-24,22:26:08,WashingtonDC7D,38.825,-77.009
3286,7D210163,Multiple_Gunshots,2016-07-24,22:26:19,WashingtonDC7D,38.825,-77.009
3287,7D210172,Single_Gunshot,2016-07-24,23:13:12,WashingtonDC7D,38.849,-76.974
3288,7D210176,Multiple_Gunshots,2016-07-25,00:36:20,WashingtonDC7D,38.857,-76.964
3289,6D170649,Single_Gunshot,2016-07-25,00:49:08,WashingtonDC6D,38.886,-76.93
3290,7D210180,Multiple_Gunshots,2016-07-25,01:03:40,WashingtonDC7D,38.835,-76.988
3291,5D67902,Multiple_Gunshots,2016-07-25,01:06:21,WashingtonDC5D,38.905,-77.002
3292,3D60799,Single_Gunshot,2016-07-25,02:27:32,WashingtonDC3D,38.911,-77.027
3293,6D170660,Multiple_Gunshots,2016-07-25,13:45:05,WashingtonDC6D,38.896,-76.927
3294,1D82645,Multiple_Gunshots,2016-07-25,14:08:38,WashingtonDC1D,38.874,-77.012
3295,6D170661,Gunshot_or_Firecracker,2016-07-25,15:04:45,WashingtonDC6D,38.894,-76.93
3296,5D67903,Multiple_Gunshots,2016-07-25,16:29:10,WashingtonDC5D,38.906,-77.014
3297,3D60800,Multiple_Gunshots,2016-07-25,16:29:11,WashingtonDC3D,38.905,-77.014
3298,5D67904,Multiple_Gunshots,2016-07-25,16:29:15,WashingtonDC5D,38.906,-77.014
3299,6D170662,Multiple_Gunshots,2016-07-25,16:31:08,WashingtonDC6D,38.887,-76.924
3300,7D210202,Multiple_Gunshots,2016-07-25,16:51:35,WashingtonDC7D,38.861,-76.987
3301,7D210205,Single_Gunshot,2016-07-25,18:24:31,WashingtonDC7D,38.844,-76.972
3302,4D56861,Multiple_Gunshots,2016-07-25,18:27:08,WashingtonDC4D,38.958,-77.014
3303,7D210206,Gunshot_or_Firecracker,2016-07-25,18:39:03,WashingtonDC7D,38.858,-76.988
3304,6D170681,Multiple_Gunshots,2016-07-25,22:03:54,WashingtonDC6D,38.899,-76.926
3305,5D67915,Multiple_Gunshots,2016-07-25,22:28:04,WashingtonDC5D,38.907,-77.011
3306,7D210229,Multiple_Gunshots,2016-07-25,22:37:26,WashingtonDC7D,38.841,-76.968
3307,7D210230,Single_Gunshot,2016-07-25,22:56:55,WashingtonDC7D,38.855,-76.972
3308,6D170685,Multiple_Gunshots,2016-07-26,00:36:13,WashingtonDC6D,38.894,-76.911
3309,6D170705,Multiple_Gunshots,2016-07-26,02:54:14,WashingtonDC6D,38.896,-76.941
3310,7D210234,Multiple_Gunshots,2016-07-26,03:46:18,WashingtonDC7D,38.845,-76.977
3311,6D170706,Single_Gunshot,2016-07-26,05:13:02,WashingtonDC6D,38.904,-76.95
3312,4D56862,Single_Gunshot,2016-07-26,07:11:00,WashingtonDC4D,38.956,-77.021
3313,7D210255,Multiple_Gunshots,2016-07-26,20:54:51,WashingtonDC7D,38.841,-76.987
3314,4D56864,Single_Gunshot,2016-07-26,21:15:50,WashingtonDC4D,38.949,-77.016
3315,6D170721,Single_Gunshot,2016-07-26,21:20:22,WashingtonDC6D,38.896,-76.927
3316,6D170730,Multiple_Gunshots,2016-07-26,21:59:28,WashingtonDC6D,38.893,-76.935
3317,6D170731,Single_Gunshot,2016-07-26,22:03:58,WashingtonDC6D,38.911,-76.938
3318,7D210273,Multiple_Gunshots,2016-07-26,22:47:02,WashingtonDC7D,38.826,-77.009
3319,7D210274,Multiple_Gunshots,2016-07-26,22:49:36,WashingtonDC7D,38.844,-76.979
3320,7D210275,Multiple_Gunshots,2016-07-26,23:43:00,WashingtonDC7D,38.859,-76.997
3321,6D170738,Single_Gunshot,2016-07-27,00:15:27,WashingtonDC6D,38.886,-76.926
3322,6D170739,Single_Gunshot,2016-07-27,00:37:09,WashingtonDC6D,38.881,-76.963
3323,7D210278,Multiple_Gunshots,2016-07-27,01:03:02,WashingtonDC7D,38.834,-76.996
3324,4D56866,Single_Gunshot,2016-07-27,01:53:44,WashingtonDC4D,38.954,-77.025
3325,4D56868,Gunshot_or_Firecracker,2016-07-27,11:23:25,WashingtonDC4D,38.954,-77.022
3326,7D210285,Gunshot_or_Firecracker,2016-07-27,13:05:34,WashingtonDC7D,38.828,-76.996
3327,6D170744,Multiple_Gunshots,2016-07-27,14:56:01,WashingtonDC6D,38.906,-76.948
3328,4D56869,Multiple_Gunshots,2016-07-27,15:59:44,WashingtonDC4D,38.952,-77.024
3329,1D82664,Multiple_Gunshots,2016-07-27,18:28:52,WashingtonDC1D,38.887,-76.973
3330,5D67947,Single_Gunshot,2016-07-27,23:07:08,WashingtonDC5D,38.926,-76.976
3331,7D210316,Single_Gunshot,2016-07-28,00:17:54,WashingtonDC7D,38.85,-76.952
3332,6D170765,Multiple_Gunshots,2016-07-28,00:29:39,WashingtonDC6D,38.911,-76.939
3333,7D210317,Multiple_Gunshots,2016-07-28,01:02:33,WashingtonDC7D,38.837,-76.988
3334,7D210318,Multiple_Gunshots,2016-07-28,01:02:49,WashingtonDC7D,38.836,-76.987
3335,7D210319,Single_Gunshot,2016-07-28,01:16:23,WashingtonDC7D,38.838,-76.998
3336,6D170766,Multiple_Gunshots,2016-07-28,01:43:39,WashingtonDC6D,38.911,-76.938
3337,7D210321,Single_Gunshot,2016-07-28,02:56:52,WashingtonDC7D,38.833,-76.983
3338,7D210322,Single_Gunshot,2016-07-28,03:55:50,WashingtonDC7D,38.864,-76.98
3339,7D210323,Multiple_Gunshots,2016-07-28,04:16:59,WashingtonDC7D,38.843,-76.981
3340,1D82675,Single_Gunshot,2016-07-28,11:33:14,WashingtonDC1D,38.872,-77.012
3341,6D170768,Multiple_Gunshots,2016-07-28,14:04:43,WashingtonDC6D,38.893,-76.929
3342,4D56875,Multiple_Gunshots,2016-07-28,14:15:56,WashingtonDC4D,38.95,-77.014
3343,6D170770,Gunshot_or_Firecracker,2016-07-28,15:21:42,WashingtonDC6D,38.893,-76.921
3344,5D67949,Single_Gunshot,2016-07-28,16:05:22,WashingtonDC5D,38.897,-76.978
3345,7D210327,Multiple_Gunshots,2016-07-28,16:40:09,WashingtonDC7D,38.853,-76.979
3346,1D82701,Multiple_Gunshots,2016-07-28,20:22:31,WashingtonDC1D,38.896,-76.976
3347,6D170774,Multiple_Gunshots,2016-07-28,21:24:19,WashingtonDC6D,38.894,-76.928
3348,6D170775,Multiple_Gunshots,2016-07-28,21:24:21,WashingtonDC6D,38.894,-76.928
3349,6D170782,Multiple_Gunshots,2016-07-28,22:34:51,WashingtonDC6D,38.878,-76.928
3350,6D170783,Multiple_Gunshots,2016-07-28,22:50:15,WashingtonDC6D,38.879,-76.925
3351,6D170784,Multiple_Gunshots,2016-07-28,23:10:28,WashingtonDC6D,38.898,-76.931
3352,7D210392,Gunshot_or_Firecracker,2016-07-28,23:18:23,WashingtonDC7D,38.832,-77.01
3353,6D170786,Single_Gunshot,2016-07-29,01:33:58,WashingtonDC6D,38.884,-76.923
3354,5D67954,Single_Gunshot,2016-07-29,03:17:23,WashingtonDC5D,38.9,-76.974
3355,7D210398,Gunshot_or_Firecracker,2016-07-29,10:43:50,WashingtonDC7D,38.869,-76.98
3356,7D210402,Multiple_Gunshots,2016-07-29,14:54:58,WashingtonDC7D,38.839,-76.996
3357,6D170818,Multiple_Gunshots,2016-07-29,18:43:05,WashingtonDC6D,38.905,-76.935
3358,3D60835,Multiple_Gunshots,2016-07-29,20:50:35,WashingtonDC3D,38.923,-77.032
3359,7D210422,Multiple_Gunshots,2016-07-29,21:29:01,WashingtonDC7D,38.827,-76.999
3360,7D210423,Multiple_Gunshots,2016-07-29,21:29:07,WashingtonDC7D,38.827,-76.999
3361,5D67972,Gunshot_or_Firecracker,2016-07-29,23:04:51,WashingtonDC5D,38.907,-77.013
3362,1D82727,Multiple_Gunshots,2016-07-29,23:09:12,WashingtonDC1D,38.873,-77.009
3363,6D170846,Multiple_Gunshots,2016-07-29,23:15:15,WashingtonDC6D,38.911,-76.936
3364,6D170847,Multiple_Gunshots,2016-07-29,23:16:01,WashingtonDC6D,38.911,-76.937
3365,6D170854,Single_Gunshot,2016-07-30,01:13:36,WashingtonDC6D,38.887,-76.929
3366,6D170855,Multiple_Gunshots,2016-07-30,01:14:12,WashingtonDC6D,38.882,-76.931
3367,7D210473,Multiple_Gunshots,2016-07-30,01:44:39,WashingtonDC7D,38.829,-76.993
3368,7D210474,Multiple_Gunshots,2016-07-30,01:44:48,WashingtonDC7D,38.829,-76.989
3369,4D56885,Multiple_Gunshots,2016-07-30,02:02:47,WashingtonDC4D,38.95,-77.027
3370,4D56886,Multiple_Gunshots,2016-07-30,02:02:53,WashingtonDC4D,38.95,-77.027
3371,7D210481,Multiple_Gunshots,2016-07-30,02:28:35,WashingtonDC7D,38.86,-77.005
3372,1D82730,Multiple_Gunshots,2016-07-30,02:28:37,WashingtonDC1D,38.861,-77.004
3373,4D56889,Multiple_Gunshots,2016-07-30,02:37:37,WashingtonDC4D,38.955,-77.028
3374,4D56890,Multiple_Gunshots,2016-07-30,02:37:47,WashingtonDC4D,38.955,-77.027
3375,4D56891,Multiple_Gunshots,2016-07-30,02:37:48,WashingtonDC4D,38.955,-77.027
3376,5D67977,Multiple_Gunshots,2016-07-30,02:49:38,WashingtonDC5D,38.896,-76.981
3377,1D82731,Multiple_Gunshots,2016-07-30,02:49:38,WashingtonDC1D,38.896,-76.982
3378,5D67978,Single_Gunshot,2016-07-30,02:49:49,WashingtonDC5D,38.896,-76.981
3379,6D170859,Multiple_Gunshots,2016-07-30,02:52:06,WashingtonDC6D,38.895,-76.942
3380,6D170860,Multiple_Gunshots,2016-07-30,02:52:10,WashingtonDC6D,38.895,-76.942
3381,6D170861,Multiple_Gunshots,2016-07-30,02:52:14,WashingtonDC6D,38.895,-76.942
3382,6D170862,Multiple_Gunshots,2016-07-30,02:52:21,WashingtonDC6D,38.895,-76.942
3383,7D210485,Multiple_Gunshots,2016-07-30,03:04:29,WashingtonDC7D,38.845,-76.978
3384,7D210486,Multiple_Gunshots,2016-07-30,03:04:35,WashingtonDC7D,38.846,-76.976
3385,4D56893,Multiple_Gunshots,2016-07-30,03:24:25,WashingtonDC4D,38.936,-77.033
3386,3D60841,Multiple_Gunshots,2016-07-30,03:24:25,WashingtonDC3D,38.936,-77.033
3387,4D56894,Gunshot_or_Firecracker,2016-07-30,03:24:34,WashingtonDC4D,38.936,-77.033
3388,7D210487,Multiple_Gunshots,2016-07-30,03:28:04,WashingtonDC7D,38.862,-76.982
3389,6D170863,Multiple_Gunshots,2016-07-30,05:11:24,WashingtonDC6D,38.893,-76.929
3390,6D170864,Multiple_Gunshots,2016-07-30,05:11:29,WashingtonDC6D,38.893,-76.929
3391,5D67980,Multiple_Gunshots,2016-07-30,06:39:21,WashingtonDC5D,38.92,-76.988
3392,5D67998,Gunshot_or_Firecracker,2016-07-30,11:25:14,WashingtonDC5D,38.907,-76.992
3393,4D56895,Multiple_Gunshots,2016-07-30,14:35:45,WashingtonDC4D,38.947,-77.018
3394,6D170883,Multiple_Gunshots,2016-07-30,18:59:11,WashingtonDC6D,38.898,-76.91
3395,5D68013,Gunshot_or_Firecracker,2016-07-30,22:01:55,WashingtonDC5D,38.909,-76.997
3396,7D210542,Single_Gunshot,2016-07-30,23:44:05,WashingtonDC7D,38.864,-76.987
3397,7D210546,Multiple_Gunshots,2016-07-31,01:08:13,WashingtonDC7D,38.857,-76.974
3398,4D56899,Multiple_Gunshots,2016-07-31,01:57:28,WashingtonDC4D,38.954,-77.013
3399,5D68034,Multiple_Gunshots,2016-07-31,02:43:00,WashingtonDC5D,38.924,-77.005
3400,6D170892,Multiple_Gunshots,2016-07-31,13:16:03,WashingtonDC6D,38.883,-76.946
3401,4D56901,Single_Gunshot,2016-07-31,15:19:40,WashingtonDC4D,38.95,-77.013
3402,1D82751,Multiple_Gunshots,2016-07-31,15:42:34,WashingtonDC1D,38.875,-77.012
3403,6D170893,Gunshot_or_Firecracker,2016-07-31,16:06:43,WashingtonDC6D,38.893,-76.948
3404,7D210553,Gunshot_or_Firecracker,2016-07-31,16:50:43,WashingtonDC7D,38.862,-76.982
3405,6D170906,Multiple_Gunshots,2016-07-31,18:30:53,WashingtonDC6D,38.879,-76.928
3406,7D210571,Multiple_Gunshots,2016-07-31,20:04:13,WashingtonDC7D,38.837,-76.989
3407,4D56905,Multiple_Gunshots,2016-07-31,22:12:22,WashingtonDC4D,38.956,-77.029
3408,5D68051,Single_Gunshot,2016-07-31,22:44:26,WashingtonDC5D,38.92,-77.001
3409,7D210697,Multiple_Gunshots,2016-07-31,23:08:38,WashingtonDC7D,38.867,-76.979
3410,7D210705,Multiple_Gunshots,2016-07-31,23:27:26,WashingtonDC7D,38.859,-76.999
3411,7D210707,Gunshot_or_Firecracker,2016-08-01,02:14:52,WashingtonDC7D,38.837,-77.006
3412,6D170976,Gunshot_or_Firecracker,2016-08-01,02:16:34,WashingtonDC6D,38.911,-76.937
3413,7D210708,Multiple_Gunshots,2016-08-01,10:31:52,WashingtonDC7D,38.866,-76.978
3414,6D170979,Multiple_Gunshots,2016-08-01,10:31:52,WashingtonDC6D,38.866,-76.978
3415,7D210717,Single_Gunshot,2016-08-01,20:57:57,WashingtonDC7D,38.832,-77.005
3416,5D68065,Single_Gunshot,2016-08-01,22:35:47,WashingtonDC5D,38.898,-76.982
3417,1D82760,Single_Gunshot,2016-08-01,22:35:47,WashingtonDC1D,38.898,-76.982
3418,7D210753,Multiple_Gunshots,2016-08-01,23:03:49,WashingtonDC7D,38.853,-76.978
3419,7D210754,Multiple_Gunshots,2016-08-01,23:55:19,WashingtonDC7D,38.856,-76.969
3420,1D82762,Multiple_Gunshots,2016-08-02,00:41:12,WashingtonDC1D,38.876,-77.015
3421,7D210757,Single_Gunshot,2016-08-02,00:42:04,WashingtonDC7D,38.825,-77.004
3422,4D56909,Single_Gunshot,2016-08-02,01:37:31,WashingtonDC4D,38.953,-77.027
3423,5D68073,Multiple_Gunshots,2016-08-02,03:09:54,WashingtonDC5D,38.912,-76.987
3424,5D68074,Multiple_Gunshots,2016-08-02,03:54:27,WashingtonDC5D,38.896,-76.982
3425,7D210764,Single_Gunshot,2016-08-02,10:18:40,WashingtonDC7D,38.831,-77.002
3426,5D68077,Gunshot_or_Firecracker,2016-08-02,20:40:15,WashingtonDC5D,38.896,-76.981
3427,1D82771,Gunshot_or_Firecracker,2016-08-02,20:40:15,WashingtonDC1D,38.896,-76.981
3428,4D56911,Gunshot_or_Firecracker,2016-08-02,21:07:29,WashingtonDC4D,38.957,-77.011
3429,6D171111,Gunshot_or_Firecracker,2016-08-02,21:14:08,WashingtonDC6D,38.865,-76.969
3430,5D68081,Gunshot_or_Firecracker,2016-08-02,21:18:56,WashingtonDC5D,38.915,-76.999
3431,6D171112,Gunshot_or_Firecracker,2016-08-02,21:40:06,WashingtonDC6D,38.893,-76.929
3432,7D210792,Multiple_Gunshots,2016-08-02,21:56:50,WashingtonDC7D,38.859,-76.996
3433,4D56912,Single_Gunshot,2016-08-03,00:27:39,WashingtonDC4D,38.958,-77.022
3434,7D210804,Single_Gunshot,2016-08-03,01:02:26,WashingtonDC7D,38.851,-76.96
3435,7D210805,Multiple_Gunshots,2016-08-03,01:48:51,WashingtonDC7D,38.845,-76.997
3436,7D210808,Multiple_Gunshots,2016-08-03,02:38:52,WashingtonDC7D,38.864,-76.981
3437,7D210809,Multiple_Gunshots,2016-08-03,03:08:32,WashingtonDC7D,38.832,-76.988
3438,7D210811,Single_Gunshot,2016-08-03,04:25:12,WashingtonDC7D,38.848,-76.967
3439,7D210815,Gunshot_or_Firecracker,2016-08-03,09:22:58,WashingtonDC7D,38.829,-76.996
3440,7D210817,Multiple_Gunshots,2016-08-03,10:46:05,WashingtonDC7D,38.863,-76.983
3441,7D210826,Gunshot_or_Firecracker,2016-08-03,17:31:29,WashingtonDC7D,38.83,-77.002
3442,7D210845,Multiple_Gunshots,2016-08-03,21:13:57,WashingtonDC7D,38.837,-77.0
3443,3D60869,Multiple_Gunshots,2016-08-03,22:00:50,WashingtonDC3D,38.907,-77.02
3444,3D60870,Multiple_Gunshots,2016-08-03,22:03:06,WashingtonDC3D,38.911,-77.022
3445,7D210847,Multiple_Gunshots,2016-08-03,22:07:22,WashingtonDC7D,38.852,-76.978
3446,7D210848,Multiple_Gunshots,2016-08-03,22:07:38,WashingtonDC7D,38.852,-76.979
3447,6D171151,Single_Gunshot,2016-08-03,22:58:04,WashingtonDC6D,38.899,-76.937
3448,7D210852,Multiple_Gunshots,2016-08-04,00:37:16,WashingtonDC7D,38.867,-76.982
3449,7D210853,Multiple_Gunshots,2016-08-04,00:37:22,WashingtonDC7D,38.867,-76.983
3450,7D210854,Multiple_Gunshots,2016-08-04,00:37:23,WashingtonDC7D,38.867,-76.982
3451,6D171163,Single_Gunshot,2016-08-04,16:34:09,WashingtonDC6D,38.891,-76.951
3452,7D210869,Multiple_Gunshots,2016-08-04,19:16:36,WashingtonDC7D,38.841,-76.978
3453,7D210902,Single_Gunshot,2016-08-04,20:31:14,WashingtonDC7D,38.837,-77.005
3454,7D210921,Single_Gunshot,2016-08-04,22:22:37,WashingtonDC7D,38.828,-77.006
3455,7D210924,Multiple_Gunshots,2016-08-04,23:27:18,WashingtonDC7D,38.856,-76.962
3456,6D171208,Single_Gunshot,2016-08-04,23:47:26,WashingtonDC6D,38.884,-76.928
3457,7D210925,Multiple_Gunshots,2016-08-05,00:38:10,WashingtonDC7D,38.853,-76.979
3458,7D210926,Multiple_Gunshots,2016-08-05,00:38:16,WashingtonDC7D,38.857,-76.979
3459,7D210927,Multiple_Gunshots,2016-08-05,00:38:22,WashingtonDC7D,38.854,-76.98
3460,7D210928,Multiple_Gunshots,2016-08-05,00:57:41,WashingtonDC7D,38.844,-76.979
3461,3D60892,Single_Gunshot,2016-08-05,01:37:21,WashingtonDC3D,38.924,-77.009
3462,7D210929,Multiple_Gunshots,2016-08-05,03:15:20,WashingtonDC7D,38.846,-76.997
3463,7D210930,Single_Gunshot,2016-08-05,03:15:37,WashingtonDC7D,38.845,-76.997
3464,6D171209,Single_Gunshot,2016-08-05,03:43:10,WashingtonDC6D,38.9,-76.928
3465,5D68121,Single_Gunshot,2016-08-05,05:20:27,WashingtonDC5D,38.908,-76.988
3466,3D60901,Multiple_Gunshots,2016-08-05,08:23:37,WashingtonDC3D,38.922,-77.024
3467,5D68123,Multiple_Gunshots,2016-08-05,12:41:43,WashingtonDC5D,38.919,-76.98
3468,4D56926,Multiple_Gunshots,2016-08-05,18:40:14,WashingtonDC4D,38.952,-77.027
3469,5D68125,Gunshot_or_Firecracker,2016-08-05,19:25:17,WashingtonDC5D,38.899,-77.015
3470,6D171234,Single_Gunshot,2016-08-05,22:33:34,WashingtonDC6D,38.874,-76.97
3471,6D171235,Single_Gunshot,2016-08-05,22:36:43,WashingtonDC6D,38.874,-76.97
3472,1D82807,Multiple_Gunshots,2016-08-06,00:05:22,WashingtonDC1D,38.876,-77.015
3473,1D82808,Multiple_Gunshots,2016-08-06,00:05:30,WashingtonDC1D,38.876,-77.016
3474,1D82809,Multiple_Gunshots,2016-08-06,00:05:31,WashingtonDC1D,38.877,-77.013
3475,1D82810,Single_Gunshot,2016-08-06,00:05:32,WashingtonDC1D,38.879,-77.016
3476,7D210975,Multiple_Gunshots,2016-08-06,00:16:42,WashingtonDC7D,38.846,-76.984
3477,6D171252,Multiple_Gunshots,2016-08-06,00:29:54,WashingtonDC6D,38.872,-76.94
3478,7D210976,Single_Gunshot,2016-08-06,00:56:02,WashingtonDC7D,38.858,-76.993
3479,7D210981,Multiple_Gunshots,2016-08-06,02:57:29,WashingtonDC7D,38.865,-76.982
3480,6D171263,Multiple_Gunshots,2016-08-06,02:57:29,WashingtonDC6D,38.865,-76.982
3481,7D210982,Multiple_Gunshots,2016-08-06,03:14:08,WashingtonDC7D,38.845,-76.996
3482,7D210983,Multiple_Gunshots,2016-08-06,03:14:15,WashingtonDC7D,38.846,-76.998
3483,7D210984,Multiple_Gunshots,2016-08-06,03:14:18,WashingtonDC7D,38.846,-76.997
3484,6D171265,Single_Gunshot,2016-08-06,03:15:42,WashingtonDC6D,38.884,-76.932
3485,7D210985,Single_Gunshot,2016-08-06,03:21:15,WashingtonDC7D,38.848,-76.971
3486,7D210986,Single_Gunshot,2016-08-06,04:56:57,WashingtonDC7D,38.848,-76.977
3487,7D210987,Multiple_Gunshots,2016-08-06,05:13:13,WashingtonDC7D,38.827,-76.992
3488,7D210991,Multiple_Gunshots,2016-08-06,06:29:43,WashingtonDC7D,38.846,-76.998
3489,6D171271,Multiple_Gunshots,2016-08-06,13:08:05,WashingtonDC6D,38.892,-76.93
3490,4D56929,Multiple_Gunshots,2016-08-06,15:02:54,WashingtonDC4D,38.956,-77.027
3491,7D211003,Multiple_Gunshots,2016-08-06,16:21:01,WashingtonDC7D,38.829,-77.01
3492,5D68135,Gunshot_or_Firecracker,2016-08-06,17:00:55,WashingtonDC5D,38.898,-76.982
3493,7D211007,Single_Gunshot,2016-08-06,19:22:44,WashingtonDC7D,38.838,-76.997
3494,3D60918,Multiple_Gunshots,2016-08-06,20:34:09,WashingtonDC3D,38.92,-77.032
3495,7D211028,Multiple_Gunshots,2016-08-06,20:49:05,WashingtonDC7D,38.823,-77.0
3496,5D68150,Multiple_Gunshots,2016-08-06,23:25:40,WashingtonDC5D,38.924,-76.998
3497,7D211076,Multiple_Gunshots,2016-08-06,23:31:29,WashingtonDC7D,38.868,-76.984
3498,6D171306,Multiple_Gunshots,2016-08-07,00:00:49,WashingtonDC6D,38.897,-76.948
3499,5D68158,Multiple_Gunshots,2016-08-07,00:04:49,WashingtonDC5D,38.925,-76.999
3500,7D211088,Multiple_Gunshots,2016-08-07,00:13:45,WashingtonDC7D,38.853,-76.98
3501,7D211089,Multiple_Gunshots,2016-08-07,00:14:06,WashingtonDC7D,38.854,-76.979
3502,7D211090,Multiple_Gunshots,2016-08-07,00:15:10,WashingtonDC7D,38.853,-76.98
3503,5D68159,Multiple_Gunshots,2016-08-07,01:11:24,WashingtonDC5D,38.922,-77.004
3504,6D171308,Multiple_Gunshots,2016-08-07,01:22:09,WashingtonDC6D,38.901,-76.923
3505,7D211092,Multiple_Gunshots,2016-08-07,01:43:55,WashingtonDC7D,38.837,-76.988
3506,7D211094,Multiple_Gunshots,2016-08-07,02:22:19,WashingtonDC7D,38.831,-76.994
3507,7D211095,Multiple_Gunshots,2016-08-07,02:22:46,WashingtonDC7D,38.832,-76.992
3508,7D211097,Multiple_Gunshots,2016-08-07,02:53:58,WashingtonDC7D,38.847,-76.996
3509,7D211101,Gunshot_or_Firecracker,2016-08-07,09:53:55,WashingtonDC7D,38.851,-76.973
3510,7D211105,Gunshot_or_Firecracker,2016-08-07,12:24:24,WashingtonDC7D,38.828,-77.006
3511,7D211107,Single_Gunshot,2016-08-07,14:02:47,WashingtonDC7D,38.847,-76.981
3512,4D56956,Single_Gunshot,2016-08-07,17:47:19,WashingtonDC4D,38.952,-77.027
3513,7D211108,Single_Gunshot,2016-08-07,17:52:50,WashingtonDC7D,38.848,-76.98
3514,6D171314,Single_Gunshot,2016-08-07,18:24:15,WashingtonDC6D,38.886,-76.952
3515,7D211111,Gunshot_or_Firecracker,2016-08-07,19:28:31,WashingtonDC7D,38.83,-76.995
3516,5D68176,Single_Gunshot,2016-08-07,22:21:17,WashingtonDC5D,38.926,-76.972
3517,4D56968,Gunshot_or_Firecracker,2016-08-07,22:37:17,WashingtonDC4D,38.958,-77.021
3518,6D171332,Multiple_Gunshots,2016-08-07,22:42:11,WashingtonDC6D,38.883,-76.956
3519,6D171334,Multiple_Gunshots,2016-08-08,03:26:11,WashingtonDC6D,38.876,-76.934
3520,1D82832,Multiple_Gunshots,2016-08-08,03:44:52,WashingtonDC1D,38.904,-76.982
3521,1D82833,Multiple_Gunshots,2016-08-08,03:45:01,WashingtonDC1D,38.904,-76.982
3522,5D68192,Multiple_Gunshots,2016-08-08,03:45:09,WashingtonDC5D,38.904,-76.982
3523,1D82835,Multiple_Gunshots,2016-08-08,03:45:10,WashingtonDC1D,38.904,-76.982
3524,1D82836,Multiple_Gunshots,2016-08-08,03:45:18,WashingtonDC1D,38.904,-76.982
3525,7D211184,Multiple_Gunshots,2016-08-08,14:11:19,WashingtonDC7D,38.827,-76.995
3526,7D211185,Multiple_Gunshots,2016-08-08,14:11:25,WashingtonDC7D,38.827,-76.997
3527,7D211186,Multiple_Gunshots,2016-08-08,14:11:26,WashingtonDC7D,38.827,-76.996
3528,7D211187,Gunshot_or_Firecracker,2016-08-08,18:08:41,WashingtonDC7D,38.846,-76.978
3529,7D211188,Multiple_Gunshots,2016-08-08,18:19:16,WashingtonDC7D,38.839,-76.996
3530,4D56970,Multiple_Gunshots,2016-08-08,19:10:09,WashingtonDC4D,38.959,-77.028
3531,5D68205,Multiple_Gunshots,2016-08-08,20:39:08,WashingtonDC5D,38.927,-76.975
3532,7D211234,Multiple_Gunshots,2016-08-08,21:27:27,WashingtonDC7D,38.841,-76.976
3533,7D211236,Multiple_Gunshots,2016-08-08,22:05:21,WashingtonDC7D,38.855,-76.972
3534,7D211237,Gunshot_or_Firecracker,2016-08-08,22:05:27,WashingtonDC7D,38.836,-76.995
3535,7D211238,Multiple_Gunshots,2016-08-08,22:05:38,WashingtonDC7D,38.856,-76.972
3536,7D211239,Multiple_Gunshots,2016-08-08,22:05:54,WashingtonDC7D,38.856,-76.973
3537,7D211258,Multiple_Gunshots,2016-08-08,22:41:59,WashingtonDC7D,38.839,-77.003
3538,7D211259,Single_Gunshot,2016-08-08,23:09:19,WashingtonDC7D,38.847,-76.983
3539,7D211261,Multiple_Gunshots,2016-08-08,23:27:09,WashingtonDC7D,38.844,-76.99
3540,4D56971,Multiple_Gunshots,2016-08-08,23:34:25,WashingtonDC4D,38.941,-77.017
3541,6D171364,Multiple_Gunshots,2016-08-08,23:41:50,WashingtonDC6D,38.896,-76.941
3542,5D68208,Multiple_Gunshots,2016-08-09,01:23:58,WashingtonDC5D,38.908,-76.979
3543,7D211265,Single_Gunshot,2016-08-09,05:20:51,WashingtonDC7D,38.84,-76.987
3544,6D171383,Multiple_Gunshots,2016-08-09,19:15:03,WashingtonDC6D,38.911,-76.935
3545,7D211279,Multiple_Gunshots,2016-08-09,21:00:21,WashingtonDC7D,38.829,-76.991
3546,7D211280,Multiple_Gunshots,2016-08-09,21:00:38,WashingtonDC7D,38.831,-76.994
3547,3D60946,Single_Gunshot,2016-08-09,22:51:07,WashingtonDC3D,38.911,-77.014
3548,5D68222,Multiple_Gunshots,2016-08-10,01:36:42,WashingtonDC5D,38.913,-76.992
3549,5D68223,Single_Gunshot,2016-08-10,01:47:29,WashingtonDC5D,38.913,-76.99
3550,5D68228,Multiple_Gunshots,2016-08-10,02:34:52,WashingtonDC5D,38.922,-76.996
3551,7D211312,Single_Gunshot,2016-08-10,04:18:56,WashingtonDC7D,38.851,-76.966
3552,6D171407,Multiple_Gunshots,2016-08-10,12:45:32,WashingtonDC6D,38.888,-76.956
3553,7D211314,Multiple_Gunshots,2016-08-10,14:50:26,WashingtonDC7D,38.864,-76.987
3554,3D60958,Multiple_Gunshots,2016-08-10,20:55:34,WashingtonDC3D,38.913,-77.03
3555,7D211320,Multiple_Gunshots,2016-08-10,21:41:42,WashingtonDC7D,38.828,-77.002
3556,7D211328,Multiple_Gunshots,2016-08-10,22:22:24,WashingtonDC7D,38.843,-76.999
3557,7D211329,Multiple_Gunshots,2016-08-10,22:35:14,WashingtonDC7D,38.849,-76.972
3558,1D82870,Single_Gunshot,2016-08-11,00:35:48,WashingtonDC1D,38.871,-77.011
3559,5D68231,Single_Gunshot,2016-08-11,00:38:15,WashingtonDC5D,38.914,-76.986
3560,7D211342,Single_Gunshot,2016-08-11,01:22:01,WashingtonDC7D,38.85,-76.969
3561,7D211343,Single_Gunshot,2016-08-11,01:57:15,WashingtonDC7D,38.828,-76.992
3562,7D211346,Single_Gunshot,2016-08-11,03:20:35,WashingtonDC7D,38.845,-76.971
3563,6D171429,Single_Gunshot,2016-08-11,04:06:55,WashingtonDC6D,38.885,-76.925
3564,7D211353,Gunshot_or_Firecracker,2016-08-11,15:46:41,WashingtonDC7D,38.856,-76.995
3565,7D211362,Multiple_Gunshots,2016-08-11,21:16:59,WashingtonDC7D,38.826,-76.999
3566,6D171439,Multiple_Gunshots,2016-08-11,22:09:25,WashingtonDC6D,38.883,-76.93
3567,6D171440,Multiple_Gunshots,2016-08-12,00:15:56,WashingtonDC6D,38.884,-76.956
3568,6D171441,Multiple_Gunshots,2016-08-12,00:16:12,WashingtonDC6D,38.885,-76.955
3569,6D171442,Single_Gunshot,2016-08-12,01:16:15,WashingtonDC6D,38.883,-76.93
3570,7D211369,Single_Gunshot,2016-08-12,01:51:15,WashingtonDC7D,38.865,-76.978
3571,7D211370,Multiple_Gunshots,2016-08-12,02:47:19,WashingtonDC7D,38.859,-76.968
3572,5D68234,Single_Gunshot,2016-08-12,03:06:10,WashingtonDC5D,38.917,-76.981
3573,7D211372,Single_Gunshot,2016-08-12,06:46:52,WashingtonDC7D,38.846,-76.981
3574,7D211373,Single_Gunshot,2016-08-12,13:27:06,WashingtonDC7D,38.842,-76.993
3575,7D211374,Single_Gunshot,2016-08-12,14:15:58,WashingtonDC7D,38.841,-76.993
3576,7D211375,Multiple_Gunshots,2016-08-12,14:31:37,WashingtonDC7D,38.837,-76.988
3577,4D56985,Multiple_Gunshots,2016-08-12,15:02:23,WashingtonDC4D,38.928,-77.035
3578,3D60961,Multiple_Gunshots,2016-08-12,15:02:23,WashingtonDC3D,38.928,-77.035
3579,4D56986,Multiple_Gunshots,2016-08-12,15:02:33,WashingtonDC4D,38.928,-77.035
3580,3D60962,Multiple_Gunshots,2016-08-12,15:02:33,WashingtonDC3D,38.928,-77.035
3581,7D211376,Single_Gunshot,2016-08-12,15:36:03,WashingtonDC7D,38.865,-76.986
3582,6D171447,Gunshot_or_Firecracker,2016-08-12,19:18:48,WashingtonDC6D,38.887,-76.955
3583,6D171448,Gunshot_or_Firecracker,2016-08-12,20:21:37,WashingtonDC6D,38.897,-76.922
3584,5D68237,Gunshot_or_Firecracker,2016-08-12,21:13:56,WashingtonDC5D,38.934,-76.978
3585,5D68240,Multiple_Gunshots,2016-08-12,21:21:32,WashingtonDC5D,38.905,-76.984
3586,7D211385,Gunshot_or_Firecracker,2016-08-12,21:31:41,WashingtonDC7D,38.821,-77.005
3587,7D211387,Single_Gunshot,2016-08-12,21:39:22,WashingtonDC7D,38.847,-76.979
3588,7D211396,Multiple_Gunshots,2016-08-12,22:11:55,WashingtonDC7D,38.85,-76.972
3589,7D211402,Gunshot_or_Firecracker,2016-08-12,22:28:36,WashingtonDC7D,38.862,-76.99
3590,6D171469,Multiple_Gunshots,2016-08-13,00:24:30,WashingtonDC6D,38.867,-76.982
3591,7D211479,Multiple_Gunshots,2016-08-13,00:24:31,WashingtonDC7D,38.867,-76.982
3592,4D56995,Multiple_Gunshots,2016-08-13,00:46:22,WashingtonDC4D,38.937,-77.03
3593,4D56996,Multiple_Gunshots,2016-08-13,00:46:25,WashingtonDC4D,38.937,-77.03
3594,4D56997,Multiple_Gunshots,2016-08-13,00:46:30,WashingtonDC4D,38.936,-77.03
3595,4D56998,Multiple_Gunshots,2016-08-13,00:48:00,WashingtonDC4D,38.935,-77.034
3596,6D171470,Multiple_Gunshots,2016-08-13,01:20:00,WashingtonDC6D,38.892,-76.953
3597,7D211485,Multiple_Gunshots,2016-08-13,02:24:56,WashingtonDC7D,38.837,-77.004
3598,7D211486,Single_Gunshot,2016-08-13,02:41:44,WashingtonDC7D,38.839,-76.997
3599,7D211487,Multiple_Gunshots,2016-08-13,03:23:04,WashingtonDC7D,38.848,-76.981
3600,6D171471,Multiple_Gunshots,2016-08-13,03:49:44,WashingtonDC6D,38.896,-76.952
3601,7D211488,Single_Gunshot,2016-08-13,06:12:02,WashingtonDC7D,38.839,-76.991
3602,6D171472,Multiple_Gunshots,2016-08-13,12:35:05,WashingtonDC6D,38.863,-76.983
3603,7D211489,Multiple_Gunshots,2016-08-13,12:35:07,WashingtonDC7D,38.866,-76.984
3604,7D211490,Multiple_Gunshots,2016-08-13,12:35:10,WashingtonDC7D,38.865,-76.984
3605,7D211491,Multiple_Gunshots,2016-08-13,12:35:13,WashingtonDC7D,38.865,-76.982
3606,7D211492,Multiple_Gunshots,2016-08-13,12:35:15,WashingtonDC7D,38.865,-76.984
3607,6D171474,Single_Gunshot,2016-08-13,19:00:10,WashingtonDC6D,38.895,-76.929
3608,7D211526,Multiple_Gunshots,2016-08-13,20:37:25,WashingtonDC7D,38.836,-76.992
3609,7D211527,Multiple_Gunshots,2016-08-13,20:37:32,WashingtonDC7D,38.836,-76.992
3610,7D211542,Multiple_Gunshots,2016-08-13,21:20:53,WashingtonDC7D,38.85,-76.981
3611,6D171483,Multiple_Gunshots,2016-08-13,23:38:34,WashingtonDC6D,38.896,-76.938
3612,7D211554,Multiple_Gunshots,2016-08-14,01:07:14,WashingtonDC7D,38.841,-76.99
3613,7D211556,Multiple_Gunshots,2016-08-14,01:45:23,WashingtonDC7D,38.852,-76.966
3614,7D211557,Multiple_Gunshots,2016-08-14,01:45:32,WashingtonDC7D,38.852,-76.966
3615,7D211558,Multiple_Gunshots,2016-08-14,02:40:39,WashingtonDC7D,38.841,-76.991
3616,6D171487,Single_Gunshot,2016-08-14,05:00:58,WashingtonDC6D,38.885,-76.926
3617,6D171488,Single_Gunshot,2016-08-14,05:50:21,WashingtonDC6D,38.911,-76.938
3618,6D171489,Single_Gunshot,2016-08-14,06:01:53,WashingtonDC6D,38.888,-76.928
3619,6D171490,Multiple_Gunshots,2016-08-14,11:07:57,WashingtonDC6D,38.896,-76.918
3620,7D211562,Multiple_Gunshots,2016-08-14,15:06:58,WashingtonDC7D,38.836,-76.991
3621,7D211563,Multiple_Gunshots,2016-08-14,15:07:12,WashingtonDC7D,38.837,-76.99
3622,6D171494,Multiple_Gunshots,2016-08-14,18:39:13,WashingtonDC6D,38.884,-76.955
3623,7D211578,Single_Gunshot,2016-08-14,20:34:37,WashingtonDC7D,38.867,-76.984
3624,5D68259,Multiple_Gunshots,2016-08-14,20:50:25,WashingtonDC5D,38.926,-76.978
3625,7D211581,Single_Gunshot,2016-08-14,21:07:11,WashingtonDC7D,38.864,-76.979
3626,7D211582,Multiple_Gunshots,2016-08-14,22:15:51,WashingtonDC7D,38.837,-76.989
3627,7D211583,Multiple_Gunshots,2016-08-14,22:16:03,WashingtonDC7D,38.839,-76.99
3628,7D211584,Multiple_Gunshots,2016-08-14,22:16:05,WashingtonDC7D,38.837,-76.989
3629,5D68260,Multiple_Gunshots,2016-08-14,22:46:51,WashingtonDC5D,38.914,-77.014
3630,6D171511,Multiple_Gunshots,2016-08-15,00:21:30,WashingtonDC6D,38.882,-76.981
3631,7D211600,Gunshot_or_Firecracker,2016-08-15,18:59:17,WashingtonDC7D,38.842,-76.987
3632,6D171522,Multiple_Gunshots,2016-08-16,01:12:45,WashingtonDC6D,38.885,-76.96
3633,7D211616,Multiple_Gunshots,2016-08-16,11:45:58,WashingtonDC7D,38.823,-77.006
3634,6D171525,Gunshot_or_Firecracker,2016-08-16,12:36:13,WashingtonDC6D,38.89,-76.924
3635,7D211621,Single_Gunshot,2016-08-16,17:53:29,WashingtonDC7D,38.854,-76.972
3636,6D171529,Gunshot_or_Firecracker,2016-08-16,18:13:14,WashingtonDC6D,38.893,-76.922
3637,7D211622,Multiple_Gunshots,2016-08-16,18:18:00,WashingtonDC7D,38.848,-76.97
3638,7D211628,Gunshot_or_Firecracker,2016-08-16,21:06:04,WashingtonDC7D,38.832,-77.005
3639,6D171533,Single_Gunshot,2016-08-16,23:32:48,WashingtonDC6D,38.892,-76.914
3640,6D171534,Multiple_Gunshots,2016-08-16,23:48:18,WashingtonDC6D,38.891,-76.918
3641,6D171535,Multiple_Gunshots,2016-08-16,23:48:20,WashingtonDC6D,38.878,-76.922
3642,7D211639,Multiple_Gunshots,2016-08-17,00:53:45,WashingtonDC7D,38.859,-76.997
3643,7D211641,Multiple_Gunshots,2016-08-17,01:29:06,WashingtonDC7D,38.856,-76.973
3644,1D82967,Multiple_Gunshots,2016-08-17,02:56:19,WashingtonDC1D,38.872,-77.013
3645,5D68275,Multiple_Gunshots,2016-08-17,02:57:51,WashingtonDC5D,38.895,-76.977
3646,1D82968,Multiple_Gunshots,2016-08-17,02:57:51,WashingtonDC1D,38.893,-76.975
3647,5D68277,Gunshot_or_Firecracker,2016-08-17,15:39:04,WashingtonDC5D,38.907,-76.992
3648,7D211657,Gunshot_or_Firecracker,2016-08-17,16:07:08,WashingtonDC7D,38.835,-76.988
3649,7D211659,Single_Gunshot,2016-08-17,17:40:57,WashingtonDC7D,38.835,-76.989
3650,7D211673,Gunshot_or_Firecracker,2016-08-17,20:25:23,WashingtonDC7D,38.875,-76.978
3651,6D171545,Multiple_Gunshots,2016-08-17,20:29:52,WashingtonDC6D,38.901,-76.924
3652,7D211675,Multiple_Gunshots,2016-08-17,23:41:28,WashingtonDC7D,38.833,-76.997
3653,6D171546,Single_Gunshot,2016-08-18,01:18:48,WashingtonDC6D,38.911,-76.938
3654,7D211676,Multiple_Gunshots,2016-08-18,01:28:01,WashingtonDC7D,38.845,-76.979
3655,7D211677,Single_Gunshot,2016-08-18,01:28:09,WashingtonDC7D,38.844,-76.979
3656,7D211678,Multiple_Gunshots,2016-08-18,01:55:56,WashingtonDC7D,38.852,-76.984
3657,4D57026,Multiple_Gunshots,2016-08-18,02:22:27,WashingtonDC4D,38.934,-77.036
3658,6D171547,Single_Gunshot,2016-08-18,02:59:03,WashingtonDC6D,38.885,-76.928
3659,6D171549,Multiple_Gunshots,2016-08-18,06:44:41,WashingtonDC6D,38.885,-76.928
3660,6D171553,Single_Gunshot,2016-08-18,13:19:13,WashingtonDC6D,38.894,-76.942
3661,5D68299,Multiple_Gunshots,2016-08-18,15:28:10,WashingtonDC5D,38.925,-76.98
3662,4D57027,Multiple_Gunshots,2016-08-18,19:11:39,WashingtonDC4D,38.953,-77.032
3663,3D60990,Multiple_Gunshots,2016-08-18,20:30:02,WashingtonDC3D,38.929,-77.028
3664,6D171571,Multiple_Gunshots,2016-08-18,22:02:16,WashingtonDC6D,38.882,-76.936
3665,7D211709,Multiple_Gunshots,2016-08-19,01:17:35,WashingtonDC7D,38.859,-76.988
3666,7D211711,Multiple_Gunshots,2016-08-19,05:03:54,WashingtonDC7D,38.858,-76.97
3667,6D171578,Gunshot_or_Firecracker,2016-08-19,09:32:38,WashingtonDC6D,38.894,-76.938
3668,6D171582,Multiple_Gunshots,2016-08-19,16:40:57,WashingtonDC6D,38.902,-76.924
3669,7D211722,Gunshot_or_Firecracker,2016-08-19,17:53:42,WashingtonDC7D,38.834,-77.005
3670,5D68322,Gunshot_or_Firecracker,2016-08-19,20:19:53,WashingtonDC5D,38.901,-76.986
3671,6D171583,Multiple_Gunshots,2016-08-19,21:26:34,WashingtonDC6D,38.893,-76.926
3672,6D171584,Gunshot_or_Firecracker,2016-08-19,21:40:27,WashingtonDC6D,38.895,-76.929
3673,7D211745,Multiple_Gunshots,2016-08-19,23:01:54,WashingtonDC7D,38.828,-77.004
3674,7D211747,Multiple_Gunshots,2016-08-19,23:06:31,WashingtonDC7D,38.832,-76.992
3675,7D211748,Multiple_Gunshots,2016-08-19,23:06:40,WashingtonDC7D,38.832,-76.993
3676,7D211749,Multiple_Gunshots,2016-08-19,23:07:29,WashingtonDC7D,38.831,-77.001
3677,6D171594,Single_Gunshot,2016-08-19,23:09:05,WashingtonDC6D,38.904,-76.938
3678,6D171597,Multiple_Gunshots,2016-08-20,00:22:40,WashingtonDC6D,38.893,-76.916
3679,7D211753,Single_Gunshot,2016-08-20,01:05:15,WashingtonDC7D,38.833,-76.987
3680,7D211754,Multiple_Gunshots,2016-08-20,01:12:36,WashingtonDC7D,38.857,-76.974
3681,6D171599,Multiple_Gunshots,2016-08-20,01:35:46,WashingtonDC6D,38.894,-76.924
3682,6D171601,Multiple_Gunshots,2016-08-20,01:35:53,WashingtonDC6D,38.894,-76.924
3683,6D171600,Multiple_Gunshots,2016-08-20,01:35:53,WashingtonDC6D,38.894,-76.925
3684,6D171602,Multiple_Gunshots,2016-08-20,01:36:41,WashingtonDC6D,38.893,-76.926
3685,6D171603,Multiple_Gunshots,2016-08-20,01:36:46,WashingtonDC6D,38.894,-76.925
3686,6D171604,Multiple_Gunshots,2016-08-20,01:36:48,WashingtonDC6D,38.893,-76.926
3687,6D171605,Multiple_Gunshots,2016-08-20,01:36:49,WashingtonDC6D,38.893,-76.926
3688,7D211755,Single_Gunshot,2016-08-20,01:37:47,WashingtonDC7D,38.833,-76.987
3689,7D211756,Single_Gunshot,2016-08-20,01:38:29,WashingtonDC7D,38.822,-76.996
3690,4D57038,Multiple_Gunshots,2016-08-20,01:59:55,WashingtonDC4D,38.962,-77.037
3691,1D83016,Single_Gunshot,2016-08-20,02:02:11,WashingtonDC1D,38.877,-77.015
3692,7D211757,Multiple_Gunshots,2016-08-20,02:09:52,WashingtonDC7D,38.837,-77.003
3693,5D68323,Single_Gunshot,2016-08-20,02:24:12,WashingtonDC5D,38.903,-77.009
3694,6D171606,Multiple_Gunshots,2016-08-20,03:18:49,WashingtonDC6D,38.904,-76.917
3695,6D171607,Single_Gunshot,2016-08-20,04:10:38,WashingtonDC6D,38.89,-76.926
3696,6D171608,Multiple_Gunshots,2016-08-20,04:45:30,WashingtonDC6D,38.86,-76.945
3697,4D57040,Multiple_Gunshots,2016-08-20,05:49:05,WashingtonDC4D,38.956,-77.02
3698,6D171609,Single_Gunshot,2016-08-20,07:01:44,WashingtonDC6D,38.886,-76.952
3699,7D211762,Gunshot_or_Firecracker,2016-08-20,11:31:39,WashingtonDC7D,38.831,-77.002
3700,7D211792,Multiple_Gunshots,2016-08-20,22:11:50,WashingtonDC7D,38.827,-77.005
3701,6D171632,Multiple_Gunshots,2016-08-20,23:27:42,WashingtonDC6D,38.885,-76.926
3702,6D171634,Multiple_Gunshots,2016-08-20,23:52:30,WashingtonDC6D,38.879,-76.955
3703,7D211794,Single_Gunshot,2016-08-20,23:52:44,WashingtonDC7D,38.863,-76.984
3704,7D211799,Multiple_Gunshots,2016-08-21,00:42:11,WashingtonDC7D,38.863,-76.973
3705,6D171640,Multiple_Gunshots,2016-08-21,00:42:13,WashingtonDC6D,38.863,-76.973
3706,6D171641,Multiple_Gunshots,2016-08-21,00:42:18,WashingtonDC6D,38.863,-76.973
3707,7D211800,Multiple_Gunshots,2016-08-21,01:20:50,WashingtonDC7D,38.851,-76.968
3708,6D171644,Multiple_Gunshots,2016-08-21,01:26:13,WashingtonDC6D,38.898,-76.931
3709,5D68337,Multiple_Gunshots,2016-08-21,02:05:50,WashingtonDC5D,38.906,-76.977
3710,6D171646,Single_Gunshot,2016-08-21,04:34:54,WashingtonDC6D,38.904,-76.934
3711,7D211803,Multiple_Gunshots,2016-08-21,04:43:17,WashingtonDC7D,38.848,-76.973
3712,7D211806,Multiple_Gunshots,2016-08-21,05:16:12,WashingtonDC7D,38.85,-76.975
3713,6D171647,Multiple_Gunshots,2016-08-21,05:16:18,WashingtonDC6D,38.864,-76.963
3714,7D211808,Multiple_Gunshots,2016-08-21,05:47:55,WashingtonDC7D,38.849,-76.958
3715,6D171651,Gunshot_or_Firecracker,2016-08-21,11:09:55,WashingtonDC6D,38.894,-76.942
3716,1D83031,Multiple_Gunshots,2016-08-21,15:14:34,WashingtonDC1D,38.871,-77.013
3717,7D211812,Multiple_Gunshots,2016-08-21,17:30:49,WashingtonDC7D,38.845,-76.96
3718,7D211813,Multiple_Gunshots,2016-08-21,17:54:22,WashingtonDC7D,38.852,-76.966
3719,5D68349,Gunshot_or_Firecracker,2016-08-21,20:11:49,WashingtonDC5D,38.908,-76.983
3720,6D171662,Multiple_Gunshots,2016-08-21,20:56:03,WashingtonDC6D,38.895,-76.936
3721,6D171665,Gunshot_or_Firecracker,2016-08-21,21:18:15,WashingtonDC6D,38.885,-76.954
3722,7D211820,Single_Gunshot,2016-08-21,21:23:12,WashingtonDC7D,38.865,-76.983
3723,6D171683,Single_Gunshot,2016-08-21,23:05:48,WashingtonDC6D,38.885,-76.924
3724,7D211821,Single_Gunshot,2016-08-21,23:07:24,WashingtonDC7D,38.852,-76.966
3725,5D68351,Multiple_Gunshots,2016-08-21,23:13:43,WashingtonDC5D,38.924,-77.001
3726,7D211822,Single_Gunshot,2016-08-21,23:36:52,WashingtonDC7D,38.841,-76.984
3727,7D211823,Single_Gunshot,2016-08-21,23:37:08,WashingtonDC7D,38.842,-76.984
3728,1D83032,Single_Gunshot,2016-08-21,23:40:53,WashingtonDC1D,38.899,-76.982
3729,7D211825,Single_Gunshot,2016-08-22,00:29:41,WashingtonDC7D,38.865,-76.984
3730,5D68352,Single_Gunshot,2016-08-22,01:26:53,WashingtonDC5D,38.907,-77.0
3731,6D171686,Single_Gunshot,2016-08-22,01:40:31,WashingtonDC6D,38.895,-76.939
3732,7D211829,Single_Gunshot,2016-08-22,04:41:50,WashingtonDC7D,38.846,-76.998
3733,7D211830,Single_Gunshot,2016-08-22,04:43:11,WashingtonDC7D,38.846,-76.999
3734,7D211832,Single_Gunshot,2016-08-22,07:50:45,WashingtonDC7D,38.84,-76.991
3735,6D171690,Gunshot_or_Firecracker,2016-08-22,20:04:58,WashingtonDC6D,38.902,-76.925
3736,5D68357,Multiple_Gunshots,2016-08-22,20:29:09,WashingtonDC5D,38.907,-77.012
3737,7D211850,Multiple_Gunshots,2016-08-22,20:52:35,WashingtonDC7D,38.84,-76.989
3738,6D171699,Gunshot_or_Firecracker,2016-08-22,20:53:04,WashingtonDC6D,38.893,-76.912
3739,4D57086,Gunshot_or_Firecracker,2016-08-22,21:36:54,WashingtonDC4D,38.96,-77.028
3740,6D171704,Gunshot_or_Firecracker,2016-08-22,22:04:44,WashingtonDC6D,38.907,-76.933
3741,7D211853,Multiple_Gunshots,2016-08-22,22:06:23,WashingtonDC7D,38.841,-76.97
3742,6D171707,Gunshot_or_Firecracker,2016-08-22,23:01:19,WashingtonDC6D,38.892,-76.952
3743,7D211855,Multiple_Gunshots,2016-08-22,23:24:46,WashingtonDC7D,38.845,-76.98
3744,7D211856,Multiple_Gunshots,2016-08-23,00:19:26,WashingtonDC7D,38.868,-76.982
3745,6D171711,Multiple_Gunshots,2016-08-23,00:19:26,WashingtonDC6D,38.869,-76.982
3746,6D171712,Multiple_Gunshots,2016-08-23,00:55:05,WashingtonDC6D,38.888,-76.923
3747,7D211857,Single_Gunshot,2016-08-23,01:19:46,WashingtonDC7D,38.87,-76.98
3748,6D171714,Multiple_Gunshots,2016-08-23,01:26:04,WashingtonDC6D,38.88,-76.932
3749,7D211858,Single_Gunshot,2016-08-23,02:30:23,WashingtonDC7D,38.836,-76.996
3750,7D211862,Single_Gunshot,2016-08-23,02:32:46,WashingtonDC7D,38.847,-76.956
3751,6D171715,Multiple_Gunshots,2016-08-23,02:37:24,WashingtonDC6D,38.902,-76.928
3752,5D68359,Single_Gunshot,2016-08-23,03:38:26,WashingtonDC5D,38.922,-76.983
3753,5D68360,Single_Gunshot,2016-08-23,03:38:29,WashingtonDC5D,38.921,-76.983
3754,6D171725,Gunshot_or_Firecracker,2016-08-23,19:28:02,WashingtonDC6D,38.886,-76.936
3755,7D211877,Multiple_Gunshots,2016-08-23,20:17:26,WashingtonDC7D,38.831,-77.005
3756,6D171729,Multiple_Gunshots,2016-08-23,21:24:14,WashingtonDC6D,38.896,-76.937
3757,7D211882,Single_Gunshot,2016-08-23,22:10:00,WashingtonDC7D,38.827,-76.999
3758,7D211888,Multiple_Gunshots,2016-08-23,22:48:29,WashingtonDC7D,38.828,-76.996
3759,7D211889,Single_Gunshot,2016-08-23,22:48:33,WashingtonDC7D,38.832,-76.989
3760,7D211893,Multiple_Gunshots,2016-08-23,22:50:48,WashingtonDC7D,38.839,-76.989
3761,7D211895,Multiple_Gunshots,2016-08-23,22:59:30,WashingtonDC7D,38.847,-76.984
3762,6D171733,Multiple_Gunshots,2016-08-24,00:11:44,WashingtonDC6D,38.879,-76.931
3763,7D211898,Multiple_Gunshots,2016-08-24,00:28:56,WashingtonDC7D,38.831,-76.993
3764,5D68369,Single_Gunshot,2016-08-24,00:54:14,WashingtonDC5D,38.913,-76.986
3765,7D211899,Single_Gunshot,2016-08-24,02:09:45,WashingtonDC7D,38.865,-76.983
3766,6D171736,Single_Gunshot,2016-08-24,02:09:45,WashingtonDC6D,38.865,-76.983
3767,6D171749,Multiple_Gunshots,2016-08-24,20:53:13,WashingtonDC6D,38.864,-76.941
3768,7D211904,Multiple_Gunshots,2016-08-24,21:38:13,WashingtonDC7D,38.844,-76.99
3769,7D211911,Multiple_Gunshots,2016-08-24,22:59:22,WashingtonDC7D,38.84,-76.962
3770,7D211912,Multiple_Gunshots,2016-08-24,23:28:53,WashingtonDC7D,38.829,-77.005
3771,7D211913,Single_Gunshot,2016-08-25,00:48:32,WashingtonDC7D,38.849,-76.973
3772,7D211914,Single_Gunshot,2016-08-25,01:15:36,WashingtonDC7D,38.849,-76.974
3773,6D171771,Multiple_Gunshots,2016-08-25,03:12:36,WashingtonDC6D,38.891,-76.919
3774,7D211916,Multiple_Gunshots,2016-08-25,10:45:31,WashingtonDC7D,38.831,-76.994
3775,7D211918,Multiple_Gunshots,2016-08-25,16:41:10,WashingtonDC7D,38.867,-76.982
3776,7D211929,Multiple_Gunshots,2016-08-25,21:16:58,WashingtonDC7D,38.829,-76.996
3777,6D171781,Multiple_Gunshots,2016-08-25,22:36:59,WashingtonDC6D,38.887,-76.905
3778,7D211952,Multiple_Gunshots,2016-08-26,00:13:03,WashingtonDC7D,38.849,-76.968
3779,6D171783,Multiple_Gunshots,2016-08-26,00:33:08,WashingtonDC6D,38.881,-76.918
3780,7D211953,Single_Gunshot,2016-08-26,01:20:11,WashingtonDC7D,38.861,-76.997
3781,6D171784,Multiple_Gunshots,2016-08-26,01:24:38,WashingtonDC6D,38.896,-76.922
3782,1D83062,Multiple_Gunshots,2016-08-26,03:13:08,WashingtonDC1D,38.87,-77.011
3783,6D171785,Single_Gunshot,2016-08-26,03:24:14,WashingtonDC6D,38.89,-76.96
3784,7D211955,Gunshot_or_Firecracker,2016-08-26,10:56:47,WashingtonDC7D,38.841,-76.991
3785,6D171786,Multiple_Gunshots,2016-08-26,12:28:23,WashingtonDC6D,38.89,-76.929
3786,6D171787,Multiple_Gunshots,2016-08-26,12:28:26,WashingtonDC6D,38.89,-76.93
3787,5D68397,Gunshot_or_Firecracker,2016-08-26,18:53:00,WashingtonDC5D,38.901,-76.977
3788,7D211973,Multiple_Gunshots,2016-08-26,20:00:33,WashingtonDC7D,38.859,-76.992
3789,6D171790,Multiple_Gunshots,2016-08-26,21:15:36,WashingtonDC6D,38.883,-76.925
3790,6D171817,Single_Gunshot,2016-08-26,22:45:08,WashingtonDC6D,38.91,-76.937
3791,7D211997,Multiple_Gunshots,2016-08-26,23:00:41,WashingtonDC7D,38.861,-76.983
3792,7D211998,Multiple_Gunshots,2016-08-26,23:36:52,WashingtonDC7D,38.86,-76.988
3793,6D171820,Multiple_Gunshots,2016-08-26,23:47:00,WashingtonDC6D,38.892,-76.914
3794,3D61014,Single_Gunshot,2016-08-27,00:36:17,WashingtonDC3D,38.918,-77.032
3795,1D83075,Single_Gunshot,2016-08-27,01:27:43,WashingtonDC1D,38.899,-76.979
3796,6D171822,Multiple_Gunshots,2016-08-27,01:54:05,WashingtonDC6D,38.886,-76.958
3797,6D171823,Single_Gunshot,2016-08-27,02:39:45,WashingtonDC6D,38.87,-76.939
3798,5D68401,Multiple_Gunshots,2016-08-27,02:59:30,WashingtonDC5D,38.908,-76.987
3799,1D83077,Multiple_Gunshots,2016-08-27,04:54:47,WashingtonDC1D,38.87,-77.014
3800,7D212001,Single_Gunshot,2016-08-27,06:56:54,WashingtonDC7D,38.857,-76.974
3801,7D212002,Single_Gunshot,2016-08-27,06:57:15,WashingtonDC7D,38.857,-76.974
3802,5D68402,Gunshot_or_Firecracker,2016-08-27,08:02:37,WashingtonDC5D,38.931,-76.972
3803,6D171830,Gunshot_or_Firecracker,2016-08-27,13:32:26,WashingtonDC6D,38.895,-76.938
3804,5D68405,Gunshot_or_Firecracker,2016-08-27,16:38:05,WashingtonDC5D,38.904,-77.011
3805,6D171831,Multiple_Gunshots,2016-08-27,17:28:06,WashingtonDC6D,38.912,-76.937
3806,7D212010,Gunshot_or_Firecracker,2016-08-27,18:49:40,WashingtonDC7D,38.851,-76.965
3807,6D171833,Gunshot_or_Firecracker,2016-08-27,19:12:21,WashingtonDC6D,38.892,-76.938
3808,7D212013,Gunshot_or_Firecracker,2016-08-27,20:03:13,WashingtonDC7D,38.851,-76.964
3809,6D171838,Multiple_Gunshots,2016-08-27,21:53:38,WashingtonDC6D,38.884,-76.923
3810,6D171857,Single_Gunshot,2016-08-27,22:58:29,WashingtonDC6D,38.895,-76.919
3811,7D212017,Single_Gunshot,2016-08-27,22:59:56,WashingtonDC7D,38.842,-76.987
3812,5D68420,Multiple_Gunshots,2016-08-27,23:40:06,WashingtonDC5D,38.904,-76.975
3813,6D171863,Single_Gunshot,2016-08-28,00:09:12,WashingtonDC6D,38.881,-76.926
3814,5D68425,Multiple_Gunshots,2016-08-28,00:46:25,WashingtonDC5D,38.907,-76.989
3815,7D212018,Multiple_Gunshots,2016-08-28,00:48:36,WashingtonDC7D,38.842,-76.987
3816,6D171864,Multiple_Gunshots,2016-08-28,00:57:19,WashingtonDC6D,38.883,-76.938
3817,5D68427,Single_Gunshot,2016-08-28,02:11:41,WashingtonDC5D,38.93,-76.978
3818,6D171865,Single_Gunshot,2016-08-28,02:35:01,WashingtonDC6D,38.887,-76.953
3819,6D171866,Multiple_Gunshots,2016-08-28,02:53:28,WashingtonDC6D,38.885,-76.928
3820,7D212020,Multiple_Gunshots,2016-08-28,03:06:19,WashingtonDC7D,38.838,-76.996
3821,6D171869,Multiple_Gunshots,2016-08-28,03:13:44,WashingtonDC6D,38.883,-76.962
3822,7D212022,Multiple_Gunshots,2016-08-28,04:15:52,WashingtonDC7D,38.84,-76.997
3823,6D171870,Multiple_Gunshots,2016-08-28,04:20:34,WashingtonDC6D,38.879,-76.931
3824,7D212023,Multiple_Gunshots,2016-08-28,04:39:31,WashingtonDC7D,38.857,-76.974
3825,7D212024,Multiple_Gunshots,2016-08-28,06:00:07,WashingtonDC7D,38.86,-76.968
3826,7D212025,Multiple_Gunshots,2016-08-28,06:24:03,WashingtonDC7D,38.865,-76.985
3827,7D212026,Multiple_Gunshots,2016-08-28,07:31:50,WashingtonDC7D,38.858,-76.971
3828,1D83086,Gunshot_or_Firecracker,2016-08-28,11:01:55,WashingtonDC1D,38.871,-77.013
3829,4D57128,Gunshot_or_Firecracker,2016-08-28,17:03:47,WashingtonDC4D,38.941,-77.03
3830,7D212033,Multiple_Gunshots,2016-08-28,17:59:30,WashingtonDC7D,38.84,-76.996
3831,3D61027,Gunshot_or_Firecracker,2016-08-28,18:07:36,WashingtonDC3D,38.916,-77.002
3832,7D212034,Single_Gunshot,2016-08-28,18:49:11,WashingtonDC7D,38.846,-76.975
3833,6D171879,Multiple_Gunshots,2016-08-28,19:37:34,WashingtonDC6D,38.874,-76.93
3834,7D212063,Multiple_Gunshots,2016-08-28,22:45:17,WashingtonDC7D,38.822,-76.996
3835,5D68444,Single_Gunshot,2016-08-29,00:46:30,WashingtonDC5D,38.907,-77.012
3836,3D61029,Multiple_Gunshots,2016-08-29,03:17:29,WashingtonDC3D,38.911,-77.012
3837,7D212067,Multiple_Gunshots,2016-08-29,03:33:36,WashingtonDC7D,38.857,-76.974
3838,6D171884,Multiple_Gunshots,2016-08-29,03:33:41,WashingtonDC6D,38.859,-76.973
3839,7D212074,Single_Gunshot,2016-08-29,20:14:04,WashingtonDC7D,38.842,-76.99
3840,7D212076,Multiple_Gunshots,2016-08-29,21:27:57,WashingtonDC7D,38.844,-76.968
3841,7D212077,Gunshot_or_Firecracker,2016-08-29,21:45:13,WashingtonDC7D,38.849,-76.976
3842,7D212078,Multiple_Gunshots,2016-08-29,23:14:10,WashingtonDC7D,38.834,-77.002
3843,7D212079,Multiple_Gunshots,2016-08-29,23:14:18,WashingtonDC7D,38.835,-77.002
3844,5D68450,Multiple_Gunshots,2016-08-29,23:47:57,WashingtonDC5D,38.924,-76.992
3845,7D212080,Multiple_Gunshots,2016-08-30,00:15:22,WashingtonDC7D,38.847,-76.981
3846,7D212081,Single_Gunshot,2016-08-30,00:49:47,WashingtonDC7D,38.847,-76.984
3847,3D61030,Single_Gunshot,2016-08-30,01:16:18,WashingtonDC3D,38.933,-77.031
3848,4D57136,Single_Gunshot,2016-08-30,01:16:29,WashingtonDC4D,38.934,-77.031
3849,3D61031,Single_Gunshot,2016-08-30,01:16:29,WashingtonDC3D,38.934,-77.031
3850,6D171905,Multiple_Gunshots,2016-08-30,02:05:54,WashingtonDC6D,38.912,-76.936
3851,6D171906,Single_Gunshot,2016-08-30,02:12:40,WashingtonDC6D,38.894,-76.917
3852,6D171907,Single_Gunshot,2016-08-30,02:49:23,WashingtonDC6D,38.881,-76.926
3853,5D68453,Single_Gunshot,2016-08-30,03:03:01,WashingtonDC5D,38.899,-76.982
3854,1D83093,Single_Gunshot,2016-08-30,03:03:01,WashingtonDC1D,38.899,-76.982
3855,1D83094,Single_Gunshot,2016-08-30,03:28:34,WashingtonDC1D,38.895,-76.98
3856,7D212088,Multiple_Gunshots,2016-08-30,20:32:27,WashingtonDC7D,38.844,-76.99
3857,7D212098,Multiple_Gunshots,2016-08-30,21:56:12,WashingtonDC7D,38.848,-76.973
3858,5D68463,Multiple_Gunshots,2016-08-30,23:15:32,WashingtonDC5D,38.907,-76.983
3859,6D171915,Multiple_Gunshots,2016-08-30,23:17:06,WashingtonDC6D,38.876,-76.971
3860,7D212099,Multiple_Gunshots,2016-08-30,23:45:45,WashingtonDC7D,38.858,-76.988
3861,6D171918,Multiple_Gunshots,2016-08-30,23:52:46,WashingtonDC6D,38.882,-76.933
3862,6D171919,Multiple_Gunshots,2016-08-30,23:52:48,WashingtonDC6D,38.881,-76.936
3863,6D171920,Multiple_Gunshots,2016-08-30,23:52:51,WashingtonDC6D,38.892,-76.944
3864,6D171923,Multiple_Gunshots,2016-08-31,00:47:36,WashingtonDC6D,38.878,-76.922
3865,7D212101,Single_Gunshot,2016-08-31,01:13:37,WashingtonDC7D,38.842,-76.986
3866,6D171927,Multiple_Gunshots,2016-08-31,04:56:12,WashingtonDC6D,38.911,-76.939
3867,7D212103,Single_Gunshot,2016-08-31,04:58:09,WashingtonDC7D,38.838,-76.998
3868,7D212110,Gunshot_or_Firecracker,2016-08-31,18:15:37,WashingtonDC7D,38.834,-76.996
3869,6D171931,Multiple_Gunshots,2016-08-31,18:47:38,WashingtonDC6D,38.905,-76.948
3870,7D212112,Single_Gunshot,2016-08-31,21:04:30,WashingtonDC7D,38.841,-76.991
3871,7D212113,Multiple_Gunshots,2016-08-31,21:07:05,WashingtonDC7D,38.854,-76.971
3872,7D212114,Single_Gunshot,2016-08-31,21:13:35,WashingtonDC7D,38.827,-77.004
3873,7D212120,Gunshot_or_Firecracker,2016-08-31,22:29:52,WashingtonDC7D,38.829,-76.993
3874,7D212121,Multiple_Gunshots,2016-08-31,23:51:33,WashingtonDC7D,38.853,-76.979
3875,6D171940,Multiple_Gunshots,2016-09-01,01:47:55,WashingtonDC6D,38.911,-76.936
3876,7D212122,Multiple_Gunshots,2016-09-01,02:01:08,WashingtonDC7D,38.823,-77.01
3877,6D171941,Multiple_Gunshots,2016-09-01,02:56:20,WashingtonDC6D,38.899,-76.92
3878,5D68483,Multiple_Gunshots,2016-09-01,04:28:54,WashingtonDC5D,38.906,-77.013
3879,3D61038,Multiple_Gunshots,2016-09-01,04:28:54,WashingtonDC3D,38.906,-77.013
3880,7D212123,Multiple_Gunshots,2016-09-01,05:19:19,WashingtonDC7D,38.83,-77.0
3881,7D212125,Multiple_Gunshots,2016-09-01,11:16:47,WashingtonDC7D,38.867,-76.981
3882,7D212130,Multiple_Gunshots,2016-09-01,14:13:36,WashingtonDC7D,38.867,-76.982
3883,7D212131,Multiple_Gunshots,2016-09-01,14:14:38,WashingtonDC7D,38.867,-76.981
3884,7D212137,Multiple_Gunshots,2016-09-01,20:07:02,WashingtonDC7D,38.827,-77.009
3885,6D171947,Single_Gunshot,2016-09-01,20:20:39,WashingtonDC6D,38.877,-76.94
3886,7D212138,Multiple_Gunshots,2016-09-01,20:25:06,WashingtonDC7D,38.86,-76.985
3887,7D212139,Multiple_Gunshots,2016-09-01,20:50:59,WashingtonDC7D,38.83,-77.002
3888,7D212140,Multiple_Gunshots,2016-09-01,21:46:43,WashingtonDC7D,38.849,-76.983
3889,7D212141,Multiple_Gunshots,2016-09-01,21:47:01,WashingtonDC7D,38.848,-76.983
3890,7D212143,Single_Gunshot,2016-09-01,22:16:02,WashingtonDC7D,38.857,-76.974
3891,7D212144,Multiple_Gunshots,2016-09-01,22:19:55,WashingtonDC7D,38.857,-76.973
3892,7D212145,Multiple_Gunshots,2016-09-01,22:25:16,WashingtonDC7D,38.856,-76.973
3893,6D171955,Multiple_Gunshots,2016-09-01,22:33:36,WashingtonDC6D,38.895,-76.957
3894,5D68499,Gunshot_or_Firecracker,2016-09-01,22:43:53,WashingtonDC5D,38.9,-76.978
3895,6D171956,Multiple_Gunshots,2016-09-01,22:53:55,WashingtonDC6D,38.887,-76.919
3896,7D212146,Single_Gunshot,2016-09-01,23:00:26,WashingtonDC7D,38.857,-76.973
3897,5D68500,Gunshot_or_Firecracker,2016-09-01,23:09:33,WashingtonDC5D,38.901,-76.977
3898,7D212148,Multiple_Gunshots,2016-09-01,23:17:46,WashingtonDC7D,38.85,-76.981
3899,5D68501,Single_Gunshot,2016-09-01,23:48:42,WashingtonDC5D,38.926,-76.997
3900,5D68502,Multiple_Gunshots,2016-09-02,00:05:40,WashingtonDC5D,38.907,-76.978
3901,5D68503,Multiple_Gunshots,2016-09-02,00:05:42,WashingtonDC5D,38.908,-76.979
3902,5D68504,Multiple_Gunshots,2016-09-02,00:35:00,WashingtonDC5D,38.924,-76.987
3903,5D68505,Multiple_Gunshots,2016-09-02,01:13:11,WashingtonDC5D,38.9,-76.977
3904,1D83118,Multiple_Gunshots,2016-09-02,01:13:12,WashingtonDC1D,38.904,-76.977
3905,7D212149,Single_Gunshot,2016-09-02,01:37:19,WashingtonDC7D,38.828,-77.002
3906,5D68506,Multiple_Gunshots,2016-09-02,02:23:08,WashingtonDC5D,38.906,-77.015
3907,3D61040,Multiple_Gunshots,2016-09-02,02:23:08,WashingtonDC3D,38.906,-77.015
3908,7D212150,Single_Gunshot,2016-09-02,02:58:37,WashingtonDC7D,38.859,-76.968
3909,6D171959,Single_Gunshot,2016-09-02,07:09:37,WashingtonDC6D,38.903,-76.929
3910,6D171960,Gunshot_or_Firecracker,2016-09-02,07:34:00,WashingtonDC6D,38.89,-76.937
3911,3D61043,Multiple_Gunshots,2016-09-02,20:38:37,WashingtonDC3D,38.92,-77.029
3912,6D171989,Multiple_Gunshots,2016-09-02,21:30:49,WashingtonDC6D,38.879,-76.929
3913,7D212178,Multiple_Gunshots,2016-09-02,22:02:35,WashingtonDC7D,38.855,-76.971
3914,7D212182,Multiple_Gunshots,2016-09-02,22:59:29,WashingtonDC7D,38.857,-76.975
3915,7D212184,Multiple_Gunshots,2016-09-02,23:17:48,WashingtonDC7D,38.86,-76.997
3916,7D212185,Multiple_Gunshots,2016-09-02,23:17:51,WashingtonDC7D,38.864,-76.991
3917,7D212186,Multiple_Gunshots,2016-09-02,23:18:07,WashingtonDC7D,38.859,-76.995
3918,7D212189,Multiple_Gunshots,2016-09-02,23:32:37,WashingtonDC7D,38.842,-76.985
3919,7D212190,Single_Gunshot,2016-09-02,23:55:33,WashingtonDC7D,38.857,-76.974
3920,5D68509,Multiple_Gunshots,2016-09-03,00:11:59,WashingtonDC5D,38.904,-76.976
3921,1D83126,Multiple_Gunshots,2016-09-03,00:12:01,WashingtonDC1D,38.905,-76.974
3922,6D171990,Single_Gunshot,2016-09-03,00:21:10,WashingtonDC6D,38.9,-76.919
3923,4D57160,Multiple_Gunshots,2016-09-03,00:28:16,WashingtonDC4D,38.948,-77.027
3924,7D212191,Multiple_Gunshots,2016-09-03,00:50:53,WashingtonDC7D,38.828,-76.996
3925,7D212193,Multiple_Gunshots,2016-09-03,01:07:03,WashingtonDC7D,38.843,-76.988
3926,7D212194,Multiple_Gunshots,2016-09-03,01:07:06,WashingtonDC7D,38.84,-76.993
3927,7D212196,Single_Gunshot,2016-09-03,01:27:59,WashingtonDC7D,38.857,-76.974
3928,1D83127,Multiple_Gunshots,2016-09-03,01:41:06,WashingtonDC1D,38.874,-77.012
3929,7D212197,Multiple_Gunshots,2016-09-03,01:44:07,WashingtonDC7D,38.848,-76.978
3930,7D212198,Multiple_Gunshots,2016-09-03,01:44:11,WashingtonDC7D,38.848,-76.978
3931,7D212201,Single_Gunshot,2016-09-03,02:27:52,WashingtonDC7D,38.841,-77.004
3932,6D171991,Multiple_Gunshots,2016-09-03,02:40:33,WashingtonDC6D,38.892,-76.914
3933,7D212202,Single_Gunshot,2016-09-03,02:52:47,WashingtonDC7D,38.86,-76.997
3934,6D171992,Single_Gunshot,2016-09-03,02:56:43,WashingtonDC6D,38.887,-76.923
3935,7D212207,Gunshot_or_Firecracker,2016-09-03,17:11:42,WashingtonDC7D,38.834,-76.99
3936,7D212210,Multiple_Gunshots,2016-09-03,17:16:20,WashingtonDC7D,38.848,-76.973
3937,7D212243,Multiple_Gunshots,2016-09-03,21:37:04,WashingtonDC7D,38.853,-76.979
3938,7D212247,Single_Gunshot,2016-09-03,22:05:39,WashingtonDC7D,38.831,-76.998
3939,7D212249,Gunshot_or_Firecracker,2016-09-03,22:20:55,WashingtonDC7D,38.852,-76.966
3940,6D172085,Multiple_Gunshots,2016-09-03,23:14:04,WashingtonDC6D,38.893,-76.916
3941,5D68527,Gunshot_or_Firecracker,2016-09-03,23:44:35,WashingtonDC5D,38.906,-76.977
3942,3D61051,Multiple_Gunshots,2016-09-04,03:59:45,WashingtonDC3D,38.93,-77.022
3943,7D212265,Multiple_Gunshots,2016-09-04,04:48:43,WashingtonDC7D,38.85,-76.985
3944,7D212266,Multiple_Gunshots,2016-09-04,04:48:50,WashingtonDC7D,38.85,-76.984
3945,6D172111,Single_Gunshot,2016-09-04,06:11:26,WashingtonDC6D,38.891,-76.941
3946,5D68529,Multiple_Gunshots,2016-09-04,12:30:46,WashingtonDC5D,38.909,-77.008
3947,6D172113,Single_Gunshot,2016-09-04,14:43:17,WashingtonDC6D,38.888,-76.947
3948,7D212269,Gunshot_or_Firecracker,2016-09-04,15:22:20,WashingtonDC7D,38.847,-76.976
3949,7D212273,Multiple_Gunshots,2016-09-04,18:19:28,WashingtonDC7D,38.832,-76.994
3950,6D172161,Multiple_Gunshots,2016-09-04,20:32:13,WashingtonDC6D,38.886,-76.919
3951,6D172162,Multiple_Gunshots,2016-09-04,20:32:20,WashingtonDC6D,38.893,-76.931
3952,6D172163,Multiple_Gunshots,2016-09-04,20:32:28,WashingtonDC6D,38.886,-76.921
3953,6D172230,Multiple_Gunshots,2016-09-04,22:10:23,WashingtonDC6D,38.891,-76.923
3954,6D172231,Multiple_Gunshots,2016-09-04,22:10:33,WashingtonDC6D,38.891,-76.923
3955,7D212302,Multiple_Gunshots,2016-09-04,22:35:21,WashingtonDC7D,38.853,-76.979
3956,7D212303,Multiple_Gunshots,2016-09-04,22:41:45,WashingtonDC7D,38.857,-76.973
3957,6D172279,Multiple_Gunshots,2016-09-04,23:35:21,WashingtonDC6D,38.912,-76.937
3958,5D68536,Multiple_Gunshots,2016-09-05,00:04:34,WashingtonDC5D,38.896,-76.983
3959,1D83159,Multiple_Gunshots,2016-09-05,00:04:34,WashingtonDC1D,38.896,-76.983
3960,5D68537,Multiple_Gunshots,2016-09-05,00:04:38,WashingtonDC5D,38.896,-76.983
3961,5D68538,Multiple_Gunshots,2016-09-05,00:04:47,WashingtonDC5D,38.896,-76.983
3962,7D212313,Multiple_Gunshots,2016-09-05,00:23:02,WashingtonDC7D,38.848,-77.002
3963,4D57182,Multiple_Gunshots,2016-09-05,00:31:43,WashingtonDC4D,38.947,-77.024
3964,6D172284,Multiple_Gunshots,2016-09-05,00:34:30,WashingtonDC6D,38.911,-76.937
3965,4D57183,Single_Gunshot,2016-09-05,00:35:35,WashingtonDC4D,38.94,-77.035
3966,7D212314,Multiple_Gunshots,2016-09-05,00:54:50,WashingtonDC7D,38.841,-76.991
3967,7D212315,Single_Gunshot,2016-09-05,00:55:27,WashingtonDC7D,38.841,-76.991
3968,7D212316,Multiple_Gunshots,2016-09-05,01:35:21,WashingtonDC7D,38.841,-76.991
3969,7D212317,Single_Gunshot,2016-09-05,02:29:25,WashingtonDC7D,38.842,-76.996
3970,7D212318,Multiple_Gunshots,2016-09-05,02:58:13,WashingtonDC7D,38.857,-76.973
3971,3D61054,Multiple_Gunshots,2016-09-05,04:10:17,WashingtonDC3D,38.921,-77.042
3972,5D68539,Single_Gunshot,2016-09-05,05:38:06,WashingtonDC5D,38.893,-76.975
3973,4D57184,Single_Gunshot,2016-09-05,06:37:34,WashingtonDC4D,38.945,-77.033
3974,6D172290,Multiple_Gunshots,2016-09-05,16:20:31,WashingtonDC6D,38.893,-76.929
3975,7D212363,Multiple_Gunshots,2016-09-05,20:52:14,WashingtonDC7D,38.843,-76.966
3976,6D172334,Multiple_Gunshots,2016-09-05,20:57:32,WashingtonDC6D,38.905,-76.948
3977,5D68581,Multiple_Gunshots,2016-09-05,22:08:14,WashingtonDC5D,38.919,-77.0
3978,7D212389,Gunshot_or_Firecracker,2016-09-05,23:18:18,WashingtonDC7D,38.845,-76.977
3979,6D172339,Multiple_Gunshots,2016-09-05,23:42:33,WashingtonDC6D,38.889,-76.931
3980,6D172340,Multiple_Gunshots,2016-09-06,00:04:30,WashingtonDC6D,38.889,-76.916
3981,6D172341,Single_Gunshot,2016-09-06,00:07:27,WashingtonDC6D,38.87,-76.949
3982,6D172342,Multiple_Gunshots,2016-09-06,00:19:58,WashingtonDC6D,38.879,-76.929
3983,7D212391,Multiple_Gunshots,2016-09-06,01:25:41,WashingtonDC7D,38.865,-76.984
3984,6D172343,Multiple_Gunshots,2016-09-06,01:25:44,WashingtonDC6D,38.865,-76.984
3985,6D172344,Single_Gunshot,2016-09-06,03:25:01,WashingtonDC6D,38.877,-76.969
3986,7D212393,Gunshot_or_Firecracker,2016-09-06,09:43:27,WashingtonDC7D,38.845,-77.0
3987,1D83180,Multiple_Gunshots,2016-09-06,18:38:59,WashingtonDC1D,38.874,-77.012
3988,6D172359,Multiple_Gunshots,2016-09-06,20:53:20,WashingtonDC6D,38.89,-76.926
3989,7D212400,Multiple_Gunshots,2016-09-06,20:55:29,WashingtonDC7D,38.835,-76.989
3990,7D212401,Multiple_Gunshots,2016-09-06,20:55:46,WashingtonDC7D,38.834,-76.99
3991,7D212402,Multiple_Gunshots,2016-09-06,20:55:58,WashingtonDC7D,38.834,-76.991
3992,6D172360,Single_Gunshot,2016-09-06,21:20:32,WashingtonDC6D,38.882,-76.935
3993,6D172361,Multiple_Gunshots,2016-09-06,21:54:01,WashingtonDC6D,38.895,-76.92
3994,6D172362,Gunshot_or_Firecracker,2016-09-06,22:04:45,WashingtonDC6D,38.899,-76.945
3995,5D68589,Multiple_Gunshots,2016-09-06,22:47:16,WashingtonDC5D,38.939,-76.971
3996,5D68590,Multiple_Gunshots,2016-09-06,22:47:27,WashingtonDC5D,38.939,-76.971
3997,5D68591,Multiple_Gunshots,2016-09-06,22:47:39,WashingtonDC5D,38.936,-76.966
3998,7D212403,Multiple_Gunshots,2016-09-06,23:35:28,WashingtonDC7D,38.853,-76.979
3999,7D212404,Multiple_Gunshots,2016-09-06,23:36:08,WashingtonDC7D,38.853,-76.979
4000,6D172363,Multiple_Gunshots,2016-09-07,00:26:26,WashingtonDC6D,38.906,-76.948
4001,7D212406,Single_Gunshot,2016-09-07,00:37:01,WashingtonDC7D,38.848,-76.999
4002,6D172364,Multiple_Gunshots,2016-09-07,00:44:54,WashingtonDC6D,38.863,-76.941
4003,7D212407,Single_Gunshot,2016-09-07,01:17:06,WashingtonDC7D,38.856,-76.968
4004,7D212408,Single_Gunshot,2016-09-07,01:33:38,WashingtonDC7D,38.853,-76.982
4005,7D212409,Single_Gunshot,2016-09-07,01:36:02,WashingtonDC7D,38.847,-77.002
4006,6D172366,Single_Gunshot,2016-09-07,04:47:26,WashingtonDC6D,38.887,-76.957
4007,7D212413,Multiple_Gunshots,2016-09-07,16:35:50,WashingtonDC7D,38.827,-76.999
4008,5D68596,Multiple_Gunshots,2016-09-07,21:29:45,WashingtonDC5D,38.912,-76.996
4009,5D68597,Multiple_Gunshots,2016-09-07,21:29:51,WashingtonDC5D,38.921,-76.988
4010,7D212419,Single_Gunshot,2016-09-08,02:00:05,WashingtonDC7D,38.835,-76.988
4011,6D172370,Multiple_Gunshots,2016-09-08,02:58:18,WashingtonDC6D,38.878,-76.931
4012,7D212422,Multiple_Gunshots,2016-09-08,09:37:41,WashingtonDC7D,38.837,-76.99
4013,7D212423,Multiple_Gunshots,2016-09-08,09:38:28,WashingtonDC7D,38.837,-76.99
4014,7D212425,Multiple_Gunshots,2016-09-08,09:38:51,WashingtonDC7D,38.837,-76.99
4015,7D212426,Single_Gunshot,2016-09-08,09:38:54,WashingtonDC7D,38.837,-76.99
4016,6D172377,Single_Gunshot,2016-09-08,15:02:05,WashingtonDC6D,38.896,-76.943
4017,7D212432,Multiple_Gunshots,2016-09-08,20:44:20,WashingtonDC7D,38.837,-76.988
4018,7D212434,Multiple_Gunshots,2016-09-08,23:13:25,WashingtonDC7D,38.83,-77.002
4019,7D212435,Single_Gunshot,2016-09-09,01:56:13,WashingtonDC7D,38.826,-77.001
4020,5D68606,Single_Gunshot,2016-09-09,02:14:28,WashingtonDC5D,38.906,-77.011
4021,6D172379,Multiple_Gunshots,2016-09-09,04:28:39,WashingtonDC6D,38.905,-76.943
4022,7D212444,Single_Gunshot,2016-09-09,17:16:42,WashingtonDC7D,38.825,-77.008
4023,6D172385,Single_Gunshot,2016-09-09,19:27:57,WashingtonDC6D,38.871,-76.949
4024,7D212447,Multiple_Gunshots,2016-09-09,19:55:21,WashingtonDC7D,38.853,-76.979
4025,7D212449,Multiple_Gunshots,2016-09-09,21:03:20,WashingtonDC7D,38.838,-76.991
4026,7D212450,Gunshot_or_Firecracker,2016-09-09,21:53:28,WashingtonDC7D,38.864,-76.981
4027,6D172388,Multiple_Gunshots,2016-09-09,23:32:28,WashingtonDC6D,38.913,-76.935
4028,6D172389,Multiple_Gunshots,2016-09-10,00:24:18,WashingtonDC6D,38.903,-76.932
4029,7D212453,Multiple_Gunshots,2016-09-10,00:39:56,WashingtonDC7D,38.863,-76.982
4030,6D172390,Multiple_Gunshots,2016-09-10,00:39:57,WashingtonDC6D,38.863,-76.982
4031,6D172391,Multiple_Gunshots,2016-09-10,01:13:10,WashingtonDC6D,38.878,-76.93
4032,6D172392,Multiple_Gunshots,2016-09-10,01:17:32,WashingtonDC6D,38.902,-76.931
4033,6D172393,Multiple_Gunshots,2016-09-10,01:17:38,WashingtonDC6D,38.902,-76.931
4034,4D57232,Multiple_Gunshots,2016-09-10,02:19:17,WashingtonDC4D,38.955,-77.027
4035,4D57233,Multiple_Gunshots,2016-09-10,02:19:18,WashingtonDC4D,38.955,-77.028
4036,5D68614,Single_Gunshot,2016-09-10,02:59:29,WashingtonDC5D,38.924,-76.979
4037,6D172397,Multiple_Gunshots,2016-09-10,04:09:21,WashingtonDC6D,38.889,-76.926
4038,7D212457,Single_Gunshot,2016-09-10,04:41:52,WashingtonDC7D,38.825,-77.01
4039,6D172399,Multiple_Gunshots,2016-09-10,06:16:59,WashingtonDC6D,38.89,-76.956
4040,6D172406,Single_Gunshot,2016-09-10,19:03:17,WashingtonDC6D,38.907,-76.93
4041,7D212463,Multiple_Gunshots,2016-09-10,20:23:02,WashingtonDC7D,38.858,-76.973
4042,7D212467,Multiple_Gunshots,2016-09-10,21:48:36,WashingtonDC7D,38.838,-76.988
4043,6D172417,Multiple_Gunshots,2016-09-10,21:54:41,WashingtonDC6D,38.909,-76.936
4044,1D83231,Multiple_Gunshots,2016-09-10,22:38:58,WashingtonDC1D,38.871,-77.012
4045,4D57236,Multiple_Gunshots,2016-09-11,00:33:17,WashingtonDC4D,38.945,-77.019
4046,7D212469,Multiple_Gunshots,2016-09-11,00:50:40,WashingtonDC7D,38.855,-76.997
4047,6D172419,Multiple_Gunshots,2016-09-11,01:02:37,WashingtonDC6D,38.887,-76.926
4048,7D212470,Multiple_Gunshots,2016-09-11,01:12:55,WashingtonDC7D,38.843,-76.986
4049,7D212471,Single_Gunshot,2016-09-11,01:28:21,WashingtonDC7D,38.863,-76.983
4050,6D172421,Multiple_Gunshots,2016-09-11,02:23:23,WashingtonDC6D,38.899,-76.938
4051,7D212472,Single_Gunshot,2016-09-11,02:59:55,WashingtonDC7D,38.844,-76.978
4052,7D212473,Single_Gunshot,2016-09-11,03:04:13,WashingtonDC7D,38.862,-76.982
4053,7D212476,Single_Gunshot,2016-09-11,03:30:57,WashingtonDC7D,38.824,-77.001
4054,7D212477,Multiple_Gunshots,2016-09-11,04:25:14,WashingtonDC7D,38.862,-76.982
4055,3D61064,Multiple_Gunshots,2016-09-11,04:27:44,WashingtonDC3D,38.906,-77.015
4056,7D212481,Multiple_Gunshots,2016-09-11,05:38:34,WashingtonDC7D,38.83,-76.999
4057,7D212482,Multiple_Gunshots,2016-09-11,06:07:32,WashingtonDC7D,38.862,-76.982
4058,7D212497,Gunshot_or_Firecracker,2016-09-11,20:06:18,WashingtonDC7D,38.857,-76.974
4059,7D212499,Single_Gunshot,2016-09-11,21:43:26,WashingtonDC7D,38.852,-76.968
4060,6D172431,Multiple_Gunshots,2016-09-11,22:14:11,WashingtonDC6D,38.904,-76.917
4061,6D172432,Multiple_Gunshots,2016-09-11,22:18:02,WashingtonDC6D,38.886,-76.925
4062,7D212501,Single_Gunshot,2016-09-11,22:44:43,WashingtonDC7D,38.862,-76.982
4063,7D212502,Multiple_Gunshots,2016-09-11,23:51:06,WashingtonDC7D,38.834,-76.986
4064,6D172434,Single_Gunshot,2016-09-12,00:10:43,WashingtonDC6D,38.886,-76.956
4065,3D61066,Multiple_Gunshots,2016-09-12,00:20:49,WashingtonDC3D,38.922,-77.027
4066,3D61067,Multiple_Gunshots,2016-09-12,00:20:59,WashingtonDC3D,38.921,-77.027
4067,3D61068,Multiple_Gunshots,2016-09-12,00:21:09,WashingtonDC3D,38.92,-77.027
4068,7D212506,Multiple_Gunshots,2016-09-12,01:47:22,WashingtonDC7D,38.834,-76.996
4069,7D212507,Multiple_Gunshots,2016-09-12,01:54:46,WashingtonDC7D,38.834,-76.996
4070,7D212512,Multiple_Gunshots,2016-09-12,02:27:17,WashingtonDC7D,38.834,-76.996
4071,1D83235,Multiple_Gunshots,2016-09-12,02:35:34,WashingtonDC1D,38.902,-76.976
4072,5D68633,Multiple_Gunshots,2016-09-12,02:35:38,WashingtonDC5D,38.899,-76.988
4073,6D172438,Multiple_Gunshots,2016-09-12,02:37:55,WashingtonDC6D,38.898,-76.97
4074,1D83236,Multiple_Gunshots,2016-09-12,02:37:55,WashingtonDC1D,38.892,-76.975
4075,1D83237,Multiple_Gunshots,2016-09-12,02:37:59,WashingtonDC1D,38.891,-76.975
4076,7D212519,Multiple_Gunshots,2016-09-12,03:12:41,WashingtonDC7D,38.833,-76.994
4077,7D212550,Multiple_Gunshots,2016-09-12,19:30:28,WashingtonDC7D,38.828,-76.996
4078,7D212551,Single_Gunshot,2016-09-12,19:30:35,WashingtonDC7D,38.828,-76.996
4079,6D172451,Gunshot_or_Firecracker,2016-09-12,20:13:07,WashingtonDC6D,38.89,-76.924
4080,6D172452,Multiple_Gunshots,2016-09-12,20:13:22,WashingtonDC6D,38.89,-76.922
4081,7D212553,Multiple_Gunshots,2016-09-12,20:25:19,WashingtonDC7D,38.837,-77.004
4082,7D212554,Multiple_Gunshots,2016-09-12,20:26:16,WashingtonDC7D,38.832,-76.992
4083,5D68643,Multiple_Gunshots,2016-09-12,20:27:54,WashingtonDC5D,38.902,-76.975
4084,7D212555,Multiple_Gunshots,2016-09-12,20:34:28,WashingtonDC7D,38.863,-76.973
4085,1D83252,Multiple_Gunshots,2016-09-12,22:18:50,WashingtonDC1D,38.874,-77.016
4086,6D172455,Gunshot_or_Firecracker,2016-09-12,22:38:11,WashingtonDC6D,38.88,-76.966
4087,6D172459,Single_Gunshot,2016-09-12,23:29:58,WashingtonDC6D,38.876,-76.932
4088,6D172460,Multiple_Gunshots,2016-09-12,23:30:30,WashingtonDC6D,38.876,-76.932
4089,6D172462,Multiple_Gunshots,2016-09-13,00:43:51,WashingtonDC6D,38.877,-76.932
4090,7D212562,Single_Gunshot,2016-09-13,00:51:59,WashingtonDC7D,38.849,-76.973
4091,6D172463,Single_Gunshot,2016-09-13,01:01:39,WashingtonDC6D,38.886,-76.939
4092,5D68650,Multiple_Gunshots,2016-09-13,01:33:49,WashingtonDC5D,38.907,-76.988
4093,6D172465,Single_Gunshot,2016-09-13,02:38:16,WashingtonDC6D,38.89,-76.954
4094,5D68651,Multiple_Gunshots,2016-09-13,03:41:08,WashingtonDC5D,38.923,-77.001
4095,6D172467,Single_Gunshot,2016-09-13,04:22:54,WashingtonDC6D,38.865,-76.943
4096,7D212571,Multiple_Gunshots,2016-09-13,15:27:44,WashingtonDC7D,38.845,-76.977
4097,7D212576,Multiple_Gunshots,2016-09-13,19:36:40,WashingtonDC7D,38.828,-76.997
4098,6D172475,Gunshot_or_Firecracker,2016-09-13,19:50:39,WashingtonDC6D,38.887,-76.92
4099,6D172476,Multiple_Gunshots,2016-09-13,19:50:50,WashingtonDC6D,38.887,-76.921
4100,6D172477,Multiple_Gunshots,2016-09-13,20:04:04,WashingtonDC6D,38.887,-76.925
4101,7D212581,Multiple_Gunshots,2016-09-13,21:31:20,WashingtonDC7D,38.824,-77.003
4102,7D212582,Gunshot_or_Firecracker,2016-09-13,22:32:02,WashingtonDC7D,38.825,-77.01
4103,6D172482,Single_Gunshot,2016-09-14,00:13:00,WashingtonDC6D,38.881,-76.935
4104,5D68654,Multiple_Gunshots,2016-09-14,00:46:24,WashingtonDC5D,38.917,-77.003
4105,6D172484,Multiple_Gunshots,2016-09-14,01:27:07,WashingtonDC6D,38.889,-76.961
4106,7D212585,Multiple_Gunshots,2016-09-14,01:28:09,WashingtonDC7D,38.837,-76.991
4107,7D212586,Multiple_Gunshots,2016-09-14,01:59:18,WashingtonDC7D,38.849,-76.976
4108,6D172485,Multiple_Gunshots,2016-09-14,03:12:39,WashingtonDC6D,38.912,-76.936
4109,7D212589,Gunshot_or_Firecracker,2016-09-14,10:00:23,WashingtonDC7D,38.859,-76.996
4110,5D68664,Multiple_Gunshots,2016-09-14,19:06:31,WashingtonDC5D,38.922,-77.003
4111,6D172494,Multiple_Gunshots,2016-09-14,20:09:13,WashingtonDC6D,38.896,-76.94
4112,6D172497,Single_Gunshot,2016-09-14,21:18:03,WashingtonDC6D,38.905,-76.931
4113,7D212595,Multiple_Gunshots,2016-09-14,23:15:31,WashingtonDC7D,38.86,-76.996
4114,6D172500,Multiple_Gunshots,2016-09-14,23:22:46,WashingtonDC6D,38.918,-76.931
4115,6D172501,Multiple_Gunshots,2016-09-14,23:26:25,WashingtonDC6D,38.895,-76.917
4116,6D172502,Multiple_Gunshots,2016-09-15,00:03:11,WashingtonDC6D,38.912,-76.937
4117,6D172503,Multiple_Gunshots,2016-09-15,01:22:14,WashingtonDC6D,38.917,-76.933
4118,6D172504,Multiple_Gunshots,2016-09-15,02:39:25,WashingtonDC6D,38.882,-76.935
4119,7D212599,Multiple_Gunshots,2016-09-15,10:25:58,WashingtonDC7D,38.829,-77.001
4120,7D212601,Gunshot_or_Firecracker,2016-09-15,11:18:22,WashingtonDC7D,38.835,-76.983
4121,6D172509,Multiple_Gunshots,2016-09-15,13:30:43,WashingtonDC6D,38.878,-76.933
4122,7D212604,Multiple_Gunshots,2016-09-15,14:26:08,WashingtonDC7D,38.847,-76.961
4123,6D172514,Multiple_Gunshots,2016-09-15,21:09:12,WashingtonDC6D,38.889,-76.955
4124,6D172515,Gunshot_or_Firecracker,2016-09-15,21:09:18,WashingtonDC6D,38.89,-76.954
4125,6D172536,Multiple_Gunshots,2016-09-15,22:44:52,WashingtonDC6D,38.889,-76.924
4126,7D212629,Single_Gunshot,2016-09-15,23:04:04,WashingtonDC7D,38.859,-76.99
4127,7D212630,Multiple_Gunshots,2016-09-16,00:02:24,WashingtonDC7D,38.826,-76.999
4128,1D83294,Single_Gunshot,2016-09-16,01:52:03,WashingtonDC1D,38.871,-77.011
4129,5D68671,Multiple_Gunshots,2016-09-16,02:22:44,WashingtonDC5D,38.902,-77.007
4130,6D172539,Multiple_Gunshots,2016-09-16,06:17:28,WashingtonDC6D,38.895,-76.925
4131,7D212635,Single_Gunshot,2016-09-16,07:27:30,WashingtonDC7D,38.834,-76.997
4132,5D68681,Multiple_Gunshots,2016-09-16,16:52:52,WashingtonDC5D,38.906,-76.976
4133,6D172545,Single_Gunshot,2016-09-16,21:54:07,WashingtonDC6D,38.91,-76.94
4134,6D172546,Multiple_Gunshots,2016-09-16,21:55:34,WashingtonDC6D,38.911,-76.942
4135,6D172548,Multiple_Gunshots,2016-09-16,22:10:56,WashingtonDC6D,38.887,-76.926
4136,5D68683,Multiple_Gunshots,2016-09-16,22:58:07,WashingtonDC5D,38.923,-77.001
4137,3D61095,Multiple_Gunshots,2016-09-16,22:58:08,WashingtonDC3D,38.923,-77.0
4138,7D212644,Multiple_Gunshots,2016-09-16,23:38:37,WashingtonDC7D,38.858,-76.983
4139,5D68684,Multiple_Gunshots,2016-09-16,23:39:12,WashingtonDC5D,38.893,-76.984
4140,1D83315,Multiple_Gunshots,2016-09-16,23:39:12,WashingtonDC1D,38.893,-76.984
4141,5D68685,Multiple_Gunshots,2016-09-17,00:04:12,WashingtonDC5D,38.902,-76.995
4142,7D212649,Single_Gunshot,2016-09-17,01:05:53,WashingtonDC7D,38.847,-76.982
4143,5D68688,Single_Gunshot,2016-09-17,01:24:59,WashingtonDC5D,38.906,-76.987
4144,4D57319,Single_Gunshot,2016-09-17,01:32:30,WashingtonDC4D,38.95,-77.023
4145,7D212650,Multiple_Gunshots,2016-09-17,01:39:17,WashingtonDC7D,38.839,-76.999
4146,6D172552,Multiple_Gunshots,2016-09-17,02:05:34,WashingtonDC6D,38.911,-76.937
4147,6D172553,Multiple_Gunshots,2016-09-17,02:08:06,WashingtonDC6D,38.912,-76.937
4148,6D172554,Multiple_Gunshots,2016-09-17,02:08:11,WashingtonDC6D,38.911,-76.938
4149,5D68690,Multiple_Gunshots,2016-09-17,02:59:22,WashingtonDC5D,38.908,-76.998
4150,3D61100,Single_Gunshot,2016-09-17,03:46:45,WashingtonDC3D,38.917,-77.029
4151,5D68692,Single_Gunshot,2016-09-17,04:43:31,WashingtonDC5D,38.901,-76.978
4152,6D172556,Multiple_Gunshots,2016-09-17,05:09:54,WashingtonDC6D,38.904,-76.951
4153,6D172557,Single_Gunshot,2016-09-17,06:13:44,WashingtonDC6D,38.877,-76.933
4154,7D212652,Gunshot_or_Firecracker,2016-09-17,08:53:35,WashingtonDC7D,38.855,-77.001
4155,7D212661,Gunshot_or_Firecracker,2016-09-17,16:46:21,WashingtonDC7D,38.837,-76.988
4156,7D212667,Multiple_Gunshots,2016-09-17,20:23:57,WashingtonDC7D,38.858,-76.997
4157,6D172559,Multiple_Gunshots,2016-09-17,20:48:20,WashingtonDC6D,38.889,-76.926
4158,6D172560,Multiple_Gunshots,2016-09-17,20:48:27,WashingtonDC6D,38.889,-76.925
4159,6D172561,Multiple_Gunshots,2016-09-17,20:49:32,WashingtonDC6D,38.889,-76.926
4160,4D57333,Gunshot_or_Firecracker,2016-09-17,21:24:13,WashingtonDC4D,38.93,-77.028
4161,6D172562,Multiple_Gunshots,2016-09-17,21:42:35,WashingtonDC6D,38.907,-76.941
4162,5D68709,Multiple_Gunshots,2016-09-17,22:01:49,WashingtonDC5D,38.921,-76.965
4163,6D172565,Single_Gunshot,2016-09-17,22:15:20,WashingtonDC6D,38.891,-76.95
4164,4D57342,Multiple_Gunshots,2016-09-17,22:29:16,WashingtonDC4D,38.953,-77.024
4165,6D172568,Multiple_Gunshots,2016-09-17,22:41:08,WashingtonDC6D,38.904,-76.925
4166,6D172569,Multiple_Gunshots,2016-09-17,22:48:37,WashingtonDC6D,38.88,-76.956
4167,6D172571,Multiple_Gunshots,2016-09-17,22:57:20,WashingtonDC6D,38.894,-76.931
4168,6D172572,Multiple_Gunshots,2016-09-17,23:31:55,WashingtonDC6D,38.892,-76.911
4169,4D57343,Single_Gunshot,2016-09-17,23:54:39,WashingtonDC4D,38.954,-77.015
4170,6D172573,Single_Gunshot,2016-09-18,00:37:53,WashingtonDC6D,38.885,-76.926
4171,4D57344,Multiple_Gunshots,2016-09-18,00:46:55,WashingtonDC4D,38.928,-77.026
4172,5D68710,Multiple_Gunshots,2016-09-18,00:57:45,WashingtonDC5D,38.922,-77.004
4173,6D172574,Multiple_Gunshots,2016-09-18,01:16:06,WashingtonDC6D,38.884,-76.925
4174,6D172575,Multiple_Gunshots,2016-09-18,01:27:21,WashingtonDC6D,38.877,-76.933
4175,6D172576,Multiple_Gunshots,2016-09-18,01:27:26,WashingtonDC6D,38.877,-76.933
4176,6D172577,Multiple_Gunshots,2016-09-18,01:27:32,WashingtonDC6D,38.897,-76.925
4177,7D212688,Single_Gunshot,2016-09-18,01:29:15,WashingtonDC7D,38.859,-76.988
4178,7D212689,Multiple_Gunshots,2016-09-18,01:34:06,WashingtonDC7D,38.849,-76.972
4179,6D172578,Multiple_Gunshots,2016-09-18,02:13:02,WashingtonDC6D,38.886,-76.955
4180,7D212691,Single_Gunshot,2016-09-18,02:43:23,WashingtonDC7D,38.856,-76.99
4181,7D212693,Single_Gunshot,2016-09-18,04:04:36,WashingtonDC7D,38.844,-76.967
4182,7D212694,Multiple_Gunshots,2016-09-18,04:13:15,WashingtonDC7D,38.827,-76.997
4183,7D212695,Multiple_Gunshots,2016-09-18,04:13:21,WashingtonDC7D,38.841,-76.993
4184,7D212696,Multiple_Gunshots,2016-09-18,04:38:41,WashingtonDC7D,38.86,-77.0
4185,7D212697,Multiple_Gunshots,2016-09-18,06:17:08,WashingtonDC7D,38.828,-77.002
4186,6D172582,Gunshot_or_Firecracker,2016-09-18,13:29:43,WashingtonDC6D,38.894,-76.927
4187,6D172586,Gunshot_or_Firecracker,2016-09-18,17:40:02,WashingtonDC6D,38.885,-76.956
4188,7D212709,Single_Gunshot,2016-09-18,18:51:19,WashingtonDC7D,38.861,-76.987
4189,7D212710,Multiple_Gunshots,2016-09-18,19:04:08,WashingtonDC7D,38.829,-77.003
4190,7D212711,Multiple_Gunshots,2016-09-18,19:29:54,WashingtonDC7D,38.846,-76.978
4191,6D172617,Gunshot_or_Firecracker,2016-09-18,20:43:18,WashingtonDC6D,38.884,-76.925
4192,1D83334,Multiple_Gunshots,2016-09-18,21:09:45,WashingtonDC1D,38.872,-77.012
4193,7D212714,Multiple_Gunshots,2016-09-18,22:21:31,WashingtonDC7D,38.844,-76.979
4194,7D212716,Multiple_Gunshots,2016-09-18,22:21:48,WashingtonDC7D,38.844,-76.978
4195,6D172627,Multiple_Gunshots,2016-09-18,22:45:51,WashingtonDC6D,38.904,-76.917
4196,3D61115,Multiple_Gunshots,2016-09-18,23:30:25,WashingtonDC3D,38.926,-77.03
4197,6D172628,Multiple_Gunshots,2016-09-19,01:06:18,WashingtonDC6D,38.899,-76.932
4198,5D68719,Multiple_Gunshots,2016-09-19,01:17:16,WashingtonDC5D,38.92,-76.98
4199,6D172629,Gunshot_or_Firecracker,2016-09-19,02:48:22,WashingtonDC6D,38.898,-76.93
4200,7D212720,Gunshot_or_Firecracker,2016-09-19,11:32:40,WashingtonDC7D,38.86,-76.99
4201,6D172633,Gunshot_or_Firecracker,2016-09-19,19:32:35,WashingtonDC6D,38.883,-76.928
4202,6D172634,Single_Gunshot,2016-09-19,19:42:23,WashingtonDC6D,38.893,-76.931
4203,7D212725,Multiple_Gunshots,2016-09-19,20:08:14,WashingtonDC7D,38.839,-77.003
4204,6D172635,Multiple_Gunshots,2016-09-19,20:13:37,WashingtonDC6D,38.872,-76.965
4205,7D212726,Multiple_Gunshots,2016-09-19,21:08:04,WashingtonDC7D,38.844,-76.972
4206,7D212727,Gunshot_or_Firecracker,2016-09-19,23:01:38,WashingtonDC7D,38.845,-76.979
4207,6D172636,Multiple_Gunshots,2016-09-19,23:05:47,WashingtonDC6D,38.895,-76.929
4208,1D83338,Single_Gunshot,2016-09-19,23:49:48,WashingtonDC1D,38.876,-77.013
4209,6D172637,Multiple_Gunshots,2016-09-19,23:52:18,WashingtonDC6D,38.912,-76.936
4210,6D172639,Single_Gunshot,2016-09-20,02:59:43,WashingtonDC6D,38.89,-76.956
4211,7D212728,Single_Gunshot,2016-09-20,04:06:23,WashingtonDC7D,38.831,-76.999
4212,1D83339,Gunshot_or_Firecracker,2016-09-20,10:26:46,WashingtonDC1D,38.904,-76.986
4213,7D212732,Multiple_Gunshots,2016-09-20,15:53:58,WashingtonDC7D,38.834,-76.99
4214,7D212749,Multiple_Gunshots,2016-09-20,18:41:24,WashingtonDC7D,38.849,-76.974
4215,1D83344,Single_Gunshot,2016-09-20,20:06:14,WashingtonDC1D,38.894,-76.983
4216,6D172645,Multiple_Gunshots,2016-09-20,21:02:54,WashingtonDC6D,38.912,-76.937
4217,5D68741,Multiple_Gunshots,2016-09-20,22:29:23,WashingtonDC5D,38.905,-76.975
4218,1D83345,Multiple_Gunshots,2016-09-20,22:43:49,WashingtonDC1D,38.9,-76.983
4219,6D172648,Multiple_Gunshots,2016-09-20,23:59:42,WashingtonDC6D,38.897,-76.941
4220,7D212756,Multiple_Gunshots,2016-09-21,00:24:52,WashingtonDC7D,38.835,-77.002
4221,7D212757,Single_Gunshot,2016-09-21,00:36:22,WashingtonDC7D,38.845,-76.985
4222,7D212758,Multiple_Gunshots,2016-09-21,08:40:23,WashingtonDC7D,38.847,-77.0
4223,7D212759,Multiple_Gunshots,2016-09-21,08:40:25,WashingtonDC7D,38.847,-77.0
4224,6D172654,Gunshot_or_Firecracker,2016-09-21,11:28:24,WashingtonDC6D,38.885,-76.952
4225,5D68745,Single_Gunshot,2016-09-21,17:37:55,WashingtonDC5D,38.922,-76.989
4226,6D172657,Single_Gunshot,2016-09-21,19:13:28,WashingtonDC6D,38.894,-76.93
4227,7D212771,Multiple_Gunshots,2016-09-21,19:31:55,WashingtonDC7D,38.833,-76.982
4228,5D68748,Multiple_Gunshots,2016-09-21,19:50:26,WashingtonDC5D,38.909,-76.987
4229,5D68749,Multiple_Gunshots,2016-09-21,19:50:29,WashingtonDC5D,38.907,-76.988
4230,5D68750,Multiple_Gunshots,2016-09-21,19:50:32,WashingtonDC5D,38.907,-76.988
4231,5D68751,Multiple_Gunshots,2016-09-21,19:50:36,WashingtonDC5D,38.909,-76.991
4232,5D68752,Multiple_Gunshots,2016-09-21,19:50:41,WashingtonDC5D,38.909,-76.988
4233,7D212820,Single_Gunshot,2016-09-21,21:35:08,WashingtonDC7D,38.833,-76.983
4234,6D172664,Multiple_Gunshots,2016-09-21,22:01:28,WashingtonDC6D,38.888,-76.922
4235,6D172665,Multiple_Gunshots,2016-09-21,22:22:21,WashingtonDC6D,38.876,-76.967
4236,6D172666,Multiple_Gunshots,2016-09-21,22:22:31,WashingtonDC6D,38.877,-76.967
4237,6D172667,Multiple_Gunshots,2016-09-21,22:33:08,WashingtonDC6D,38.876,-76.949
4238,6D172668,Multiple_Gunshots,2016-09-21,22:58:34,WashingtonDC6D,38.91,-76.939
4239,6D172670,Multiple_Gunshots,2016-09-21,23:19:36,WashingtonDC6D,38.92,-76.934
4240,6D172671,Single_Gunshot,2016-09-21,23:39:07,WashingtonDC6D,38.902,-76.906
4241,7D212837,Multiple_Gunshots,2016-09-22,00:26:53,WashingtonDC7D,38.841,-76.983
4242,3D61131,Multiple_Gunshots,2016-09-22,00:35:02,WashingtonDC3D,38.923,-77.026
4243,3D61132,Multiple_Gunshots,2016-09-22,00:35:08,WashingtonDC3D,38.922,-77.027
4244,6D172673,Single_Gunshot,2016-09-22,00:48:38,WashingtonDC6D,38.888,-76.929
4245,6D172674,Multiple_Gunshots,2016-09-22,01:16:00,WashingtonDC6D,38.87,-76.965
4246,7D212840,Multiple_Gunshots,2016-09-22,01:16:04,WashingtonDC7D,38.862,-76.982
4247,6D172675,Multiple_Gunshots,2016-09-22,01:31:08,WashingtonDC6D,38.919,-76.937
4248,7D212841,Single_Gunshot,2016-09-22,02:04:47,WashingtonDC7D,38.846,-76.983
4249,7D212842,Single_Gunshot,2016-09-22,02:47:36,WashingtonDC7D,38.848,-76.955
4250,4D57387,Multiple_Gunshots,2016-09-22,03:01:57,WashingtonDC4D,38.95,-77.007
4251,7D212858,Gunshot_or_Firecracker,2016-09-22,20:22:12,WashingtonDC7D,38.833,-76.997
4252,7D212862,Multiple_Gunshots,2016-09-22,20:31:55,WashingtonDC7D,38.846,-76.998
4253,7D212863,Gunshot_or_Firecracker,2016-09-22,20:32:01,WashingtonDC7D,38.846,-76.998
4254,7D212865,Multiple_Gunshots,2016-09-22,20:36:17,WashingtonDC7D,38.825,-76.999
4255,6D172684,Multiple_Gunshots,2016-09-22,20:42:09,WashingtonDC6D,38.889,-76.926
4256,7D212866,Multiple_Gunshots,2016-09-22,20:51:54,WashingtonDC7D,38.847,-76.976
4257,6D172685,Single_Gunshot,2016-09-22,21:31:46,WashingtonDC6D,38.912,-76.938
4258,6D172686,Multiple_Gunshots,2016-09-22,23:32:00,WashingtonDC6D,38.876,-76.948
4259,6D172688,Multiple_Gunshots,2016-09-23,00:09:08,WashingtonDC6D,38.893,-76.916
4260,7D212872,Multiple_Gunshots,2016-09-23,00:24:53,WashingtonDC7D,38.828,-76.992
4261,6D172689,Single_Gunshot,2016-09-23,01:39:01,WashingtonDC6D,38.905,-76.914
4262,6D172690,Single_Gunshot,2016-09-23,01:39:14,WashingtonDC6D,38.905,-76.913
4263,5D68764,Multiple_Gunshots,2016-09-23,02:57:48,WashingtonDC5D,38.899,-76.977
4264,1D83365,Multiple_Gunshots,2016-09-23,02:57:49,WashingtonDC1D,38.899,-76.978
4265,5D68765,Multiple_Gunshots,2016-09-23,03:03:07,WashingtonDC5D,38.899,-76.981
4266,1D83366,Multiple_Gunshots,2016-09-23,03:03:07,WashingtonDC1D,38.899,-76.981
4267,7D212882,Gunshot_or_Firecracker,2016-09-23,14:38:22,WashingtonDC7D,38.867,-76.985
4268,5D68775,Single_Gunshot,2016-09-23,19:33:54,WashingtonDC5D,38.92,-76.98
4269,6D172705,Multiple_Gunshots,2016-09-23,20:44:09,WashingtonDC6D,38.887,-76.925
4270,6D172706,Multiple_Gunshots,2016-09-23,20:44:16,WashingtonDC6D,38.887,-76.926
4271,5D68794,Single_Gunshot,2016-09-23,21:43:46,WashingtonDC5D,38.921,-76.981
4272,6D172708,Multiple_Gunshots,2016-09-23,22:52:21,WashingtonDC6D,38.896,-76.936
4273,7D212891,Multiple_Gunshots,2016-09-23,23:17:53,WashingtonDC7D,38.834,-76.993
4274,7D212892,Multiple_Gunshots,2016-09-23,23:18:02,WashingtonDC7D,38.837,-76.998
4275,5D68797,Single_Gunshot,2016-09-24,00:39:13,WashingtonDC5D,38.917,-77.003
4276,7D212895,Multiple_Gunshots,2016-09-24,00:55:31,WashingtonDC7D,38.828,-77.006
4277,7D212896,Multiple_Gunshots,2016-09-24,00:56:40,WashingtonDC7D,38.849,-76.978
4278,3D61142,Multiple_Gunshots,2016-09-24,01:11:38,WashingtonDC3D,38.924,-77.022
4279,7D212897,Single_Gunshot,2016-09-24,01:23:31,WashingtonDC7D,38.829,-77.001
4280,7D212898,Multiple_Gunshots,2016-09-24,01:52:56,WashingtonDC7D,38.852,-76.978
4281,3D61143,Single_Gunshot,2016-09-24,03:11:12,WashingtonDC3D,38.916,-77.022
4282,7D212901,Single_Gunshot,2016-09-24,03:41:46,WashingtonDC7D,38.832,-76.998
4283,7D212902,Single_Gunshot,2016-09-24,03:44:01,WashingtonDC7D,38.849,-76.974
4284,6D172713,Multiple_Gunshots,2016-09-24,04:21:50,WashingtonDC6D,38.885,-76.958
4285,5D68798,Single_Gunshot,2016-09-24,05:19:44,WashingtonDC5D,38.9,-76.977
4286,1D83377,Gunshot_or_Firecracker,2016-09-24,05:19:45,WashingtonDC1D,38.9,-76.977
4287,1D83378,Single_Gunshot,2016-09-24,06:26:45,WashingtonDC1D,38.874,-77.013
4288,5D68799,Gunshot_or_Firecracker,2016-09-24,07:14:26,WashingtonDC5D,38.907,-76.988
4289,5D68800,Multiple_Gunshots,2016-09-24,07:14:36,WashingtonDC5D,38.907,-76.988
4290,1D83379,Multiple_Gunshots,2016-09-24,07:14:37,WashingtonDC1D,38.907,-76.988
4291,6D172736,Single_Gunshot,2016-09-24,19:07:55,WashingtonDC6D,38.887,-76.953
4292,7D212921,Multiple_Gunshots,2016-09-24,19:34:03,WashingtonDC7D,38.846,-76.973
4293,7D212922,Multiple_Gunshots,2016-09-24,19:34:10,WashingtonDC7D,38.841,-76.998
4294,7D212995,Multiple_Gunshots,2016-09-24,23:47:55,WashingtonDC7D,38.863,-76.981
4295,7D212997,Multiple_Gunshots,2016-09-25,01:10:43,WashingtonDC7D,38.859,-76.998
4296,7D212998,Multiple_Gunshots,2016-09-25,01:13:45,WashingtonDC7D,38.851,-76.984
4297,6D172759,Single_Gunshot,2016-09-25,01:21:49,WashingtonDC6D,38.879,-76.936
4298,4D57419,Multiple_Gunshots,2016-09-25,02:38:09,WashingtonDC4D,38.955,-77.017
4299,4D57420,Multiple_Gunshots,2016-09-25,02:38:12,WashingtonDC4D,38.956,-77.019
4300,7D212999,Single_Gunshot,2016-09-25,02:52:01,WashingtonDC7D,38.855,-76.962
4301,7D213001,Single_Gunshot,2016-09-25,04:19:36,WashingtonDC7D,38.828,-77.006
4302,5D68835,Multiple_Gunshots,2016-09-25,04:21:27,WashingtonDC5D,38.917,-76.98
4303,7D213002,Single_Gunshot,2016-09-25,04:47:06,WashingtonDC7D,38.856,-76.963
4304,5D68836,Gunshot_or_Firecracker,2016-09-25,06:27:21,WashingtonDC5D,38.911,-77.0
4305,1D83421,Single_Gunshot,2016-09-25,11:56:55,WashingtonDC1D,38.873,-77.016
4306,6D172767,Gunshot_or_Firecracker,2016-09-25,16:27:47,WashingtonDC6D,38.906,-76.927
4307,5D68838,Single_Gunshot,2016-09-25,16:55:47,WashingtonDC5D,38.906,-77.011
4308,7D213017,Multiple_Gunshots,2016-09-25,18:16:47,WashingtonDC7D,38.855,-76.972
4309,7D213020,Gunshot_or_Firecracker,2016-09-25,19:11:10,WashingtonDC7D,38.855,-76.969
4310,7D213021,Multiple_Gunshots,2016-09-25,19:30:41,WashingtonDC7D,38.828,-76.997
4311,7D213022,Single_Gunshot,2016-09-25,20:12:21,WashingtonDC7D,38.83,-76.997
4312,7D213023,Multiple_Gunshots,2016-09-25,20:16:05,WashingtonDC7D,38.849,-76.974
4313,7D213025,Single_Gunshot,2016-09-25,21:23:28,WashingtonDC7D,38.821,-76.993
4314,7D213027,Gunshot_or_Firecracker,2016-09-26,01:16:12,WashingtonDC7D,38.863,-76.997
4315,7D213031,Single_Gunshot,2016-09-26,02:07:09,WashingtonDC7D,38.842,-76.987
4316,7D213032,Multiple_Gunshots,2016-09-26,02:26:13,WashingtonDC7D,38.854,-76.974
4317,7D213033,Single_Gunshot,2016-09-26,02:41:27,WashingtonDC7D,38.829,-76.995
4318,6D172772,Multiple_Gunshots,2016-09-26,16:37:14,WashingtonDC6D,38.897,-76.94
4319,6D172773,Multiple_Gunshots,2016-09-26,16:37:21,WashingtonDC6D,38.897,-76.94
4320,4D57426,Multiple_Gunshots,2016-09-26,21:28:46,WashingtonDC4D,38.944,-77.016
4321,7D213048,Single_Gunshot,2016-09-26,22:01:15,WashingtonDC7D,38.848,-76.976
4322,7D213049,Gunshot_or_Firecracker,2016-09-26,22:30:26,WashingtonDC7D,38.828,-77.004
4323,6D172780,Multiple_Gunshots,2016-09-26,22:34:25,WashingtonDC6D,38.883,-76.926
4324,7D213050,Multiple_Gunshots,2016-09-26,22:34:41,WashingtonDC7D,38.845,-76.978
4325,7D213052,Multiple_Gunshots,2016-09-26,22:35:35,WashingtonDC7D,38.843,-76.98
4326,6D172781,Single_Gunshot,2016-09-26,22:49:36,WashingtonDC6D,38.879,-76.948
4327,7D213053,Single_Gunshot,2016-09-27,00:54:49,WashingtonDC7D,38.855,-76.996
4328,6D172790,Single_Gunshot,2016-09-27,01:28:36,WashingtonDC6D,38.895,-76.942
4329,5D68844,Single_Gunshot,2016-09-27,01:32:43,WashingtonDC5D,38.9,-76.974
4330,1D83476,Multiple_Gunshots,2016-09-27,13:28:28,WashingtonDC1D,38.875,-77.011
4331,4D57430,Multiple_Gunshots,2016-09-27,15:46:36,WashingtonDC4D,38.949,-77.016
4332,7D213064,Gunshot_or_Firecracker,2016-09-27,17:54:18,WashingtonDC7D,38.835,-76.992
4333,7D213069,Gunshot_or_Firecracker,2016-09-27,19:00:17,WashingtonDC7D,38.856,-76.973
4334,7D213076,Multiple_Gunshots,2016-09-27,21:26:16,WashingtonDC7D,38.854,-76.98
4335,6D172802,Multiple_Gunshots,2016-09-27,21:26:22,WashingtonDC6D,38.866,-76.966
4336,6D172803,Multiple_Gunshots,2016-09-27,22:02:56,WashingtonDC6D,38.886,-76.927
4337,5D68847,Multiple_Gunshots,2016-09-28,02:14:26,WashingtonDC5D,38.921,-76.97
4338,6D172807,Gunshot_or_Firecracker,2016-09-28,08:20:38,WashingtonDC6D,38.885,-76.931
4339,7D213085,Multiple_Gunshots,2016-09-28,16:13:21,WashingtonDC7D,38.854,-76.971
4340,7D213086,Multiple_Gunshots,2016-09-28,16:18:59,WashingtonDC7D,38.854,-76.972
4341,7D213087,Gunshot_or_Firecracker,2016-09-28,18:06:19,WashingtonDC7D,38.854,-76.971
4342,7D213095,Single_Gunshot,2016-09-28,20:29:36,WashingtonDC7D,38.873,-76.982
4343,4D57438,Single_Gunshot,2016-09-29,01:03:25,WashingtonDC4D,38.952,-77.011
4344,7D213100,Multiple_Gunshots,2016-09-29,11:37:07,WashingtonDC7D,38.852,-76.981
4345,6D172818,Gunshot_or_Firecracker,2016-09-29,14:12:07,WashingtonDC6D,38.887,-76.936
4346,4D57444,Gunshot_or_Firecracker,2016-09-29,19:06:09,WashingtonDC4D,38.945,-77.006
4347,5D68857,Multiple_Gunshots,2016-09-29,20:40:46,WashingtonDC5D,38.9,-76.974
4348,6D172819,Multiple_Gunshots,2016-09-29,21:37:42,WashingtonDC6D,38.876,-76.932
4349,6D172820,Multiple_Gunshots,2016-09-29,22:05:35,WashingtonDC6D,38.894,-76.928
4350,7D213104,Multiple_Gunshots,2016-09-29,23:52:54,WashingtonDC7D,38.845,-76.979
4351,7D213105,Single_Gunshot,2016-09-30,00:21:05,WashingtonDC7D,38.844,-76.988
4352,7D213106,Single_Gunshot,2016-09-30,04:02:21,WashingtonDC7D,38.856,-76.97
4353,6D172822,Multiple_Gunshots,2016-09-30,04:15:20,WashingtonDC6D,38.873,-76.941
4354,6D172824,Gunshot_or_Firecracker,2016-09-30,08:21:21,WashingtonDC6D,38.905,-76.933
4355,5D68859,Gunshot_or_Firecracker,2016-09-30,16:00:39,WashingtonDC5D,38.903,-77.012
4356,6D172828,Multiple_Gunshots,2016-09-30,16:04:59,WashingtonDC6D,38.89,-76.956
4357,7D213114,Gunshot_or_Firecracker,2016-09-30,17:37:37,WashingtonDC7D,38.835,-76.992
4358,4D57450,Multiple_Gunshots,2016-09-30,18:26:07,WashingtonDC4D,38.947,-77.023
4359,7D213120,Single_Gunshot,2016-09-30,19:13:00,WashingtonDC7D,38.857,-76.973
4360,7D213121,Gunshot_or_Firecracker,2016-09-30,20:08:46,WashingtonDC7D,38.834,-76.992
4361,6D172830,Multiple_Gunshots,2016-09-30,20:51:30,WashingtonDC6D,38.897,-76.913
4362,4D57452,Single_Gunshot,2016-09-30,21:13:06,WashingtonDC4D,38.95,-77.023
4363,4D57453,Multiple_Gunshots,2016-09-30,22:14:48,WashingtonDC4D,38.956,-77.019
4364,4D57454,Multiple_Gunshots,2016-09-30,22:46:01,WashingtonDC4D,38.961,-77.016
4365,7D213128,Multiple_Gunshots,2016-09-30,23:42:18,WashingtonDC7D,38.856,-76.968
4366,7D213129,Multiple_Gunshots,2016-10-01,00:25:07,WashingtonDC7D,38.838,-77.004
4367,7D213130,Multiple_Gunshots,2016-10-01,00:29:45,WashingtonDC7D,38.837,-77.004
4368,6D172837,Single_Gunshot,2016-10-01,00:33:08,WashingtonDC6D,38.885,-76.924
4369,7D213131,Multiple_Gunshots,2016-10-01,00:47:44,WashingtonDC7D,38.846,-76.973
4370,7D213132,Single_Gunshot,2016-10-01,01:03:06,WashingtonDC7D,38.834,-76.983
4371,7D213133,Multiple_Gunshots,2016-10-01,02:09:50,WashingtonDC7D,38.869,-76.977
4372,7D213135,Single_Gunshot,2016-10-01,02:47:15,WashingtonDC7D,38.856,-76.969
4373,7D213136,Multiple_Gunshots,2016-10-01,03:05:53,WashingtonDC7D,38.832,-76.997
4374,6D172839,Multiple_Gunshots,2016-10-01,03:35:35,WashingtonDC6D,38.914,-76.94
4375,6D172840,Multiple_Gunshots,2016-10-01,03:35:44,WashingtonDC6D,38.914,-76.939
4376,6D172841,Multiple_Gunshots,2016-10-01,03:45:28,WashingtonDC6D,38.883,-76.936
4377,6D172842,Single_Gunshot,2016-10-01,03:54:11,WashingtonDC6D,38.887,-76.937
4378,3D61167,Multiple_Gunshots,2016-10-01,04:28:26,WashingtonDC3D,38.905,-77.011
4379,7D213140,Gunshot_or_Firecracker,2016-10-01,05:04:04,WashingtonDC7D,38.859,-76.992
4380,7D213163,Gunshot_or_Firecracker,2016-10-01,12:49:04,WashingtonDC7D,38.834,-76.994
4381,7D213165,Multiple_Gunshots,2016-10-01,14:16:09,WashingtonDC7D,38.854,-76.973
4382,7D213182,Multiple_Gunshots,2016-10-01,20:40:34,WashingtonDC7D,38.84,-76.988
4383,6D172847,Multiple_Gunshots,2016-10-01,21:02:09,WashingtonDC6D,38.913,-76.937
4384,7D213183,Multiple_Gunshots,2016-10-01,21:05:21,WashingtonDC7D,38.867,-76.98
4385,7D213185,Single_Gunshot,2016-10-01,21:42:41,WashingtonDC7D,38.857,-76.964
4386,6D172849,Multiple_Gunshots,2016-10-01,21:44:05,WashingtonDC6D,38.886,-76.945
4387,7D213188,Single_Gunshot,2016-10-01,22:27:03,WashingtonDC7D,38.829,-76.994
4388,5D68869,Gunshot_or_Firecracker,2016-10-02,00:11:58,WashingtonDC5D,38.927,-76.977
4389,7D213190,Multiple_Gunshots,2016-10-02,00:13:54,WashingtonDC7D,38.864,-76.994
4390,7D213191,Multiple_Gunshots,2016-10-02,00:13:57,WashingtonDC7D,38.862,-76.994
4391,4D57463,Single_Gunshot,2016-10-02,01:19:56,WashingtonDC4D,38.956,-77.022
4392,7D213194,Single_Gunshot,2016-10-02,01:42:08,WashingtonDC7D,38.827,-76.999
4393,4D57464,Multiple_Gunshots,2016-10-02,01:46:36,WashingtonDC4D,38.957,-77.013
4394,7D213196,Multiple_Gunshots,2016-10-02,04:47:37,WashingtonDC7D,38.844,-76.98
4395,7D213197,Multiple_Gunshots,2016-10-02,08:38:48,WashingtonDC7D,38.829,-77.006
4396,5D68872,Multiple_Gunshots,2016-10-02,16:46:53,WashingtonDC5D,38.897,-76.978
4397,5D68873,Multiple_Gunshots,2016-10-02,16:47:14,WashingtonDC5D,38.897,-76.978
4398,7D213215,Gunshot_or_Firecracker,2016-10-02,20:11:16,WashingtonDC7D,38.817,-76.992
4399,7D213219,Single_Gunshot,2016-10-02,21:09:12,WashingtonDC7D,38.842,-76.996
4400,7D213228,Multiple_Gunshots,2016-10-02,21:41:20,WashingtonDC7D,38.849,-76.982
4401,6D172859,Single_Gunshot,2016-10-02,23:41:03,WashingtonDC6D,38.895,-76.948
4402,6D172860,Multiple_Gunshots,2016-10-03,00:02:43,WashingtonDC6D,38.903,-76.946
4403,6D172861,Multiple_Gunshots,2016-10-03,00:35:55,WashingtonDC6D,38.885,-76.963
4404,6D172862,Single_Gunshot,2016-10-03,01:11:37,WashingtonDC6D,38.888,-76.931
4405,6D172863,Multiple_Gunshots,2016-10-03,01:21:14,WashingtonDC6D,38.902,-76.947
4406,1D83570,Multiple_Gunshots,2016-10-03,01:57:01,WashingtonDC1D,38.877,-77.014
4407,6D172864,Multiple_Gunshots,2016-10-03,02:22:19,WashingtonDC6D,38.861,-76.969
4408,3D61174,Single_Gunshot,2016-10-03,02:55:23,WashingtonDC3D,38.924,-77.029
4409,7D213232,Multiple_Gunshots,2016-10-03,04:14:18,WashingtonDC7D,38.844,-76.979
4410,6D172867,Single_Gunshot,2016-10-03,12:22:13,WashingtonDC6D,38.9,-76.937
4411,6D172870,Multiple_Gunshots,2016-10-03,18:06:37,WashingtonDC6D,38.895,-76.922
4412,6D172871,Single_Gunshot,2016-10-03,18:06:46,WashingtonDC6D,38.895,-76.922
4413,7D213241,Single_Gunshot,2016-10-03,20:25:09,WashingtonDC7D,38.849,-76.956
4414,7D213243,Gunshot_or_Firecracker,2016-10-03,21:17:08,WashingtonDC7D,38.878,-76.984
4415,6D172873,Gunshot_or_Firecracker,2016-10-03,21:17:08,WashingtonDC6D,38.878,-76.984
4416,6D172874,Gunshot_or_Firecracker,2016-10-03,21:24:07,WashingtonDC6D,38.885,-76.949
4417,6D172875,Multiple_Gunshots,2016-10-03,21:41:53,WashingtonDC6D,38.891,-76.921
4418,5D68883,Multiple_Gunshots,2016-10-03,22:29:12,WashingtonDC5D,38.927,-76.977
4419,7D213247,Multiple_Gunshots,2016-10-03,22:43:11,WashingtonDC7D,38.853,-76.979
4420,6D172876,Multiple_Gunshots,2016-10-03,22:58:47,WashingtonDC6D,38.912,-76.936
4421,1D83601,Single_Gunshot,2016-10-03,23:35:36,WashingtonDC1D,38.896,-76.983
4422,1D83602,Multiple_Gunshots,2016-10-03,23:35:43,WashingtonDC1D,38.899,-76.986
4423,6D172877,Gunshot_or_Firecracker,2016-10-03,23:38:03,WashingtonDC6D,38.885,-76.955
4424,6D172878,Single_Gunshot,2016-10-03,23:38:38,WashingtonDC6D,38.884,-76.956
4425,7D213249,Single_Gunshot,2016-10-03,23:46:48,WashingtonDC7D,38.855,-76.992
4426,7D213250,Multiple_Gunshots,2016-10-04,02:27:15,WashingtonDC7D,38.842,-76.983
4427,3D61182,Gunshot_or_Firecracker,2016-10-04,05:38:11,WashingtonDC3D,38.925,-77.032
4428,7D213257,Multiple_Gunshots,2016-10-04,12:23:00,WashingtonDC7D,38.837,-77.003
4429,7D213258,Multiple_Gunshots,2016-10-04,13:05:31,WashingtonDC7D,38.846,-76.985
4430,7D213264,Gunshot_or_Firecracker,2016-10-04,19:12:49,WashingtonDC7D,38.82,-76.997
4431,7D213269,Multiple_Gunshots,2016-10-04,21:20:10,WashingtonDC7D,38.852,-76.965
4432,6D172887,Multiple_Gunshots,2016-10-04,22:08:18,WashingtonDC6D,38.889,-76.926
4433,6D172889,Multiple_Gunshots,2016-10-04,22:22:23,WashingtonDC6D,38.885,-76.925
4434,6D172890,Single_Gunshot,2016-10-04,22:49:11,WashingtonDC6D,38.886,-76.925
4435,7D213272,Multiple_Gunshots,2016-10-04,23:03:35,WashingtonDC7D,38.853,-76.981
4436,6D172892,Multiple_Gunshots,2016-10-04,23:10:08,WashingtonDC6D,38.887,-76.937
4437,5D68890,Multiple_Gunshots,2016-10-04,23:26:43,WashingtonDC5D,38.909,-76.986
4438,7D213273,Multiple_Gunshots,2016-10-04,23:32:16,WashingtonDC7D,38.834,-76.986
4439,7D213274,Multiple_Gunshots,2016-10-04,23:44:44,WashingtonDC7D,38.823,-77.001
4440,6D172894,Multiple_Gunshots,2016-10-04,23:54:39,WashingtonDC6D,38.913,-76.937
4441,6D172895,Multiple_Gunshots,2016-10-05,01:15:49,WashingtonDC6D,38.911,-76.937
4442,7D213279,Multiple_Gunshots,2016-10-05,01:24:50,WashingtonDC7D,38.856,-76.968
4443,7D213280,Single_Gunshot,2016-10-05,05:42:29,WashingtonDC7D,38.857,-76.972
4444,7D213287,Gunshot_or_Firecracker,2016-10-05,17:28:05,WashingtonDC7D,38.841,-76.984
4445,7D213288,Multiple_Gunshots,2016-10-05,18:21:21,WashingtonDC7D,38.839,-76.996
4446,5D68897,Gunshot_or_Firecracker,2016-10-05,18:39:51,WashingtonDC5D,38.904,-76.973
4447,6D172908,Single_Gunshot,2016-10-05,19:39:39,WashingtonDC6D,38.879,-76.939
4448,7D213292,Single_Gunshot,2016-10-05,21:01:43,WashingtonDC7D,38.849,-76.981
4449,6D172911,Multiple_Gunshots,2016-10-05,21:29:49,WashingtonDC6D,38.886,-76.919
4450,7D213294,Multiple_Gunshots,2016-10-05,21:42:36,WashingtonDC7D,38.858,-76.988
4451,6D172913,Multiple_Gunshots,2016-10-05,22:15:44,WashingtonDC6D,38.884,-76.921
4452,5D68902,Single_Gunshot,2016-10-05,22:23:50,WashingtonDC5D,38.926,-76.963
4453,7D213296,Multiple_Gunshots,2016-10-05,22:45:20,WashingtonDC7D,38.837,-77.004
4454,6D172916,Multiple_Gunshots,2016-10-05,23:42:29,WashingtonDC6D,38.895,-76.915
4455,5D68904,Multiple_Gunshots,2016-10-05,23:42:55,WashingtonDC5D,38.926,-76.963
4456,7D213298,Single_Gunshot,2016-10-06,00:22:35,WashingtonDC7D,38.847,-76.955
4457,7D213299,Single_Gunshot,2016-10-06,02:34:00,WashingtonDC7D,38.828,-77.004
4458,6D172919,Multiple_Gunshots,2016-10-06,02:34:22,WashingtonDC6D,38.885,-76.925
4459,6D172920,Multiple_Gunshots,2016-10-06,02:34:24,WashingtonDC6D,38.886,-76.93
4460,1D83648,Gunshot_or_Firecracker,2016-10-06,10:03:29,WashingtonDC1D,38.876,-76.995
4461,6D172925,Gunshot_or_Firecracker,2016-10-06,12:38:16,WashingtonDC6D,38.895,-76.938
4462,6D172926,Multiple_Gunshots,2016-10-06,16:30:41,WashingtonDC6D,38.893,-76.916
4463,6D172927,Single_Gunshot,2016-10-06,17:44:11,WashingtonDC6D,38.892,-76.939
4464,1D83733,Gunshot_or_Firecracker,2016-10-06,17:44:51,WashingtonDC1D,38.903,-76.988
4465,6D172934,Gunshot_or_Firecracker,2016-10-06,19:22:14,WashingtonDC6D,38.886,-76.954
4466,6D172937,Single_Gunshot,2016-10-06,19:33:21,WashingtonDC6D,38.898,-76.923
4467,7D213309,Multiple_Gunshots,2016-10-06,20:55:21,WashingtonDC7D,38.863,-76.987
4468,6D172938,Single_Gunshot,2016-10-06,21:01:43,WashingtonDC6D,38.907,-76.95
4469,7D213311,Multiple_Gunshots,2016-10-06,21:25:03,WashingtonDC7D,38.832,-76.988
4470,7D213312,Single_Gunshot,2016-10-06,21:48:28,WashingtonDC7D,38.826,-76.995
4471,3D61198,Multiple_Gunshots,2016-10-06,23:06:53,WashingtonDC3D,38.917,-77.019
4472,7D213315,Multiple_Gunshots,2016-10-07,00:25:14,WashingtonDC7D,38.835,-76.987
4473,6D172943,Multiple_Gunshots,2016-10-07,02:08:45,WashingtonDC6D,38.903,-76.933
4474,4D57479,Single_Gunshot,2016-10-07,03:08:18,WashingtonDC4D,38.958,-77.025
4475,6D172948,Multiple_Gunshots,2016-10-07,03:49:14,WashingtonDC6D,38.91,-76.947
4476,6D172949,Multiple_Gunshots,2016-10-07,03:49:16,WashingtonDC6D,38.904,-76.945
4477,7D213331,Single_Gunshot,2016-10-07,17:10:54,WashingtonDC7D,38.868,-76.981
4478,6D172953,Single_Gunshot,2016-10-07,19:24:51,WashingtonDC6D,38.884,-76.928
4479,6D172955,Single_Gunshot,2016-10-07,19:55:38,WashingtonDC6D,38.903,-76.93
4480,7D213344,Multiple_Gunshots,2016-10-07,22:57:16,WashingtonDC7D,38.845,-76.999
4481,6D172961,Multiple_Gunshots,2016-10-07,23:04:38,WashingtonDC6D,38.87,-76.93
4482,6D172962,Multiple_Gunshots,2016-10-07,23:05:00,WashingtonDC6D,38.87,-76.931
4483,7D213346,Multiple_Gunshots,2016-10-07,23:12:03,WashingtonDC7D,38.821,-76.995
4484,7D213347,Multiple_Gunshots,2016-10-07,23:37:13,WashingtonDC7D,38.827,-76.995
4485,6D172964,Multiple_Gunshots,2016-10-08,00:17:06,WashingtonDC6D,38.899,-76.933
4486,7D213349,Multiple_Gunshots,2016-10-08,01:17:44,WashingtonDC7D,38.844,-76.979
4487,7D213350,Single_Gunshot,2016-10-08,01:28:27,WashingtonDC7D,38.827,-76.998
4488,6D172966,Single_Gunshot,2016-10-08,03:25:07,WashingtonDC6D,38.891,-76.951
4489,6D172967,Multiple_Gunshots,2016-10-08,03:37:18,WashingtonDC6D,38.918,-76.94
4490,7D213351,Multiple_Gunshots,2016-10-08,03:39:18,WashingtonDC7D,38.834,-76.995
4491,4D57486,Single_Gunshot,2016-10-08,04:37:30,WashingtonDC4D,38.944,-77.011
4492,4D57487,Multiple_Gunshots,2016-10-08,04:47:50,WashingtonDC4D,38.948,-77.009
4493,3D61201,Multiple_Gunshots,2016-10-08,04:54:22,WashingtonDC3D,38.925,-77.023
4494,7D213355,Single_Gunshot,2016-10-08,10:19:37,WashingtonDC7D,38.836,-77.003
4495,6D172968,Multiple_Gunshots,2016-10-08,14:23:25,WashingtonDC6D,38.897,-76.936
4496,7D213361,Multiple_Gunshots,2016-10-08,16:28:04,WashingtonDC7D,38.829,-76.996
4497,6D172969,Single_Gunshot,2016-10-08,18:22:10,WashingtonDC6D,38.897,-76.938
4498,3D61203,Single_Gunshot,2016-10-08,19:54:25,WashingtonDC3D,38.906,-77.022
4499,7D213363,Multiple_Gunshots,2016-10-08,20:53:34,WashingtonDC7D,38.837,-77.004
4500,7D213364,Multiple_Gunshots,2016-10-08,23:00:57,WashingtonDC7D,38.847,-76.999
4501,7D213368,Multiple_Gunshots,2016-10-09,00:08:32,WashingtonDC7D,38.837,-77.004
4502,4D57488,Single_Gunshot,2016-10-09,00:10:22,WashingtonDC4D,38.959,-77.02
4503,6D172974,Single_Gunshot,2016-10-09,01:00:15,WashingtonDC6D,38.895,-76.929
4504,6D172975,Single_Gunshot,2016-10-09,01:00:24,WashingtonDC6D,38.895,-76.929
4505,6D172976,Multiple_Gunshots,2016-10-09,01:46:14,WashingtonDC6D,38.887,-76.956
4506,7D213370,Gunshot_or_Firecracker,2016-10-09,02:25:10,WashingtonDC7D,38.861,-76.994
4507,7D213373,Single_Gunshot,2016-10-09,02:36:17,WashingtonDC7D,38.856,-76.969
4508,6D172978,Single_Gunshot,2016-10-09,04:57:32,WashingtonDC6D,38.907,-76.95
4509,7D213377,Single_Gunshot,2016-10-09,10:45:37,WashingtonDC7D,38.85,-76.977
4510,7D213378,Multiple_Gunshots,2016-10-09,10:46:08,WashingtonDC7D,38.851,-76.977
4511,5D68933,Gunshot_or_Firecracker,2016-10-09,15:49:51,WashingtonDC5D,38.913,-77.008
4512,6D172979,Multiple_Gunshots,2016-10-09,19:02:24,WashingtonDC6D,38.892,-76.913
4513,6D172980,Multiple_Gunshots,2016-10-09,19:02:33,WashingtonDC6D,38.892,-76.913
4514,6D172982,Multiple_Gunshots,2016-10-09,19:04:22,WashingtonDC6D,38.892,-76.913
4515,7D213386,Single_Gunshot,2016-10-09,19:18:40,WashingtonDC7D,38.833,-76.993
4516,5D68934,Gunshot_or_Firecracker,2016-10-09,19:27:53,WashingtonDC5D,38.918,-76.974
4517,7D213388,Multiple_Gunshots,2016-10-09,19:33:05,WashingtonDC7D,38.838,-76.991
4518,7D213390,Single_Gunshot,2016-10-09,23:28:22,WashingtonDC7D,38.831,-76.994
4519,5D68935,Multiple_Gunshots,2016-10-09,23:36:43,WashingtonDC5D,38.904,-77.011
4520,7D213391,Single_Gunshot,2016-10-09,23:44:21,WashingtonDC7D,38.865,-76.981
4521,5D68936,Single_Gunshot,2016-10-10,01:23:16,WashingtonDC5D,38.9,-76.98
4522,7D213392,Single_Gunshot,2016-10-10,01:35:43,WashingtonDC7D,38.827,-77.002
4523,6D172989,Multiple_Gunshots,2016-10-10,01:53:33,WashingtonDC6D,38.878,-76.96
4524,4D57494,Multiple_Gunshots,2016-10-10,01:56:36,WashingtonDC4D,38.935,-77.029
4525,3D61209,Multiple_Gunshots,2016-10-10,01:56:36,WashingtonDC3D,38.935,-77.029
4526,7D213393,Multiple_Gunshots,2016-10-10,02:35:08,WashingtonDC7D,38.831,-77.012
4527,7D213394,Multiple_Gunshots,2016-10-10,02:35:14,WashingtonDC7D,38.831,-77.012
4528,7D213395,Single_Gunshot,2016-10-10,03:44:49,WashingtonDC7D,38.848,-76.977
4529,6D172993,Single_Gunshot,2016-10-10,03:59:06,WashingtonDC6D,38.895,-76.953
4530,7D213396,Multiple_Gunshots,2016-10-10,03:59:40,WashingtonDC7D,38.827,-77.003
4531,7D213402,Multiple_Gunshots,2016-10-10,13:23:33,WashingtonDC7D,38.835,-77.002
4532,6D173000,Gunshot_or_Firecracker,2016-10-10,16:00:45,WashingtonDC6D,38.892,-76.913
4533,6D173013,Multiple_Gunshots,2016-10-10,18:11:13,WashingtonDC6D,38.886,-76.952
4534,1D83881,Multiple_Gunshots,2016-10-10,19:16:43,WashingtonDC1D,38.902,-76.987
4535,5D68937,Multiple_Gunshots,2016-10-10,19:16:45,WashingtonDC5D,38.903,-76.984
4536,1D83882,Multiple_Gunshots,2016-10-10,19:16:48,WashingtonDC1D,38.904,-76.984
4537,7D213410,Gunshot_or_Firecracker,2016-10-10,21:26:12,WashingtonDC7D,38.875,-76.973
4538,7D213411,Multiple_Gunshots,2016-10-10,21:39:41,WashingtonDC7D,38.86,-76.998
4539,7D213414,Multiple_Gunshots,2016-10-10,22:14:19,WashingtonDC7D,38.834,-76.996
4540,6D173017,Single_Gunshot,2016-10-10,22:26:55,WashingtonDC6D,38.894,-76.91
4541,6D173018,Multiple_Gunshots,2016-10-10,23:42:28,WashingtonDC6D,38.887,-76.951
4542,3D61210,Multiple_Gunshots,2016-10-10,23:46:23,WashingtonDC3D,38.921,-77.033
4543,3D61212,Gunshot_or_Firecracker,2016-10-10,23:46:47,WashingtonDC3D,38.921,-77.032
4544,7D213415,Single_Gunshot,2016-10-10,23:56:54,WashingtonDC7D,38.857,-76.974
4545,7D213416,Single_Gunshot,2016-10-10,23:59:03,WashingtonDC7D,38.856,-76.973
4546,7D213417,Multiple_Gunshots,2016-10-10,23:59:23,WashingtonDC7D,38.857,-76.973
4547,7D213418,Single_Gunshot,2016-10-11,00:00:42,WashingtonDC7D,38.857,-76.974
4548,1D83883,Multiple_Gunshots,2016-10-11,01:14:27,WashingtonDC1D,38.877,-77.015
4549,7D213421,Single_Gunshot,2016-10-11,02:07:37,WashingtonDC7D,38.844,-76.963
4550,7D213423,Multiple_Gunshots,2016-10-11,03:58:47,WashingtonDC7D,38.855,-76.992
4551,7D213435,Multiple_Gunshots,2016-10-11,11:41:05,WashingtonDC7D,38.828,-76.991
4552,7D213436,Multiple_Gunshots,2016-10-11,11:41:19,WashingtonDC7D,38.829,-76.993
4553,7D213445,Multiple_Gunshots,2016-10-11,14:35:46,WashingtonDC7D,38.839,-76.997
4554,5D68947,Single_Gunshot,2016-10-11,18:04:32,WashingtonDC5D,38.907,-77.021
4555,7D213449,Multiple_Gunshots,2016-10-11,18:14:35,WashingtonDC7D,38.856,-76.975
4556,7D213452,Single_Gunshot,2016-10-11,20:14:51,WashingtonDC7D,38.822,-77.006
4557,5D68953,Multiple_Gunshots,2016-10-11,21:11:45,WashingtonDC5D,38.906,-76.976
4558,5D68954,Multiple_Gunshots,2016-10-11,21:11:51,WashingtonDC5D,38.905,-76.976
4559,5D68955,Multiple_Gunshots,2016-10-11,21:11:52,WashingtonDC5D,38.914,-76.998
4560,7D213453,Multiple_Gunshots,2016-10-11,21:37:57,WashingtonDC7D,38.841,-76.99
4561,7D213454,Multiple_Gunshots,2016-10-11,21:44:33,WashingtonDC7D,38.832,-76.997
4562,4D57506,Single_Gunshot,2016-10-11,23:01:05,WashingtonDC4D,38.951,-77.021
4563,7D213455,Multiple_Gunshots,2016-10-11,23:07:09,WashingtonDC7D,38.859,-76.986
4564,6D173040,Multiple_Gunshots,2016-10-11,23:19:00,WashingtonDC6D,38.905,-76.95
4565,6D173042,Multiple_Gunshots,2016-10-11,23:19:07,WashingtonDC6D,38.905,-76.95
4566,6D173043,Multiple_Gunshots,2016-10-11,23:19:11,WashingtonDC6D,38.905,-76.951
4567,6D173044,Multiple_Gunshots,2016-10-11,23:21:43,WashingtonDC6D,38.876,-76.929
4568,6D173045,Multiple_Gunshots,2016-10-11,23:34:38,WashingtonDC6D,38.879,-76.943
4569,7D213456,Multiple_Gunshots,2016-10-12,00:25:33,WashingtonDC7D,38.848,-76.977
4570,6D173047,Single_Gunshot,2016-10-12,00:40:58,WashingtonDC6D,38.89,-76.928
4571,7D213457,Multiple_Gunshots,2016-10-12,01:52:07,WashingtonDC7D,38.826,-77.003
4572,7D213458,Single_Gunshot,2016-10-12,01:54:49,WashingtonDC7D,38.86,-76.987
4573,7D213459,Single_Gunshot,2016-10-12,02:27:04,WashingtonDC7D,38.878,-76.984
4574,7D213461,Single_Gunshot,2016-10-12,02:30:21,WashingtonDC7D,38.878,-76.984
4575,6D173049,Multiple_Gunshots,2016-10-12,06:41:59,WashingtonDC6D,38.891,-76.921
4576,7D213474,Multiple_Gunshots,2016-10-12,12:26:16,WashingtonDC7D,38.866,-76.98
4577,7D213497,Multiple_Gunshots,2016-10-12,21:35:25,WashingtonDC7D,38.842,-76.997
4578,5D68970,Multiple_Gunshots,2016-10-12,23:05:58,WashingtonDC5D,38.925,-76.97
4579,7D213503,Single_Gunshot,2016-10-12,23:26:52,WashingtonDC7D,38.842,-76.987
4580,7D213504,Multiple_Gunshots,2016-10-12,23:26:55,WashingtonDC7D,38.841,-76.987
4581,7D213505,Multiple_Gunshots,2016-10-12,23:26:57,WashingtonDC7D,38.842,-76.987
4582,7D213506,Multiple_Gunshots,2016-10-12,23:31:25,WashingtonDC7D,38.857,-76.974
4583,7D213507,Multiple_Gunshots,2016-10-12,23:31:33,WashingtonDC7D,38.857,-76.973
4584,6D173062,Multiple_Gunshots,2016-10-12,23:37:30,WashingtonDC6D,38.893,-76.945
4585,7D213509,Multiple_Gunshots,2016-10-13,00:39:00,WashingtonDC7D,38.841,-76.969
4586,7D213515,Multiple_Gunshots,2016-10-13,02:54:35,WashingtonDC7D,38.845,-76.972
4587,1D83910,Single_Gunshot,2016-10-13,03:37:45,WashingtonDC1D,38.877,-77.014
4588,7D213517,Multiple_Gunshots,2016-10-13,03:39:55,WashingtonDC7D,38.852,-76.965
4589,7D213518,Multiple_Gunshots,2016-10-13,03:40:21,WashingtonDC7D,38.853,-76.966
4590,6D173066,Multiple_Gunshots,2016-10-13,04:15:05,WashingtonDC6D,38.902,-76.937
4591,6D173069,Multiple_Gunshots,2016-10-13,06:37:02,WashingtonDC6D,38.889,-76.932
4592,7D213523,Single_Gunshot,2016-10-13,12:47:09,WashingtonDC7D,38.831,-77.001
4593,7D213528,Single_Gunshot,2016-10-13,16:24:38,WashingtonDC7D,38.829,-77.006
4594,6D173077,Multiple_Gunshots,2016-10-13,20:10:03,WashingtonDC6D,38.867,-76.968
4595,7D213539,Multiple_Gunshots,2016-10-13,20:43:37,WashingtonDC7D,38.84,-76.992
4596,6D173085,Multiple_Gunshots,2016-10-13,21:08:41,WashingtonDC6D,38.886,-76.952
4597,6D173087,Multiple_Gunshots,2016-10-13,23:59:46,WashingtonDC6D,38.895,-76.929
4598,6D173089,Single_Gunshot,2016-10-14,03:56:22,WashingtonDC6D,38.878,-76.967
4599,7D213542,Single_Gunshot,2016-10-14,03:56:24,WashingtonDC7D,38.876,-76.968
4600,6D173090,Multiple_Gunshots,2016-10-14,03:57:33,WashingtonDC6D,38.893,-76.955
4601,6D173091,Multiple_Gunshots,2016-10-14,04:39:44,WashingtonDC6D,38.886,-76.924
4602,7D213550,Multiple_Gunshots,2016-10-14,18:02:46,WashingtonDC7D,38.846,-76.971
4603,6D173093,Single_Gunshot,2016-10-14,18:27:52,WashingtonDC6D,38.885,-76.954
4604,6D173097,Multiple_Gunshots,2016-10-14,21:09:39,WashingtonDC6D,38.909,-76.931
4605,6D173098,Multiple_Gunshots,2016-10-14,21:09:49,WashingtonDC6D,38.909,-76.932
4606,7D213558,Multiple_Gunshots,2016-10-14,21:50:20,WashingtonDC7D,38.832,-76.996
4607,6D173101,Single_Gunshot,2016-10-14,21:57:47,WashingtonDC6D,38.887,-76.926
4608,7D213562,Multiple_Gunshots,2016-10-14,22:08:26,WashingtonDC7D,38.868,-76.984
4609,5D68987,Multiple_Gunshots,2016-10-14,22:41:41,WashingtonDC5D,38.921,-77.002
4610,7D213565,Multiple_Gunshots,2016-10-14,23:03:57,WashingtonDC7D,38.833,-76.996
4611,6D173105,Single_Gunshot,2016-10-14,23:05:41,WashingtonDC6D,38.888,-76.926
4612,6D173106,Multiple_Gunshots,2016-10-14,23:06:11,WashingtonDC6D,38.897,-76.935
4613,7D213568,Multiple_Gunshots,2016-10-14,23:10:45,WashingtonDC7D,38.834,-76.992
4614,6D173107,Single_Gunshot,2016-10-15,00:16:24,WashingtonDC6D,38.881,-76.962
4615,6D173109,Multiple_Gunshots,2016-10-15,00:23:36,WashingtonDC6D,38.887,-76.951
4616,6D173110,Multiple_Gunshots,2016-10-15,00:23:51,WashingtonDC6D,38.887,-76.951
4617,7D213578,Multiple_Gunshots,2016-10-15,00:27:46,WashingtonDC7D,38.845,-76.972
4618,7D213579,Multiple_Gunshots,2016-10-15,00:27:56,WashingtonDC7D,38.845,-76.972
4619,7D213580,Single_Gunshot,2016-10-15,00:56:49,WashingtonDC7D,38.821,-76.997
4620,7D213581,Single_Gunshot,2016-10-15,01:23:44,WashingtonDC7D,38.871,-76.974
4621,5D68988,Multiple_Gunshots,2016-10-15,01:25:47,WashingtonDC5D,38.902,-76.974
4622,1D83970,Multiple_Gunshots,2016-10-15,01:25:48,WashingtonDC1D,38.901,-76.975
4623,4D57546,Multiple_Gunshots,2016-10-15,02:02:06,WashingtonDC4D,38.948,-77.009
4624,4D57547,Multiple_Gunshots,2016-10-15,02:13:00,WashingtonDC4D,38.956,-77.022
4625,7D213587,Single_Gunshot,2016-10-15,02:32:15,WashingtonDC7D,38.836,-76.989
4626,4D57548,Multiple_Gunshots,2016-10-15,02:44:17,WashingtonDC4D,38.961,-77.016
4627,7D213589,Multiple_Gunshots,2016-10-15,03:00:21,WashingtonDC7D,38.823,-76.99
4628,7D213592,Multiple_Gunshots,2016-10-15,03:36:18,WashingtonDC7D,38.848,-77.0
4629,7D213593,Multiple_Gunshots,2016-10-15,03:36:27,WashingtonDC7D,38.855,-76.991
4630,6D173114,Multiple_Gunshots,2016-10-15,03:41:40,WashingtonDC6D,38.887,-76.957
4631,7D213595,Single_Gunshot,2016-10-15,04:07:09,WashingtonDC7D,38.83,-76.995
4632,7D213596,Single_Gunshot,2016-10-15,05:29:00,WashingtonDC7D,38.83,-76.995
4633,7D213597,Gunshot_or_Firecracker,2016-10-15,05:40:17,WashingtonDC7D,38.831,-77.005
4634,6D173116,Multiple_Gunshots,2016-10-15,05:46:55,WashingtonDC6D,38.876,-76.967
4635,6D173118,Single_Gunshot,2016-10-15,06:36:28,WashingtonDC6D,38.904,-76.943
4636,6D173119,Multiple_Gunshots,2016-10-15,06:36:48,WashingtonDC6D,38.903,-76.943
4637,6D173128,Single_Gunshot,2016-10-15,17:45:23,WashingtonDC6D,38.87,-76.981
4638,3D61244,Single_Gunshot,2016-10-15,19:38:16,WashingtonDC3D,38.926,-77.026
4639,7D213688,Single_Gunshot,2016-10-15,19:57:38,WashingtonDC7D,38.858,-76.996
4640,7D213701,Single_Gunshot,2016-10-15,20:12:59,WashingtonDC7D,38.861,-76.986
4641,7D213703,Gunshot_or_Firecracker,2016-10-15,20:13:13,WashingtonDC7D,38.86,-76.987
4642,7D213714,Multiple_Gunshots,2016-10-15,20:17:40,WashingtonDC7D,38.86,-76.986
4643,6D173221,Multiple_Gunshots,2016-10-15,21:36:36,WashingtonDC6D,38.895,-76.942
4644,5D69004,Single_Gunshot,2016-10-15,21:56:57,WashingtonDC5D,38.904,-76.979
4645,3D61245,Multiple_Gunshots,2016-10-15,21:59:09,WashingtonDC3D,38.928,-77.025
4646,5D69005,Single_Gunshot,2016-10-15,22:19:28,WashingtonDC5D,38.905,-76.99
4647,5D69006,Single_Gunshot,2016-10-15,22:44:32,WashingtonDC5D,38.904,-76.979
4648,7D213729,Multiple_Gunshots,2016-10-15,22:55:23,WashingtonDC7D,38.856,-76.97
4649,7D213730,Multiple_Gunshots,2016-10-15,22:55:55,WashingtonDC7D,38.857,-76.97
4650,7D213731,Multiple_Gunshots,2016-10-15,23:23:52,WashingtonDC7D,38.862,-76.987
4651,7D213732,Multiple_Gunshots,2016-10-15,23:58:18,WashingtonDC7D,38.845,-77.0
4652,7D213733,Multiple_Gunshots,2016-10-16,00:34:28,WashingtonDC7D,38.845,-76.973
4653,5D69007,Multiple_Gunshots,2016-10-16,01:16:03,WashingtonDC5D,38.905,-76.975
4654,5D69008,Single_Gunshot,2016-10-16,01:16:28,WashingtonDC5D,38.905,-76.975
4655,5D69009,Multiple_Gunshots,2016-10-16,01:47:43,WashingtonDC5D,38.897,-76.983
4656,1D83984,Multiple_Gunshots,2016-10-16,01:47:43,WashingtonDC1D,38.897,-76.983
4657,5D69010,Multiple_Gunshots,2016-10-16,01:47:56,WashingtonDC5D,38.897,-76.983
4658,5D69011,Single_Gunshot,2016-10-16,02:33:15,WashingtonDC5D,38.897,-76.976
4659,7D213735,Multiple_Gunshots,2016-10-16,03:05:32,WashingtonDC7D,38.836,-76.969
4660,7D213737,Multiple_Gunshots,2016-10-16,03:27:12,WashingtonDC7D,38.839,-76.998
4661,7D213738,Single_Gunshot,2016-10-16,03:29:53,WashingtonDC7D,38.838,-76.997
4662,4D57558,Single_Gunshot,2016-10-16,04:11:36,WashingtonDC4D,38.951,-77.023
4663,4D57559,Multiple_Gunshots,2016-10-16,04:11:53,WashingtonDC4D,38.95,-77.023
4664,6D173240,Multiple_Gunshots,2016-10-16,16:46:09,WashingtonDC6D,38.897,-76.943
4665,4D57561,Gunshot_or_Firecracker,2016-10-16,18:39:40,WashingtonDC4D,38.939,-77.027
4666,6D173246,Multiple_Gunshots,2016-10-16,19:08:13,WashingtonDC6D,38.891,-76.941
4667,5D69041,Single_Gunshot,2016-10-16,19:44:22,WashingtonDC5D,38.904,-76.981
4668,5D69045,Single_Gunshot,2016-10-16,20:35:23,WashingtonDC5D,38.925,-77.004
4669,7D213755,Single_Gunshot,2016-10-16,21:53:14,WashingtonDC7D,38.859,-76.986
4670,5D69047,Single_Gunshot,2016-10-16,22:04:07,WashingtonDC5D,38.929,-76.977
4671,5D69048,Single_Gunshot,2016-10-16,22:04:34,WashingtonDC5D,38.929,-76.977
4672,5D69050,Multiple_Gunshots,2016-10-16,22:52:24,WashingtonDC5D,38.907,-76.985
4673,6D173254,Multiple_Gunshots,2016-10-16,23:44:58,WashingtonDC6D,38.879,-76.928
4674,7D213761,Single_Gunshot,2016-10-17,01:59:07,WashingtonDC7D,38.828,-76.992
4675,6D173255,Gunshot_or_Firecracker,2016-10-17,02:23:19,WashingtonDC6D,38.889,-76.961
4676,4D57563,Single_Gunshot,2016-10-17,04:00:23,WashingtonDC4D,38.954,-77.022
4677,4D57564,Single_Gunshot,2016-10-17,04:09:37,WashingtonDC4D,38.937,-77.009
4678,5D69054,Multiple_Gunshots,2016-10-17,16:21:23,WashingtonDC5D,38.907,-76.984
4679,5D69055,Multiple_Gunshots,2016-10-17,16:21:33,WashingtonDC5D,38.907,-76.984
4680,7D213773,Single_Gunshot,2016-10-17,20:54:48,WashingtonDC7D,38.846,-76.983
4681,4D57568,Single_Gunshot,2016-10-17,21:13:52,WashingtonDC4D,38.942,-77.026
4682,7D213774,Multiple_Gunshots,2016-10-17,21:19:37,WashingtonDC7D,38.847,-76.983
4683,6D173268,Multiple_Gunshots,2016-10-17,21:24:25,WashingtonDC6D,38.892,-76.943
4684,6D173269,Single_Gunshot,2016-10-17,21:26:26,WashingtonDC6D,38.884,-76.924
4685,7D213776,Multiple_Gunshots,2016-10-17,22:40:10,WashingtonDC7D,38.828,-76.995
4686,7D213778,Gunshot_or_Firecracker,2016-10-17,23:08:58,WashingtonDC7D,38.827,-76.991
4687,7D213779,Multiple_Gunshots,2016-10-17,23:34:20,WashingtonDC7D,38.832,-76.988
4688,6D173270,Multiple_Gunshots,2016-10-17,23:40:30,WashingtonDC6D,38.903,-76.929
4689,6D173272,Single_Gunshot,2016-10-18,01:48:26,WashingtonDC6D,38.895,-76.942
4690,4D57569,Multiple_Gunshots,2016-10-18,01:53:39,WashingtonDC4D,38.934,-77.021
4691,4D57570,Gunshot_or_Firecracker,2016-10-18,01:53:45,WashingtonDC4D,38.949,-77.022
4692,7D213780,Single_Gunshot,2016-10-18,01:57:56,WashingtonDC7D,38.833,-76.998
4693,6D173285,Multiple_Gunshots,2016-10-18,19:02:27,WashingtonDC6D,38.909,-76.935
4694,6D173286,Multiple_Gunshots,2016-10-18,19:02:41,WashingtonDC6D,38.909,-76.935
4695,7D213789,Single_Gunshot,2016-10-18,20:01:55,WashingtonDC7D,38.855,-76.971
4696,7D213791,Multiple_Gunshots,2016-10-18,21:42:15,WashingtonDC7D,38.852,-76.98
4697,6D173287,Single_Gunshot,2016-10-18,22:03:11,WashingtonDC6D,38.892,-76.913
4698,6D173288,Multiple_Gunshots,2016-10-18,22:13:57,WashingtonDC6D,38.905,-76.938
4699,6D173289,Multiple_Gunshots,2016-10-19,00:19:09,WashingtonDC6D,38.896,-76.953
4700,6D173290,Multiple_Gunshots,2016-10-19,00:50:42,WashingtonDC6D,38.885,-76.921
4701,7D213792,Single_Gunshot,2016-10-19,00:56:31,WashingtonDC7D,38.826,-76.994
4702,7D213793,Multiple_Gunshots,2016-10-19,01:02:56,WashingtonDC7D,38.844,-76.985
4703,7D213794,Multiple_Gunshots,2016-10-19,02:20:21,WashingtonDC7D,38.845,-76.964
4704,4D57575,Multiple_Gunshots,2016-10-19,21:41:45,WashingtonDC4D,38.957,-77.02
4705,7D213813,Single_Gunshot,2016-10-19,23:07:09,WashingtonDC7D,38.856,-76.972
4706,7D213814,Single_Gunshot,2016-10-20,01:06:50,WashingtonDC7D,38.86,-76.997
4707,5D69067,Multiple_Gunshots,2016-10-20,01:38:10,WashingtonDC5D,38.905,-76.978
4708,7D213816,Multiple_Gunshots,2016-10-20,01:56:24,WashingtonDC7D,38.837,-76.969
4709,5D69068,Multiple_Gunshots,2016-10-20,04:04:59,WashingtonDC5D,38.905,-77.012
4710,7D213825,Multiple_Gunshots,2016-10-20,19:11:56,WashingtonDC7D,38.854,-76.986
4711,6D173310,Gunshot_or_Firecracker,2016-10-20,19:38:30,WashingtonDC6D,38.888,-76.951
4712,5D69073,Multiple_Gunshots,2016-10-20,20:26:59,WashingtonDC5D,38.908,-77.023
4713,3D61263,Multiple_Gunshots,2016-10-20,20:26:59,WashingtonDC3D,38.908,-77.021
4714,7D213829,Multiple_Gunshots,2016-10-20,21:49:32,WashingtonDC7D,38.853,-76.981
4715,7D213830,Multiple_Gunshots,2016-10-20,21:49:41,WashingtonDC7D,38.853,-76.981
4716,7D213831,Single_Gunshot,2016-10-20,21:49:46,WashingtonDC7D,38.852,-76.982
4717,7D213832,Multiple_Gunshots,2016-10-20,21:50:01,WashingtonDC7D,38.853,-76.98
4718,7D213833,Multiple_Gunshots,2016-10-20,21:57:03,WashingtonDC7D,38.862,-76.986
4719,6D173324,Multiple_Gunshots,2016-10-20,21:57:07,WashingtonDC6D,38.861,-76.987
4720,6D173325,Multiple_Gunshots,2016-10-20,22:28:29,WashingtonDC6D,38.884,-76.921
4721,7D213839,Multiple_Gunshots,2016-10-20,22:35:32,WashingtonDC7D,38.868,-76.971
4722,6D173326,Multiple_Gunshots,2016-10-20,22:35:32,WashingtonDC6D,38.868,-76.971
4723,6D173327,Multiple_Gunshots,2016-10-20,22:51:42,WashingtonDC6D,38.889,-76.961
4724,7D213840,Multiple_Gunshots,2016-10-20,23:14:13,WashingtonDC7D,38.845,-76.998
4725,7D213841,Single_Gunshot,2016-10-21,00:22:36,WashingtonDC7D,38.841,-76.971
4726,7D213842,Multiple_Gunshots,2016-10-21,01:09:59,WashingtonDC7D,38.841,-76.99
4727,5D69074,Multiple_Gunshots,2016-10-21,01:10:12,WashingtonDC5D,38.924,-76.98
4728,6D173329,Single_Gunshot,2016-10-21,01:31:05,WashingtonDC6D,38.887,-76.951
4729,6D173330,Multiple_Gunshots,2016-10-21,02:46:40,WashingtonDC6D,38.899,-76.944
4730,6D173331,Multiple_Gunshots,2016-10-21,02:56:23,WashingtonDC6D,38.887,-76.957
4731,7D213848,Gunshot_or_Firecracker,2016-10-21,11:09:48,WashingtonDC7D,38.847,-76.971
4732,7D213852,Multiple_Gunshots,2016-10-21,19:26:47,WashingtonDC7D,38.845,-76.982
4733,6D173340,Multiple_Gunshots,2016-10-21,20:31:13,WashingtonDC6D,38.913,-76.932
4734,6D173341,Multiple_Gunshots,2016-10-21,21:17:58,WashingtonDC6D,38.912,-76.935
4735,6D173342,Multiple_Gunshots,2016-10-21,21:36:38,WashingtonDC6D,38.887,-76.951
4736,6D173343,Multiple_Gunshots,2016-10-21,21:38:20,WashingtonDC6D,38.887,-76.95
4737,5D69077,Single_Gunshot,2016-10-21,21:38:57,WashingtonDC5D,38.919,-77.016
4738,3D61266,Single_Gunshot,2016-10-21,21:38:57,WashingtonDC3D,38.919,-77.016
4739,5D69078,Single_Gunshot,2016-10-21,21:48:11,WashingtonDC5D,38.902,-76.979
4740,7D213859,Multiple_Gunshots,2016-10-21,23:41:14,WashingtonDC7D,38.857,-76.985
4741,4D57583,Multiple_Gunshots,2016-10-22,00:34:36,WashingtonDC4D,38.957,-77.009
4742,5D69079,Multiple_Gunshots,2016-10-22,00:52:34,WashingtonDC5D,38.925,-76.979
4743,4D57584,Multiple_Gunshots,2016-10-22,01:01:05,WashingtonDC4D,38.952,-77.022
4744,7D213860,Multiple_Gunshots,2016-10-22,01:19:27,WashingtonDC7D,38.849,-76.983
4745,5D69080,Multiple_Gunshots,2016-10-22,01:46:17,WashingtonDC5D,38.922,-76.967
4746,6D173345,Multiple_Gunshots,2016-10-22,02:27:39,WashingtonDC6D,38.91,-76.937
4747,3D61267,Single_Gunshot,2016-10-22,03:06:19,WashingtonDC3D,38.927,-77.031
4748,6D173348,Multiple_Gunshots,2016-10-22,03:28:10,WashingtonDC6D,38.892,-76.946
4749,6D173349,Multiple_Gunshots,2016-10-22,03:29:14,WashingtonDC6D,38.891,-76.947
4750,6D173350,Multiple_Gunshots,2016-10-22,03:47:25,WashingtonDC6D,38.901,-76.937
4751,7D213862,Multiple_Gunshots,2016-10-22,03:51:51,WashingtonDC7D,38.843,-76.987
4752,7D213863,Multiple_Gunshots,2016-10-22,03:52:03,WashingtonDC7D,38.843,-76.987
4753,7D213864,Multiple_Gunshots,2016-10-22,03:52:05,WashingtonDC7D,38.843,-76.986
4754,7D213865,Single_Gunshot,2016-10-22,04:17:09,WashingtonDC7D,38.828,-76.998
4755,7D213867,Gunshot_or_Firecracker,2016-10-22,04:51:54,WashingtonDC7D,38.824,-77.007
4756,7D213868,Multiple_Gunshots,2016-10-22,05:50:45,WashingtonDC7D,38.865,-76.97
4757,6D173351,Multiple_Gunshots,2016-10-22,07:00:52,WashingtonDC6D,38.887,-76.937
4758,6D173352,Multiple_Gunshots,2016-10-22,07:06:39,WashingtonDC6D,38.89,-76.951
4759,7D213870,Single_Gunshot,2016-10-22,12:00:28,WashingtonDC7D,38.857,-76.974
4760,7D213871,Single_Gunshot,2016-10-22,19:03:28,WashingtonDC7D,38.844,-76.98
4761,6D173357,Multiple_Gunshots,2016-10-22,20:24:59,WashingtonDC6D,38.878,-76.932
4762,5D69087,Multiple_Gunshots,2016-10-22,22:33:34,WashingtonDC5D,38.937,-76.972
4763,6D173359,Single_Gunshot,2016-10-22,22:43:05,WashingtonDC6D,38.895,-76.919
4764,5D69088,Multiple_Gunshots,2016-10-22,22:51:19,WashingtonDC5D,38.918,-77.016
4765,3D61270,Multiple_Gunshots,2016-10-22,22:51:19,WashingtonDC3D,38.918,-77.016
4766,7D213879,Multiple_Gunshots,2016-10-22,23:13:29,WashingtonDC7D,38.849,-76.973
4767,6D173360,Multiple_Gunshots,2016-10-22,23:45:38,WashingtonDC6D,38.895,-76.929
4768,4D57590,Multiple_Gunshots,2016-10-23,00:10:18,WashingtonDC4D,38.947,-77.024
4769,7D213881,Single_Gunshot,2016-10-23,01:02:40,WashingtonDC7D,38.864,-76.983
4770,7D213883,Single_Gunshot,2016-10-23,02:24:31,WashingtonDC7D,38.856,-76.981
4771,4D57592,Single_Gunshot,2016-10-23,02:34:27,WashingtonDC4D,38.955,-77.028
4772,4D57594,Multiple_Gunshots,2016-10-23,02:36:06,WashingtonDC4D,38.946,-77.023
4773,4D57595,Multiple_Gunshots,2016-10-23,02:36:27,WashingtonDC4D,38.956,-77.024
4774,3D61271,Single_Gunshot,2016-10-23,04:02:18,WashingtonDC3D,38.922,-77.034
4775,6D173364,Multiple_Gunshots,2016-10-23,04:19:41,WashingtonDC6D,38.911,-76.936
4776,7D213886,Multiple_Gunshots,2016-10-23,06:22:35,WashingtonDC7D,38.836,-76.987
4777,7D213887,Multiple_Gunshots,2016-10-23,06:28:43,WashingtonDC7D,38.866,-76.989
4778,6D173365,Multiple_Gunshots,2016-10-23,06:28:44,WashingtonDC6D,38.866,-76.991
4779,7D213894,Gunshot_or_Firecracker,2016-10-23,14:49:38,WashingtonDC7D,38.821,-77.008
4780,6D173368,Gunshot_or_Firecracker,2016-10-23,16:28:34,WashingtonDC6D,38.879,-76.931
4781,6D173369,Multiple_Gunshots,2016-10-23,17:01:56,WashingtonDC6D,38.889,-76.956
4782,6D173370,Single_Gunshot,2016-10-23,18:13:59,WashingtonDC6D,38.898,-76.938
4783,7D213899,Multiple_Gunshots,2016-10-23,19:03:13,WashingtonDC7D,38.845,-76.978
4784,7D213900,Multiple_Gunshots,2016-10-23,19:04:54,WashingtonDC7D,38.845,-76.978
4785,7D213901,Multiple_Gunshots,2016-10-23,19:05:22,WashingtonDC7D,38.845,-76.978
4786,7D213902,Single_Gunshot,2016-10-23,19:42:58,WashingtonDC7D,38.841,-76.988
4787,6D173372,Gunshot_or_Firecracker,2016-10-23,20:02:18,WashingtonDC6D,38.893,-76.932
4788,5D69092,Multiple_Gunshots,2016-10-23,20:15:41,WashingtonDC5D,38.905,-77.011
4789,7D213903,Multiple_Gunshots,2016-10-23,20:20:14,WashingtonDC7D,38.824,-77.011
4790,6D173373,Multiple_Gunshots,2016-10-23,22:03:49,WashingtonDC6D,38.881,-76.933
4791,5D69093,Multiple_Gunshots,2016-10-23,22:32:48,WashingtonDC5D,38.926,-76.967
4792,7D213907,Single_Gunshot,2016-10-23,22:33:17,WashingtonDC7D,38.833,-76.997
4793,6D173377,Single_Gunshot,2016-10-23,22:53:12,WashingtonDC6D,38.918,-76.946
4794,7D213909,Single_Gunshot,2016-10-23,23:10:00,WashingtonDC7D,38.83,-77.003
4795,7D213910,Gunshot_or_Firecracker,2016-10-23,23:10:54,WashingtonDC7D,38.83,-77.003
4796,7D213912,Single_Gunshot,2016-10-23,23:36:15,WashingtonDC7D,38.856,-76.973
4797,7D213913,Multiple_Gunshots,2016-10-24,00:31:31,WashingtonDC7D,38.85,-76.973
4798,7D213914,Single_Gunshot,2016-10-24,00:45:29,WashingtonDC7D,38.837,-76.99
4799,7D213915,Multiple_Gunshots,2016-10-24,00:58:31,WashingtonDC7D,38.859,-76.994
4800,6D173380,Multiple_Gunshots,2016-10-24,00:58:34,WashingtonDC6D,38.863,-76.985
4801,5D69094,Single_Gunshot,2016-10-24,00:59:18,WashingtonDC5D,38.896,-76.983
4802,1D84095,Single_Gunshot,2016-10-24,00:59:18,WashingtonDC1D,38.896,-76.983
4803,7D213916,Single_Gunshot,2016-10-24,01:19:46,WashingtonDC7D,38.833,-77.003
4804,7D213917,Single_Gunshot,2016-10-24,01:24:38,WashingtonDC7D,38.833,-77.003
4805,7D213918,Single_Gunshot,2016-10-24,01:27:34,WashingtonDC7D,38.833,-77.003
4806,7D213921,Multiple_Gunshots,2016-10-24,01:56:06,WashingtonDC7D,38.83,-77.002
4807,6D173381,Single_Gunshot,2016-10-24,02:53:25,WashingtonDC6D,38.89,-76.918
4808,1D84096,Multiple_Gunshots,2016-10-24,03:20:15,WashingtonDC1D,38.874,-77.012
4809,7D213937,Multiple_Gunshots,2016-10-24,18:12:58,WashingtonDC7D,38.848,-76.976
4810,4D57606,Single_Gunshot,2016-10-24,19:36:39,WashingtonDC4D,38.94,-77.027
4811,6D173389,Gunshot_or_Firecracker,2016-10-24,21:56:38,WashingtonDC6D,38.886,-76.959
4812,5D69099,Multiple_Gunshots,2016-10-24,22:31:08,WashingtonDC5D,38.905,-76.976
4813,1D84106,Multiple_Gunshots,2016-10-24,22:31:13,WashingtonDC1D,38.905,-76.976
4814,5D69100,Multiple_Gunshots,2016-10-24,22:33:51,WashingtonDC5D,38.905,-76.98
4815,1D84107,Multiple_Gunshots,2016-10-24,22:33:53,WashingtonDC1D,38.9,-76.982
4816,6D173390,Single_Gunshot,2016-10-24,22:44:48,WashingtonDC6D,38.893,-76.919
4817,7D213938,Single_Gunshot,2016-10-24,22:53:38,WashingtonDC7D,38.847,-76.984
4818,6D173391,Single_Gunshot,2016-10-24,23:04:53,WashingtonDC6D,38.889,-76.924
4819,7D213939,Multiple_Gunshots,2016-10-24,23:49:16,WashingtonDC7D,38.847,-76.984
4820,7D213953,Multiple_Gunshots,2016-10-25,16:09:13,WashingtonDC7D,38.83,-77.003
4821,7D213955,Single_Gunshot,2016-10-25,18:32:30,WashingtonDC7D,38.859,-76.994
4822,5D69110,Multiple_Gunshots,2016-10-25,20:42:59,WashingtonDC5D,38.905,-76.99
4823,4D57609,Multiple_Gunshots,2016-10-25,21:01:55,WashingtonDC4D,38.94,-77.033
4824,3D61280,Multiple_Gunshots,2016-10-25,21:01:56,WashingtonDC3D,38.94,-77.033
4825,4D57610,Single_Gunshot,2016-10-25,21:28:43,WashingtonDC4D,38.935,-77.032
4826,3D61281,Single_Gunshot,2016-10-25,21:28:43,WashingtonDC3D,38.935,-77.032
4827,6D173407,Multiple_Gunshots,2016-10-25,21:30:59,WashingtonDC6D,38.879,-76.931
4828,6D173408,Multiple_Gunshots,2016-10-25,22:13:08,WashingtonDC6D,38.882,-76.959
4829,6D173410,Single_Gunshot,2016-10-26,00:01:06,WashingtonDC6D,38.886,-76.93
4830,7D213962,Multiple_Gunshots,2016-10-26,00:45:26,WashingtonDC7D,38.852,-76.978
4831,7D213963,Single_Gunshot,2016-10-26,00:48:55,WashingtonDC7D,38.833,-76.988
4832,7D213964,Multiple_Gunshots,2016-10-26,01:56:34,WashingtonDC7D,38.848,-77.002
4833,7D213965,Multiple_Gunshots,2016-10-26,02:00:05,WashingtonDC7D,38.834,-76.986
4834,6D173412,Multiple_Gunshots,2016-10-26,02:03:33,WashingtonDC6D,38.883,-76.929
4835,7D213967,Multiple_Gunshots,2016-10-26,03:01:52,WashingtonDC7D,38.845,-76.972
4836,5D69118,Single_Gunshot,2016-10-26,03:54:58,WashingtonDC5D,38.92,-76.981
4837,6D173414,Single_Gunshot,2016-10-26,05:32:53,WashingtonDC6D,38.91,-76.938
4838,6D173416,Multiple_Gunshots,2016-10-26,10:50:03,WashingtonDC6D,38.897,-76.919
4839,6D173418,Multiple_Gunshots,2016-10-26,12:08:50,WashingtonDC6D,38.9,-76.94
4840,7D213974,Multiple_Gunshots,2016-10-26,12:12:39,WashingtonDC7D,38.834,-76.991
4841,6D173427,Gunshot_or_Firecracker,2016-10-26,19:51:59,WashingtonDC6D,38.89,-76.919
4842,5D69125,Multiple_Gunshots,2016-10-26,19:59:00,WashingtonDC5D,38.902,-76.975
4843,1D84114,Multiple_Gunshots,2016-10-26,19:59:02,WashingtonDC1D,38.902,-76.975
4844,7D213980,Multiple_Gunshots,2016-10-26,20:49:25,WashingtonDC7D,38.837,-76.988
4845,7D213981,Single_Gunshot,2016-10-26,21:03:36,WashingtonDC7D,38.86,-76.997
4846,7D213982,Multiple_Gunshots,2016-10-26,22:02:41,WashingtonDC7D,38.859,-76.993
4847,5D69129,Multiple_Gunshots,2016-10-26,23:08:54,WashingtonDC5D,38.902,-76.975
4848,1D84116,Multiple_Gunshots,2016-10-26,23:08:55,WashingtonDC1D,38.901,-76.977
4849,5D69130,Multiple_Gunshots,2016-10-26,23:09:10,WashingtonDC5D,38.902,-76.976
4850,5D69131,Multiple_Gunshots,2016-10-26,23:09:28,WashingtonDC5D,38.902,-76.974
4851,1D84117,Multiple_Gunshots,2016-10-26,23:09:31,WashingtonDC1D,38.901,-76.976
4852,6D173434,Multiple_Gunshots,2016-10-27,00:04:57,WashingtonDC6D,38.867,-76.97
4853,7D213985,Multiple_Gunshots,2016-10-27,04:03:36,WashingtonDC7D,38.852,-76.965
4854,7D213989,Single_Gunshot,2016-10-27,06:41:30,WashingtonDC7D,38.831,-76.999
4855,7D213995,Multiple_Gunshots,2016-10-27,10:17:21,WashingtonDC7D,38.834,-76.99
4856,6D173444,Single_Gunshot,2016-10-27,16:48:09,WashingtonDC6D,38.891,-76.946
4857,6D173445,Multiple_Gunshots,2016-10-27,17:10:33,WashingtonDC6D,38.894,-76.93
4858,7D214002,Single_Gunshot,2016-10-27,20:13:54,WashingtonDC7D,38.859,-76.996
4859,6D173455,Multiple_Gunshots,2016-10-27,20:16:54,WashingtonDC6D,38.893,-76.949
4860,5D69139,Multiple_Gunshots,2016-10-27,20:47:29,WashingtonDC5D,38.904,-77.01
4861,7D214003,Single_Gunshot,2016-10-27,21:17:05,WashingtonDC7D,38.834,-76.994
4862,7D214004,Multiple_Gunshots,2016-10-27,22:00:54,WashingtonDC7D,38.855,-76.989
4863,7D214005,Multiple_Gunshots,2016-10-27,22:02:55,WashingtonDC7D,38.837,-76.99
4864,7D214006,Multiple_Gunshots,2016-10-27,22:03:01,WashingtonDC7D,38.838,-76.99
4865,6D173456,Multiple_Gunshots,2016-10-27,22:03:06,WashingtonDC6D,38.867,-76.964
4866,6D173457,Single_Gunshot,2016-10-27,22:35:42,WashingtonDC6D,38.895,-76.935
4867,6D173465,Multiple_Gunshots,2016-10-27,22:42:04,WashingtonDC6D,38.897,-76.918
4868,6D173466,Single_Gunshot,2016-10-27,22:57:27,WashingtonDC6D,38.894,-76.919
4869,6D173467,Multiple_Gunshots,2016-10-28,00:03:03,WashingtonDC6D,38.897,-76.912
4870,7D214009,Single_Gunshot,2016-10-28,00:03:25,WashingtonDC7D,38.846,-76.999
4871,6D173468,Multiple_Gunshots,2016-10-28,01:13:31,WashingtonDC6D,38.919,-76.927
4872,7D214013,Single_Gunshot,2016-10-28,07:09:01,WashingtonDC7D,38.835,-76.997
4873,6D173471,Multiple_Gunshots,2016-10-28,13:04:21,WashingtonDC6D,38.893,-76.948
4874,6D173472,Multiple_Gunshots,2016-10-28,13:04:46,WashingtonDC6D,38.893,-76.948
4875,6D173473,Multiple_Gunshots,2016-10-28,15:41:34,WashingtonDC6D,38.903,-76.947
4876,6D173474,Multiple_Gunshots,2016-10-28,18:52:37,WashingtonDC6D,38.899,-76.944
4877,4D57641,Multiple_Gunshots,2016-10-28,22:40:53,WashingtonDC4D,38.958,-77.024
4878,6D173495,Multiple_Gunshots,2016-10-28,23:47:58,WashingtonDC6D,38.912,-76.936
4879,6D173496,Single_Gunshot,2016-10-28,23:59:47,WashingtonDC6D,38.909,-76.941
4880,3D61294,Multiple_Gunshots,2016-10-29,00:17:17,WashingtonDC3D,38.912,-77.022
4881,7D214031,Single_Gunshot,2016-10-29,00:47:41,WashingtonDC7D,38.869,-76.971
4882,6D173497,Single_Gunshot,2016-10-29,00:47:41,WashingtonDC6D,38.869,-76.971
4883,4D57642,Multiple_Gunshots,2016-10-29,00:51:43,WashingtonDC4D,38.929,-77.021
4884,6D173499,Single_Gunshot,2016-10-29,00:53:52,WashingtonDC6D,38.897,-76.934
4885,4D57643,Multiple_Gunshots,2016-10-29,00:58:48,WashingtonDC4D,38.935,-77.024
4886,3D61295,Multiple_Gunshots,2016-10-29,00:58:48,WashingtonDC3D,38.935,-77.024
4887,7D214032,Single_Gunshot,2016-10-29,01:28:06,WashingtonDC7D,38.852,-76.966
4888,3D61296,Multiple_Gunshots,2016-10-29,02:52:01,WashingtonDC3D,38.918,-77.014
4889,5D69149,Multiple_Gunshots,2016-10-29,02:52:03,WashingtonDC5D,38.919,-77.015
4890,1D84130,Single_Gunshot,2016-10-29,07:17:58,WashingtonDC1D,38.874,-77.012
4891,4D57644,Gunshot_or_Firecracker,2016-10-29,08:31:57,WashingtonDC4D,38.946,-77.033
4892,4D57645,Gunshot_or_Firecracker,2016-10-29,08:33:08,WashingtonDC4D,38.942,-77.033
4893,6D173504,Multiple_Gunshots,2016-10-29,09:54:11,WashingtonDC6D,38.887,-76.929
4894,5D69153,Gunshot_or_Firecracker,2016-10-29,13:17:32,WashingtonDC5D,38.906,-77.006
4895,1D84141,Multiple_Gunshots,2016-10-29,20:57:03,WashingtonDC1D,38.866,-77.011
4896,7D214055,Multiple_Gunshots,2016-10-29,21:15:40,WashingtonDC7D,38.846,-76.973
4897,6D173542,Multiple_Gunshots,2016-10-29,21:36:34,WashingtonDC6D,38.876,-76.916
4898,7D214058,Single_Gunshot,2016-10-29,21:53:14,WashingtonDC7D,38.861,-76.988
4899,7D214060,Multiple_Gunshots,2016-10-29,22:44:11,WashingtonDC7D,38.825,-76.999
4900,7D214062,Multiple_Gunshots,2016-10-29,22:49:54,WashingtonDC7D,38.851,-76.966
4901,5D69156,Multiple_Gunshots,2016-10-29,23:18:07,WashingtonDC5D,38.921,-76.967
4902,7D214063,Single_Gunshot,2016-10-30,00:04:16,WashingtonDC7D,38.837,-76.988
4903,7D214064,Multiple_Gunshots,2016-10-30,00:50:18,WashingtonDC7D,38.849,-76.98
4904,7D214065,Multiple_Gunshots,2016-10-30,00:50:27,WashingtonDC7D,38.849,-76.98
4905,7D214067,Multiple_Gunshots,2016-10-30,01:10:28,WashingtonDC7D,38.839,-76.967
4906,7D214068,Single_Gunshot,2016-10-30,02:31:31,WashingtonDC7D,38.828,-76.979
4907,7D214069,Multiple_Gunshots,2016-10-30,02:41:18,WashingtonDC7D,38.828,-77.002
4908,7D214071,Single_Gunshot,2016-10-30,03:07:42,WashingtonDC7D,38.833,-77.003
4909,6D173548,Multiple_Gunshots,2016-10-30,03:39:22,WashingtonDC6D,38.894,-76.91
4910,6D173550,Multiple_Gunshots,2016-10-30,04:06:51,WashingtonDC6D,38.888,-76.928
4911,7D214077,Multiple_Gunshots,2016-10-30,04:23:26,WashingtonDC7D,38.852,-76.966
4912,6D173551,Single_Gunshot,2016-10-30,04:40:27,WashingtonDC6D,38.883,-76.936
4913,7D214078,Single_Gunshot,2016-10-30,04:52:24,WashingtonDC7D,38.852,-76.966
4914,4D57651,Multiple_Gunshots,2016-10-30,04:55:13,WashingtonDC4D,38.94,-77.02
4915,6D173552,Multiple_Gunshots,2016-10-30,07:02:23,WashingtonDC6D,38.874,-76.938
4916,7D214085,Single_Gunshot,2016-10-30,17:27:26,WashingtonDC7D,38.845,-76.972
4917,6D173557,Multiple_Gunshots,2016-10-30,18:16:57,WashingtonDC6D,38.893,-76.94
4918,7D214089,Single_Gunshot,2016-10-30,19:33:46,WashingtonDC7D,38.847,-77.0
4919,7D214090,Multiple_Gunshots,2016-10-30,20:28:11,WashingtonDC7D,38.845,-76.979
4920,7D214094,Single_Gunshot,2016-10-30,22:19:14,WashingtonDC7D,38.845,-76.999
4921,5D69162,Multiple_Gunshots,2016-10-30,23:49:06,WashingtonDC5D,38.926,-76.974
4922,6D173561,Multiple_Gunshots,2016-10-31,00:03:05,WashingtonDC6D,38.912,-76.936
4923,7D214095,Gunshot_or_Firecracker,2016-10-31,01:45:24,WashingtonDC7D,38.831,-76.996
4924,3D61299,Single_Gunshot,2016-10-31,03:10:51,WashingtonDC3D,38.922,-77.027
4925,3D61300,Multiple_Gunshots,2016-10-31,03:12:13,WashingtonDC3D,38.922,-77.027
4926,6D173566,Multiple_Gunshots,2016-10-31,07:35:31,WashingtonDC6D,38.907,-76.93
4927,6D173567,Single_Gunshot,2016-10-31,07:35:36,WashingtonDC6D,38.908,-76.931
4928,7D214103,Multiple_Gunshots,2016-10-31,11:04:51,WashingtonDC7D,38.842,-76.987
4929,7D214104,Multiple_Gunshots,2016-10-31,11:05:00,WashingtonDC7D,38.842,-76.987
4930,7D214111,Multiple_Gunshots,2016-10-31,17:28:48,WashingtonDC7D,38.843,-76.987
4931,7D214112,Multiple_Gunshots,2016-10-31,17:29:02,WashingtonDC7D,38.842,-76.987
4932,5D69171,Single_Gunshot,2016-10-31,17:59:38,WashingtonDC5D,38.907,-76.985
4933,6D173580,Gunshot_or_Firecracker,2016-10-31,18:53:42,WashingtonDC6D,38.884,-76.93
4934,6D173587,Multiple_Gunshots,2016-10-31,20:11:11,WashingtonDC6D,38.87,-76.944
4935,7D214123,Single_Gunshot,2016-10-31,21:29:33,WashingtonDC7D,38.827,-76.998
4936,6D173591,Multiple_Gunshots,2016-10-31,21:43:47,WashingtonDC6D,38.894,-76.925
4937,6D173592,Multiple_Gunshots,2016-10-31,21:43:54,WashingtonDC6D,38.895,-76.926
4938,6D173593,Multiple_Gunshots,2016-10-31,21:43:57,WashingtonDC6D,38.893,-76.925
4939,7D214124,Multiple_Gunshots,2016-10-31,21:49:19,WashingtonDC7D,38.832,-77.01
4940,7D214125,Single_Gunshot,2016-10-31,22:03:34,WashingtonDC7D,38.825,-76.985
4941,7D214126,Multiple_Gunshots,2016-10-31,22:15:45,WashingtonDC7D,38.86,-76.987
4942,7D214127,Multiple_Gunshots,2016-10-31,22:15:59,WashingtonDC7D,38.86,-76.986
4943,6D173598,Multiple_Gunshots,2016-10-31,22:32:41,WashingtonDC6D,38.876,-76.932
4944,7D214133,Single_Gunshot,2016-10-31,22:36:27,WashingtonDC7D,38.84,-76.996
4945,7D214134,Multiple_Gunshots,2016-10-31,23:02:58,WashingtonDC7D,38.857,-76.985
4946,7D214135,Single_Gunshot,2016-10-31,23:38:09,WashingtonDC7D,38.857,-76.972
4947,7D214136,Multiple_Gunshots,2016-10-31,23:46:31,WashingtonDC7D,38.828,-77.004
4948,7D214141,Single_Gunshot,2016-11-01,00:54:50,WashingtonDC7D,38.852,-76.964
4949,6D173603,Single_Gunshot,2016-11-01,01:18:45,WashingtonDC6D,38.871,-76.939
4950,6D173604,Multiple_Gunshots,2016-11-01,01:40:57,WashingtonDC6D,38.863,-76.942
4951,6D173605,Single_Gunshot,2016-11-01,01:41:04,WashingtonDC6D,38.882,-76.93
4952,6D173606,Single_Gunshot,2016-11-01,01:41:10,WashingtonDC6D,38.863,-76.942
4953,6D173607,Multiple_Gunshots,2016-11-01,01:41:15,WashingtonDC6D,38.863,-76.942
4954,6D173608,Multiple_Gunshots,2016-11-01,01:41:28,WashingtonDC6D,38.861,-76.943
4955,7D214145,Multiple_Gunshots,2016-11-01,02:33:58,WashingtonDC7D,38.867,-76.985
4956,3D61305,Multiple_Gunshots,2016-11-01,02:40:53,WashingtonDC3D,38.926,-77.028
4957,3D61306,Multiple_Gunshots,2016-11-01,02:41:10,WashingtonDC3D,38.926,-77.023
4958,3D61307,Multiple_Gunshots,2016-11-01,02:41:14,WashingtonDC3D,38.926,-77.024
4959,3D61308,Single_Gunshot,2016-11-01,06:59:11,WashingtonDC3D,38.905,-77.019
4960,7D214151,Multiple_Gunshots,2016-11-01,10:53:49,WashingtonDC7D,38.834,-76.994
4961,7D214152,Multiple_Gunshots,2016-11-01,10:53:55,WashingtonDC7D,38.835,-76.993
4962,7D214162,Multiple_Gunshots,2016-11-01,18:14:49,WashingtonDC7D,38.842,-76.989
4963,6D173636,Multiple_Gunshots,2016-11-01,21:28:16,WashingtonDC6D,38.886,-76.957
4964,4D57677,Multiple_Gunshots,2016-11-01,21:52:09,WashingtonDC4D,38.949,-77.017
4965,6D173637,Multiple_Gunshots,2016-11-01,22:29:10,WashingtonDC6D,38.888,-76.94
4966,7D214169,Multiple_Gunshots,2016-11-02,13:06:47,WashingtonDC7D,38.834,-76.99
4967,6D173642,Multiple_Gunshots,2016-11-02,18:07:07,WashingtonDC6D,38.886,-76.953
4968,5D69199,Single_Gunshot,2016-11-02,21:12:11,WashingtonDC5D,38.896,-76.98
4969,7D214208,Single_Gunshot,2016-11-02,23:48:34,WashingtonDC7D,38.829,-76.993
4970,5D69201,Multiple_Gunshots,2016-11-02,23:55:16,WashingtonDC5D,38.904,-76.974
4971,7D214209,Single_Gunshot,2016-11-03,00:07:50,WashingtonDC7D,38.837,-76.987
4972,7D214210,Multiple_Gunshots,2016-11-03,00:22:44,WashingtonDC7D,38.859,-76.986
4973,6D173647,Multiple_Gunshots,2016-11-03,00:22:46,WashingtonDC6D,38.858,-76.985
4974,7D214211,Multiple_Gunshots,2016-11-03,01:15:43,WashingtonDC7D,38.838,-77.011
4975,7D214212,Multiple_Gunshots,2016-11-03,01:28:14,WashingtonDC7D,38.844,-76.969
4976,7D214213,Multiple_Gunshots,2016-11-03,02:26:04,WashingtonDC7D,38.848,-77.002
4977,7D214215,Single_Gunshot,2016-11-03,03:14:34,WashingtonDC7D,38.856,-76.973
4978,4D57688,Multiple_Gunshots,2016-11-03,04:28:39,WashingtonDC4D,38.932,-77.019
4979,5D69207,Multiple_Gunshots,2016-11-03,18:07:52,WashingtonDC5D,38.927,-76.982
4980,7D214227,Multiple_Gunshots,2016-11-03,18:48:01,WashingtonDC7D,38.853,-76.966
4981,7D214229,Single_Gunshot,2016-11-03,21:29:30,WashingtonDC7D,38.828,-77.002
4982,3D61328,Multiple_Gunshots,2016-11-03,22:11:39,WashingtonDC3D,38.92,-77.035
4983,6D173655,Multiple_Gunshots,2016-11-03,23:08:06,WashingtonDC6D,38.905,-76.932
4984,7D214233,Multiple_Gunshots,2016-11-03,23:25:02,WashingtonDC7D,38.843,-76.989
4985,7D214234,Multiple_Gunshots,2016-11-04,00:11:37,WashingtonDC7D,38.868,-76.984
4986,7D214235,Multiple_Gunshots,2016-11-04,00:13:50,WashingtonDC7D,38.868,-76.984
4987,6D173656,Multiple_Gunshots,2016-11-04,00:48:19,WashingtonDC6D,38.891,-76.941
4988,6D173658,Multiple_Gunshots,2016-11-04,01:30:44,WashingtonDC6D,38.919,-76.927
4989,5D69217,Single_Gunshot,2016-11-04,02:28:05,WashingtonDC5D,38.911,-76.998
4990,7D214236,Multiple_Gunshots,2016-11-04,02:59:32,WashingtonDC7D,38.869,-76.973
4991,7D214237,Single_Gunshot,2016-11-04,02:59:37,WashingtonDC7D,38.869,-76.973
4992,6D173660,Single_Gunshot,2016-11-04,02:59:39,WashingtonDC6D,38.87,-76.973
4993,6D173661,Multiple_Gunshots,2016-11-04,02:59:41,WashingtonDC6D,38.869,-76.973
4994,6D173666,Multiple_Gunshots,2016-11-04,17:02:10,WashingtonDC6D,38.887,-76.924
4995,6D173667,Single_Gunshot,2016-11-04,17:27:24,WashingtonDC6D,38.904,-76.949
4996,7D214257,Single_Gunshot,2016-11-04,17:39:13,WashingtonDC7D,38.864,-76.972
4997,5D69220,Single_Gunshot,2016-11-04,17:47:28,WashingtonDC5D,38.898,-76.976
4998,7D214258,Multiple_Gunshots,2016-11-04,19:34:51,WashingtonDC7D,38.871,-76.98
4999,6D173669,Multiple_Gunshots,2016-11-04,20:23:22,WashingtonDC6D,38.884,-76.93
5000,6D173671,Multiple_Gunshots,2016-11-04,21:52:53,WashingtonDC6D,38.884,-76.931
5001,1D84189,Single_Gunshot,2016-11-04,22:14:50,WashingtonDC1D,38.899,-76.979
5002,5D69224,Single_Gunshot,2016-11-04,22:35:53,WashingtonDC5D,38.927,-76.988
5003,6D173673,Multiple_Gunshots,2016-11-04,23:24:16,WashingtonDC6D,38.888,-76.955
5004,6D173674,Multiple_Gunshots,2016-11-04,23:29:47,WashingtonDC6D,38.903,-76.936
5005,7D214265,Multiple_Gunshots,2016-11-04,23:40:51,WashingtonDC7D,38.844,-76.973
5006,7D214266,Multiple_Gunshots,2016-11-04,23:40:58,WashingtonDC7D,38.831,-76.991
5007,6D173675,Single_Gunshot,2016-11-04,23:44:15,WashingtonDC6D,38.902,-76.924
5008,4D57701,Single_Gunshot,2016-11-05,00:07:53,WashingtonDC4D,38.963,-77.031
5009,4D57703,Single_Gunshot,2016-11-05,01:49:46,WashingtonDC4D,38.956,-77.022
5010,7D214270,Multiple_Gunshots,2016-11-05,02:44:47,WashingtonDC7D,38.847,-76.996
5011,7D214271,Multiple_Gunshots,2016-11-05,02:44:51,WashingtonDC7D,38.833,-77.002
5012,7D214272,Multiple_Gunshots,2016-11-05,02:44:52,WashingtonDC7D,38.847,-76.995
5013,7D214273,Multiple_Gunshots,2016-11-05,02:45:22,WashingtonDC7D,38.854,-76.995
5014,6D173678,Single_Gunshot,2016-11-05,03:02:42,WashingtonDC6D,38.884,-76.927
5015,5D69226,Multiple_Gunshots,2016-11-05,03:21:00,WashingtonDC5D,38.902,-76.976
5016,1D84191,Multiple_Gunshots,2016-11-05,03:21:01,WashingtonDC1D,38.903,-76.975
5017,7D214275,Multiple_Gunshots,2016-11-05,04:24:42,WashingtonDC7D,38.828,-76.993
5018,7D214276,Single_Gunshot,2016-11-05,05:12:21,WashingtonDC7D,38.824,-77.007
5019,7D214279,Single_Gunshot,2016-11-05,06:52:00,WashingtonDC7D,38.857,-76.974
5020,5D69227,Multiple_Gunshots,2016-11-05,07:00:20,WashingtonDC5D,38.937,-76.969
5021,1D84193,Gunshot_or_Firecracker,2016-11-05,09:42:15,WashingtonDC1D,38.897,-76.982
5022,5D69231,Multiple_Gunshots,2016-11-05,09:42:17,WashingtonDC5D,38.897,-76.984
5023,7D214291,Multiple_Gunshots,2016-11-05,19:41:14,WashingtonDC7D,38.847,-76.96
5024,6D173697,Multiple_Gunshots,2016-11-05,20:16:07,WashingtonDC6D,38.884,-76.925
5025,7D214294,Multiple_Gunshots,2016-11-05,20:57:04,WashingtonDC7D,38.841,-76.978
5026,7D214295,Multiple_Gunshots,2016-11-05,21:10:15,WashingtonDC7D,38.839,-76.996
5027,5D69240,Single_Gunshot,2016-11-05,21:16:34,WashingtonDC5D,38.925,-76.969
5028,6D173698,Single_Gunshot,2016-11-05,21:40:21,WashingtonDC6D,38.879,-76.931
5029,6D173701,Single_Gunshot,2016-11-05,22:30:17,WashingtonDC6D,38.892,-76.913
5030,7D214307,Multiple_Gunshots,2016-11-05,23:10:54,WashingtonDC7D,38.829,-77.007
5031,7D214311,Multiple_Gunshots,2016-11-05,23:24:10,WashingtonDC7D,38.854,-76.98
5032,7D214312,Multiple_Gunshots,2016-11-06,00:20:31,WashingtonDC7D,38.849,-76.973
5033,7D214313,Multiple_Gunshots,2016-11-06,00:20:35,WashingtonDC7D,38.849,-76.973
5034,5D69246,Multiple_Gunshots,2016-11-06,01:18:05,WashingtonDC5D,38.928,-76.979
5035,5D69247,Single_Gunshot,2016-11-06,02:31:33,WashingtonDC5D,38.926,-77.023
5036,3D61346,Single_Gunshot,2016-11-06,03:09:23,WashingtonDC3D,38.927,-77.038
5037,5D69249,Multiple_Gunshots,2016-11-06,03:09:58,WashingtonDC5D,38.903,-76.975
5038,1D84201,Multiple_Gunshots,2016-11-06,03:10:00,WashingtonDC1D,38.895,-76.976
5039,7D214318,Single_Gunshot,2016-11-06,03:26:44,WashingtonDC7D,38.857,-76.975
5040,7D214320,Multiple_Gunshots,2016-11-06,03:59:13,WashingtonDC7D,38.856,-76.981
5041,7D214323,Gunshot_or_Firecracker,2016-11-06,10:30:25,WashingtonDC7D,38.871,-76.979
5042,7D214324,Single_Gunshot,2016-11-06,11:36:26,WashingtonDC7D,38.855,-76.969
5043,7D214325,Multiple_Gunshots,2016-11-06,12:23:54,WashingtonDC7D,38.827,-76.998
5044,6D173708,Multiple_Gunshots,2016-11-06,16:10:25,WashingtonDC6D,38.913,-76.933
5045,1D84203,Single_Gunshot,2016-11-06,18:11:33,WashingtonDC1D,38.903,-76.995
5046,6D173717,Multiple_Gunshots,2016-11-06,18:40:52,WashingtonDC6D,38.894,-76.913
5047,6D173718,Single_Gunshot,2016-11-06,19:07:09,WashingtonDC6D,38.889,-76.917
5048,7D214347,Single_Gunshot,2016-11-06,20:14:42,WashingtonDC7D,38.847,-76.984
5049,6D173725,Single_Gunshot,2016-11-06,21:17:56,WashingtonDC6D,38.899,-76.936
5050,6D173726,Multiple_Gunshots,2016-11-06,21:28:00,WashingtonDC6D,38.871,-76.931
5051,6D173727,Multiple_Gunshots,2016-11-06,21:55:31,WashingtonDC6D,38.913,-76.933
5052,5D69253,Single_Gunshot,2016-11-06,22:17:16,WashingtonDC5D,38.922,-76.964
5053,3D61349,Single_Gunshot,2016-11-06,22:24:51,WashingtonDC3D,38.925,-77.033
5054,7D214350,Multiple_Gunshots,2016-11-06,23:22:14,WashingtonDC7D,38.859,-76.993
5055,7D214351,Multiple_Gunshots,2016-11-06,23:22:25,WashingtonDC7D,38.851,-76.994
5056,6D173729,Multiple_Gunshots,2016-11-07,00:24:46,WashingtonDC6D,38.888,-76.936
5057,7D214352,Multiple_Gunshots,2016-11-07,01:39:17,WashingtonDC7D,38.85,-76.962
5058,7D214353,Single_Gunshot,2016-11-07,01:40:57,WashingtonDC7D,38.856,-76.982
5059,7D214355,Multiple_Gunshots,2016-11-07,02:30:05,WashingtonDC7D,38.827,-76.99
5060,6D173744,Multiple_Gunshots,2016-11-07,15:57:14,WashingtonDC6D,38.897,-76.921
5061,7D214377,Multiple_Gunshots,2016-11-07,16:58:45,WashingtonDC7D,38.844,-76.992
5062,6D173745,Multiple_Gunshots,2016-11-07,18:56:00,WashingtonDC6D,38.884,-76.929
5063,6D173747,Gunshot_or_Firecracker,2016-11-07,20:08:51,WashingtonDC6D,38.883,-76.963
5064,7D214383,Single_Gunshot,2016-11-07,20:15:12,WashingtonDC7D,38.848,-76.97
5065,4D57719,Single_Gunshot,2016-11-07,20:56:34,WashingtonDC4D,38.946,-77.023
5066,5D69263,Single_Gunshot,2016-11-07,20:57:03,WashingtonDC5D,38.899,-76.977
5067,6D173748,Multiple_Gunshots,2016-11-07,21:25:39,WashingtonDC6D,38.902,-76.948
5068,7D214391,Multiple_Gunshots,2016-11-07,23:56:33,WashingtonDC7D,38.828,-76.995
5069,7D214394,Multiple_Gunshots,2016-11-08,01:18:39,WashingtonDC7D,38.828,-76.995
5070,7D214395,Multiple_Gunshots,2016-11-08,01:18:44,WashingtonDC7D,38.828,-76.996
5071,6D173751,Multiple_Gunshots,2016-11-08,08:22:21,WashingtonDC6D,38.888,-76.951
5072,7D214434,Multiple_Gunshots,2016-11-08,12:37:15,WashingtonDC7D,38.859,-76.993
5073,6D173755,Gunshot_or_Firecracker,2016-11-08,13:27:12,WashingtonDC6D,38.886,-76.949
5074,5D69272,Multiple_Gunshots,2016-11-08,14:18:07,WashingtonDC5D,38.904,-76.978
5075,6D173760,Multiple_Gunshots,2016-11-08,18:15:55,WashingtonDC6D,38.911,-76.938
5076,6D173761,Multiple_Gunshots,2016-11-08,19:06:23,WashingtonDC6D,38.868,-76.941
5077,5D69277,Multiple_Gunshots,2016-11-08,20:12:09,WashingtonDC5D,38.909,-76.984
5078,7D214463,Multiple_Gunshots,2016-11-08,20:54:20,WashingtonDC7D,38.849,-76.974
5079,3D61361,Gunshot_or_Firecracker,2016-11-08,21:10:17,WashingtonDC3D,38.928,-77.028
5080,6D173763,Multiple_Gunshots,2016-11-08,21:36:28,WashingtonDC6D,38.888,-76.923
5081,6D173764,Multiple_Gunshots,2016-11-08,22:07:54,WashingtonDC6D,38.875,-76.931
5082,6D173766,Multiple_Gunshots,2016-11-08,23:34:14,WashingtonDC6D,38.911,-76.936
5083,1D84225,Single_Gunshot,2016-11-09,02:00:01,WashingtonDC1D,38.877,-77.014
5084,7D214467,Multiple_Gunshots,2016-11-09,02:53:35,WashingtonDC7D,38.836,-76.988
5085,5D69292,Multiple_Gunshots,2016-11-09,20:31:20,WashingtonDC5D,38.924,-77.001
5086,5D69293,Multiple_Gunshots,2016-11-09,20:31:29,WashingtonDC5D,38.922,-77.002
5087,5D69294,Multiple_Gunshots,2016-11-09,20:32:20,WashingtonDC5D,38.923,-77.001
5088,7D214499,Multiple_Gunshots,2016-11-09,21:50:26,WashingtonDC7D,38.856,-76.987
5089,5D69297,Multiple_Gunshots,2016-11-09,22:04:19,WashingtonDC5D,38.927,-76.975
5090,7D214502,Single_Gunshot,2016-11-10,00:46:31,WashingtonDC7D,38.857,-76.974
5091,7D214505,Single_Gunshot,2016-11-10,01:53:06,WashingtonDC7D,38.822,-77.006
5092,7D214506,Multiple_Gunshots,2016-11-10,02:02:09,WashingtonDC7D,38.854,-76.977
5093,6D173788,Single_Gunshot,2016-11-10,19:43:16,WashingtonDC6D,38.872,-76.974
5094,7D214555,Single_Gunshot,2016-11-10,19:58:30,WashingtonDC7D,38.842,-76.996
5095,7D214557,Gunshot_or_Firecracker,2016-11-10,20:41:09,WashingtonDC7D,38.847,-76.956
5096,7D214559,Multiple_Gunshots,2016-11-10,21:26:58,WashingtonDC7D,38.827,-76.999
5097,7D214560,Multiple_Gunshots,2016-11-10,21:37:45,WashingtonDC7D,38.857,-76.99
5098,7D214561,Multiple_Gunshots,2016-11-10,21:37:55,WashingtonDC7D,38.856,-76.981
5099,7D214562,Multiple_Gunshots,2016-11-10,22:12:03,WashingtonDC7D,38.854,-76.98
5100,7D214563,Multiple_Gunshots,2016-11-10,22:12:23,WashingtonDC7D,38.853,-76.981
5101,7D214564,Single_Gunshot,2016-11-10,22:16:37,WashingtonDC7D,38.829,-76.996
5102,7D214565,Single_Gunshot,2016-11-10,22:16:53,WashingtonDC7D,38.829,-76.996
5103,7D214567,Multiple_Gunshots,2016-11-10,23:18:27,WashingtonDC7D,38.858,-76.968
5104,6D173792,Single_Gunshot,2016-11-11,00:11:39,WashingtonDC6D,38.889,-76.935
5105,5D69316,Single_Gunshot,2016-11-11,00:36:02,WashingtonDC5D,38.917,-76.979
5106,7D214569,Multiple_Gunshots,2016-11-11,01:27:14,WashingtonDC7D,38.853,-76.982
5107,7D214570,Multiple_Gunshots,2016-11-11,01:27:18,WashingtonDC7D,38.853,-76.982
5108,7D214571,Multiple_Gunshots,2016-11-11,01:47:26,WashingtonDC7D,38.838,-76.998
5109,5D69317,Multiple_Gunshots,2016-11-11,02:04:35,WashingtonDC5D,38.899,-76.983
5110,7D214572,Single_Gunshot,2016-11-11,04:07:50,WashingtonDC7D,38.868,-76.981
5111,6D173794,Single_Gunshot,2016-11-11,04:54:53,WashingtonDC6D,38.898,-76.924
5112,6D173798,Multiple_Gunshots,2016-11-11,20:00:07,WashingtonDC6D,38.897,-76.941
5113,6D173799,Multiple_Gunshots,2016-11-11,20:14:46,WashingtonDC6D,38.885,-76.925
5114,6D173801,Multiple_Gunshots,2016-11-11,20:23:48,WashingtonDC6D,38.889,-76.94
5115,7D214582,Single_Gunshot,2016-11-11,21:27:25,WashingtonDC7D,38.845,-77.001
5116,3D61376,Multiple_Gunshots,2016-11-11,21:35:32,WashingtonDC3D,38.909,-77.021
5117,1D84236,Multiple_Gunshots,2016-11-11,23:02:55,WashingtonDC1D,38.898,-76.973
5118,7D214584,Multiple_Gunshots,2016-11-11,23:37:42,WashingtonDC7D,38.869,-76.985
5119,6D173803,Single_Gunshot,2016-11-12,00:25:29,WashingtonDC6D,38.87,-76.946
5120,6D173804,Multiple_Gunshots,2016-11-12,00:40:53,WashingtonDC6D,38.879,-76.944
5121,4D57749,Multiple_Gunshots,2016-11-12,00:51:54,WashingtonDC4D,38.956,-77.028
5122,7D214588,Multiple_Gunshots,2016-11-12,02:45:12,WashingtonDC7D,38.827,-77.0
5123,7D214589,Multiple_Gunshots,2016-11-12,02:45:16,WashingtonDC7D,38.827,-76.999
5124,6D173806,Multiple_Gunshots,2016-11-12,03:25:16,WashingtonDC6D,38.895,-76.934
5125,4D57750,Multiple_Gunshots,2016-11-12,03:40:22,WashingtonDC4D,38.946,-77.021
5126,4D57751,Multiple_Gunshots,2016-11-12,03:40:34,WashingtonDC4D,38.945,-77.021
5127,7D214590,Multiple_Gunshots,2016-11-12,04:33:34,WashingtonDC7D,38.828,-77.0
5128,7D214591,Multiple_Gunshots,2016-11-12,04:33:45,WashingtonDC7D,38.828,-77.0
5129,5D69336,Single_Gunshot,2016-11-12,04:50:55,WashingtonDC5D,38.902,-76.988
5130,1D84237,Single_Gunshot,2016-11-12,04:50:55,WashingtonDC1D,38.902,-76.988
5131,7D214597,Multiple_Gunshots,2016-11-12,15:34:33,WashingtonDC7D,38.846,-76.971
5132,6D173809,Multiple_Gunshots,2016-11-12,17:53:09,WashingtonDC6D,38.887,-76.926
5133,3D61377,Multiple_Gunshots,2016-11-12,18:21:38,WashingtonDC3D,38.919,-77.031
5134,6D173810,Single_Gunshot,2016-11-12,18:31:52,WashingtonDC6D,38.882,-76.935
5135,6D173814,Multiple_Gunshots,2016-11-12,20:06:01,WashingtonDC6D,38.884,-76.93
5136,7D214601,Multiple_Gunshots,2016-11-12,20:29:10,WashingtonDC7D,38.855,-76.99
5137,7D214602,Multiple_Gunshots,2016-11-12,20:29:21,WashingtonDC7D,38.855,-76.99
5138,7D214603,Single_Gunshot,2016-11-12,20:29:30,WashingtonDC7D,38.855,-76.99
5139,6D173823,Multiple_Gunshots,2016-11-12,22:39:11,WashingtonDC6D,38.887,-76.956
5140,6D173824,Single_Gunshot,2016-11-12,22:55:52,WashingtonDC6D,38.895,-76.929
5141,6D173828,Single_Gunshot,2016-11-13,00:44:50,WashingtonDC6D,38.897,-76.919
5142,5D69358,Single_Gunshot,2016-11-13,02:50:40,WashingtonDC5D,38.928,-76.979
5143,7D214608,Multiple_Gunshots,2016-11-13,03:13:06,WashingtonDC7D,38.858,-76.993
5144,5D69359,Multiple_Gunshots,2016-11-13,03:41:40,WashingtonDC5D,38.931,-76.96
5145,7D214609,Multiple_Gunshots,2016-11-13,03:50:32,WashingtonDC7D,38.855,-76.99
5146,7D214610,Multiple_Gunshots,2016-11-13,03:50:38,WashingtonDC7D,38.853,-76.983
5147,7D214611,Multiple_Gunshots,2016-11-13,03:50:39,WashingtonDC7D,38.852,-76.968
5148,7D214612,Multiple_Gunshots,2016-11-13,03:50:40,WashingtonDC7D,38.855,-76.99
5149,7D214613,Single_Gunshot,2016-11-13,04:00:26,WashingtonDC7D,38.829,-77.002
5150,6D173829,Multiple_Gunshots,2016-11-13,05:40:28,WashingtonDC6D,38.92,-76.936
5151,7D214614,Multiple_Gunshots,2016-11-13,09:18:14,WashingtonDC7D,38.848,-76.97
5152,6D173832,Gunshot_or_Firecracker,2016-11-13,09:25:58,WashingtonDC6D,38.897,-76.936
5153,6D173836,Multiple_Gunshots,2016-11-13,18:35:10,WashingtonDC6D,38.892,-76.915
5154,7D214619,Multiple_Gunshots,2016-11-13,19:38:16,WashingtonDC7D,38.845,-77.001
5155,7D214620,Multiple_Gunshots,2016-11-13,19:46:32,WashingtonDC7D,38.819,-76.995
5156,7D214621,Single_Gunshot,2016-11-13,20:05:49,WashingtonDC7D,38.842,-76.963
5157,7D214622,Gunshot_or_Firecracker,2016-11-13,21:22:09,WashingtonDC7D,38.847,-77.004
5158,5D69374,Single_Gunshot,2016-11-13,22:40:13,WashingtonDC5D,38.909,-76.987
5159,7D214623,Multiple_Gunshots,2016-11-13,23:22:02,WashingtonDC7D,38.844,-77.008
5160,7D214624,Single_Gunshot,2016-11-14,00:22:18,WashingtonDC7D,38.824,-77.006
5161,7D214625,Single_Gunshot,2016-11-14,00:37:13,WashingtonDC7D,38.847,-76.975
5162,6D173844,Single_Gunshot,2016-11-14,03:59:58,WashingtonDC6D,38.889,-76.922
5163,6D173845,Gunshot_or_Firecracker,2016-11-14,04:00:34,WashingtonDC6D,38.889,-76.922
5164,6D173848,Multiple_Gunshots,2016-11-14,04:05:56,WashingtonDC6D,38.889,-76.922
5165,4D57759,Multiple_Gunshots,2016-11-14,07:45:44,WashingtonDC4D,38.955,-77.022
5166,7D214636,Multiple_Gunshots,2016-11-14,07:57:03,WashingtonDC7D,38.855,-76.985
5167,7D214642,Multiple_Gunshots,2016-11-14,07:57:51,WashingtonDC7D,38.855,-76.985
5168,7D214644,Multiple_Gunshots,2016-11-14,07:57:58,WashingtonDC7D,38.856,-76.985
5169,7D214645,Multiple_Gunshots,2016-11-14,07:58:05,WashingtonDC7D,38.855,-76.985
5170,7D214655,Multiple_Gunshots,2016-11-14,07:59:50,WashingtonDC7D,38.856,-76.985
5171,6D173870,Multiple_Gunshots,2016-11-14,18:43:30,WashingtonDC6D,38.89,-76.954
5172,6D173871,Multiple_Gunshots,2016-11-14,18:43:40,WashingtonDC6D,38.891,-76.954
5173,7D214686,Multiple_Gunshots,2016-11-14,18:49:30,WashingtonDC7D,38.829,-77.0
5174,7D214687,Multiple_Gunshots,2016-11-14,19:38:49,WashingtonDC7D,38.82,-76.999
5175,7D214688,Multiple_Gunshots,2016-11-14,19:54:13,WashingtonDC7D,38.848,-76.972
5176,7D214692,Single_Gunshot,2016-11-14,23:05:44,WashingtonDC7D,38.828,-77.003
5177,7D214695,Multiple_Gunshots,2016-11-15,00:03:31,WashingtonDC7D,38.841,-76.976
5178,7D214696,Single_Gunshot,2016-11-15,00:06:31,WashingtonDC7D,38.841,-76.976
5179,6D173873,Multiple_Gunshots,2016-11-15,00:15:20,WashingtonDC6D,38.919,-76.927
5180,6D173874,Multiple_Gunshots,2016-11-15,00:15:27,WashingtonDC6D,38.914,-76.929
5181,6D173875,Single_Gunshot,2016-11-15,00:25:19,WashingtonDC6D,38.893,-76.936
5182,6D173876,Multiple_Gunshots,2016-11-15,00:37:01,WashingtonDC6D,38.885,-76.954
5183,5D69380,Multiple_Gunshots,2016-11-15,00:38:37,WashingtonDC5D,38.925,-77.001
5184,7D214697,Single_Gunshot,2016-11-15,02:06:56,WashingtonDC7D,38.855,-76.972
5185,7D214698,Multiple_Gunshots,2016-11-15,03:01:18,WashingtonDC7D,38.831,-76.993
5186,7D214699,Multiple_Gunshots,2016-11-15,03:01:21,WashingtonDC7D,38.833,-76.992
5187,6D173880,Gunshot_or_Firecracker,2016-11-15,11:51:28,WashingtonDC6D,38.886,-76.955
5188,7D214715,Multiple_Gunshots,2016-11-15,13:35:58,WashingtonDC7D,38.842,-76.993
5189,6D173885,Multiple_Gunshots,2016-11-15,21:23:46,WashingtonDC6D,38.887,-76.951
5190,6D173886,Multiple_Gunshots,2016-11-15,21:43:59,WashingtonDC6D,38.874,-76.975
5191,6D173887,Multiple_Gunshots,2016-11-15,21:44:08,WashingtonDC6D,38.875,-76.948
5192,7D214727,Single_Gunshot,2016-11-15,22:32:53,WashingtonDC7D,38.83,-76.995
5193,6D173889,Multiple_Gunshots,2016-11-15,22:36:34,WashingtonDC6D,38.917,-76.933
5194,7D214728,Single_Gunshot,2016-11-15,23:05:10,WashingtonDC7D,38.828,-76.999
5195,4D57774,Single_Gunshot,2016-11-16,02:40:29,WashingtonDC4D,38.955,-77.02
5196,4D57775,Multiple_Gunshots,2016-11-16,02:43:47,WashingtonDC4D,38.956,-77.02
5197,6D173892,Single_Gunshot,2016-11-16,05:40:52,WashingtonDC6D,38.878,-76.929
5198,6D173893,Multiple_Gunshots,2016-11-16,06:09:56,WashingtonDC6D,38.875,-76.948
5199,6D173894,Multiple_Gunshots,2016-11-16,06:13:17,WashingtonDC6D,38.876,-76.939
5200,7D214778,Multiple_Gunshots,2016-11-16,10:23:20,WashingtonDC7D,38.855,-76.985
5201,6D173901,Single_Gunshot,2016-11-16,16:44:22,WashingtonDC6D,38.897,-76.959
5202,4D57782,Single_Gunshot,2016-11-16,17:32:04,WashingtonDC4D,38.946,-77.022
5203,5D69395,Multiple_Gunshots,2016-11-16,19:17:33,WashingtonDC5D,38.934,-76.983
5204,7D214804,Multiple_Gunshots,2016-11-16,20:07:18,WashingtonDC7D,38.866,-76.979
5205,6D173903,Multiple_Gunshots,2016-11-16,21:24:00,WashingtonDC6D,38.905,-76.919
5206,6D173904,Gunshot_or_Firecracker,2016-11-16,21:31:21,WashingtonDC6D,38.885,-76.96
5207,7D214809,Single_Gunshot,2016-11-16,23:48:42,WashingtonDC7D,38.829,-76.999
5208,5D69397,Single_Gunshot,2016-11-17,01:23:14,WashingtonDC5D,38.933,-76.967
5209,5D69399,Single_Gunshot,2016-11-17,01:29:58,WashingtonDC5D,38.933,-76.967
5210,6D173910,Single_Gunshot,2016-11-17,03:08:25,WashingtonDC6D,38.887,-76.923
5211,6D173911,Single_Gunshot,2016-11-17,04:09:32,WashingtonDC6D,38.898,-76.921
5212,1D84271,Multiple_Gunshots,2016-11-17,14:15:16,WashingtonDC1D,38.899,-76.982
5213,5D69407,Multiple_Gunshots,2016-11-17,14:15:17,WashingtonDC5D,38.899,-76.982
5214,5D69408,Multiple_Gunshots,2016-11-17,14:15:24,WashingtonDC5D,38.903,-76.98
5215,7D214847,Multiple_Gunshots,2016-11-17,19:15:05,WashingtonDC7D,38.847,-76.983
5216,7D214848,Multiple_Gunshots,2016-11-17,19:32:18,WashingtonDC7D,38.857,-76.991
5217,7D214849,Multiple_Gunshots,2016-11-17,19:32:23,WashingtonDC7D,38.856,-76.991
5218,4D57794,Multiple_Gunshots,2016-11-17,21:01:07,WashingtonDC4D,38.956,-77.017
5219,6D173925,Multiple_Gunshots,2016-11-17,21:07:46,WashingtonDC6D,38.869,-76.945
5220,6D173926,Single_Gunshot,2016-11-17,21:24:53,WashingtonDC6D,38.898,-76.938
5221,7D214853,Multiple_Gunshots,2016-11-17,21:52:07,WashingtonDC7D,38.864,-76.981
5222,5D69411,Multiple_Gunshots,2016-11-17,21:52:50,WashingtonDC5D,38.906,-76.987
5223,1D84272,Multiple_Gunshots,2016-11-17,21:52:50,WashingtonDC1D,38.903,-76.989
5224,7D214854,Multiple_Gunshots,2016-11-17,22:25:35,WashingtonDC7D,38.871,-76.978
5225,6D173929,Multiple_Gunshots,2016-11-17,22:25:35,WashingtonDC6D,38.871,-76.978
5226,6D173930,Multiple_Gunshots,2016-11-17,22:25:41,WashingtonDC6D,38.871,-76.978
5227,7D214855,Multiple_Gunshots,2016-11-17,22:25:45,WashingtonDC7D,38.863,-76.973
5228,7D214856,Multiple_Gunshots,2016-11-17,22:25:50,WashingtonDC7D,38.865,-76.963
5229,7D214857,Multiple_Gunshots,2016-11-17,22:25:51,WashingtonDC7D,38.857,-76.97
5230,7D214858,Multiple_Gunshots,2016-11-17,22:25:53,WashingtonDC7D,38.867,-76.976
5231,7D214859,Multiple_Gunshots,2016-11-17,22:30:56,WashingtonDC7D,38.872,-76.978
5232,6D173931,Multiple_Gunshots,2016-11-17,22:30:56,WashingtonDC6D,38.871,-76.98
5233,7D214863,Single_Gunshot,2016-11-17,23:19:35,WashingtonDC7D,38.819,-76.999
5234,4D57796,Multiple_Gunshots,2016-11-18,01:49:24,WashingtonDC4D,38.965,-77.024
5235,6D173933,Single_Gunshot,2016-11-18,02:37:24,WashingtonDC6D,38.879,-76.932
5236,7D214865,Gunshot_or_Firecracker,2016-11-18,04:16:32,WashingtonDC7D,38.856,-76.97
5237,6D173934,Gunshot_or_Firecracker,2016-11-18,05:24:34,WashingtonDC6D,38.89,-76.946
5238,7D214883,Gunshot_or_Firecracker,2016-11-18,13:34:49,WashingtonDC7D,38.853,-76.989
5239,7D214884,Multiple_Gunshots,2016-11-18,15:33:34,WashingtonDC7D,38.829,-77.006
5240,6D173945,Multiple_Gunshots,2016-11-18,17:49:25,WashingtonDC6D,38.863,-76.94
5241,6D173947,Multiple_Gunshots,2016-11-18,19:40:14,WashingtonDC6D,38.91,-76.937
5242,7D214891,Multiple_Gunshots,2016-11-18,20:42:06,WashingtonDC7D,38.849,-77.005
5243,7D214897,Multiple_Gunshots,2016-11-18,22:36:24,WashingtonDC7D,38.857,-76.987
5244,7D214898,Multiple_Gunshots,2016-11-18,22:36:31,WashingtonDC7D,38.856,-76.985
5245,7D214899,Multiple_Gunshots,2016-11-18,23:58:06,WashingtonDC7D,38.832,-76.988
5246,7D214900,Multiple_Gunshots,2016-11-18,23:58:09,WashingtonDC7D,38.831,-76.988
5247,7D214904,Multiple_Gunshots,2016-11-19,01:01:59,WashingtonDC7D,38.835,-77.011
5248,7D214905,Multiple_Gunshots,2016-11-19,01:12:11,WashingtonDC7D,38.864,-76.98
5249,5D69429,Multiple_Gunshots,2016-11-19,01:22:14,WashingtonDC5D,38.901,-76.97
5250,6D173956,Single_Gunshot,2016-11-19,02:06:35,WashingtonDC6D,38.891,-76.94
5251,5D69432,Single_Gunshot,2016-11-19,03:53:31,WashingtonDC5D,38.901,-76.986
5252,1D84296,Single_Gunshot,2016-11-19,03:53:31,WashingtonDC1D,38.901,-76.986
5253,7D214912,Multiple_Gunshots,2016-11-19,04:31:57,WashingtonDC7D,38.868,-76.979
5254,6D173957,Multiple_Gunshots,2016-11-19,04:31:58,WashingtonDC6D,38.868,-76.978
5255,7D214913,Multiple_Gunshots,2016-11-19,04:33:25,WashingtonDC7D,38.868,-76.971
5256,6D173958,Multiple_Gunshots,2016-11-19,04:33:30,WashingtonDC6D,38.867,-76.97
5257,7D214914,Multiple_Gunshots,2016-11-19,04:33:32,WashingtonDC7D,38.867,-76.974
5258,6D173959,Multiple_Gunshots,2016-11-19,04:40:31,WashingtonDC6D,38.884,-76.922
5259,7D214916,Gunshot_or_Firecracker,2016-11-19,05:28:52,WashingtonDC7D,38.841,-76.997
5260,6D173961,Multiple_Gunshots,2016-11-19,07:27:19,WashingtonDC6D,38.883,-76.933
5261,6D173962,Multiple_Gunshots,2016-11-19,07:27:31,WashingtonDC6D,38.883,-76.933
5262,6D173963,Multiple_Gunshots,2016-11-19,07:27:36,WashingtonDC6D,38.883,-76.933
5263,1D84301,Multiple_Gunshots,2016-11-19,13:23:48,WashingtonDC1D,38.889,-76.984
5264,7D214941,Multiple_Gunshots,2016-11-19,15:06:46,WashingtonDC7D,38.85,-76.975
5265,7D214943,Multiple_Gunshots,2016-11-19,17:54:11,WashingtonDC7D,38.854,-76.98
5266,7D214944,Single_Gunshot,2016-11-19,17:54:21,WashingtonDC7D,38.854,-76.98
5267,7D214945,Gunshot_or_Firecracker,2016-11-19,17:57:03,WashingtonDC7D,38.854,-76.979
5268,7D214946,Multiple_Gunshots,2016-11-19,21:43:12,WashingtonDC7D,38.864,-76.983
5269,6D173970,Single_Gunshot,2016-11-19,22:04:26,WashingtonDC6D,38.902,-76.948
5270,7D214949,Multiple_Gunshots,2016-11-19,22:18:14,WashingtonDC7D,38.848,-76.977
5271,6D173971,Multiple_Gunshots,2016-11-19,22:23:23,WashingtonDC6D,38.881,-76.927
5272,3D61402,Multiple_Gunshots,2016-11-19,23:41:10,WashingtonDC3D,38.925,-77.034
5273,7D214951,Single_Gunshot,2016-11-20,00:29:28,WashingtonDC7D,38.859,-76.987
5274,1D84302,Single_Gunshot,2016-11-20,01:09:42,WashingtonDC1D,38.877,-77.01
5275,6D173972,Single_Gunshot,2016-11-20,01:40:45,WashingtonDC6D,38.891,-76.919
5276,5D69442,Single_Gunshot,2016-11-20,02:56:44,WashingtonDC5D,38.928,-76.983
5277,6D173974,Single_Gunshot,2016-11-20,03:17:09,WashingtonDC6D,38.895,-76.948
5278,6D173975,Multiple_Gunshots,2016-11-20,03:56:54,WashingtonDC6D,38.886,-76.931
5279,6D173976,Multiple_Gunshots,2016-11-20,03:56:59,WashingtonDC6D,38.887,-76.924
5280,4D57804,Gunshot_or_Firecracker,2016-11-20,04:03:32,WashingtonDC4D,38.954,-77.028
5281,6D173977,Multiple_Gunshots,2016-11-20,04:37:06,WashingtonDC6D,38.879,-76.966
5282,6D173978,Single_Gunshot,2016-11-20,04:38:32,WashingtonDC6D,38.879,-76.966
5283,6D173979,Single_Gunshot,2016-11-20,04:39:16,WashingtonDC6D,38.879,-76.966
5284,6D173980,Single_Gunshot,2016-11-20,04:39:32,WashingtonDC6D,38.879,-76.966
5285,6D173981,Single_Gunshot,2016-11-20,04:39:43,WashingtonDC6D,38.879,-76.966
5286,7D214953,Multiple_Gunshots,2016-11-20,06:04:12,WashingtonDC7D,38.848,-76.976
5287,7D214954,Multiple_Gunshots,2016-11-20,06:04:18,WashingtonDC7D,38.848,-76.977
5288,6D173982,Single_Gunshot,2016-11-20,06:31:59,WashingtonDC6D,38.889,-76.937
5289,5D69443,Single_Gunshot,2016-11-20,06:58:46,WashingtonDC5D,38.919,-77.017
5290,3D61403,Single_Gunshot,2016-11-20,06:58:46,WashingtonDC3D,38.919,-77.017
5291,7D214956,Single_Gunshot,2016-11-20,18:54:29,WashingtonDC7D,38.859,-76.997
5292,7D214959,Single_Gunshot,2016-11-20,18:55:31,WashingtonDC7D,38.86,-76.996
5293,7D214961,Multiple_Gunshots,2016-11-20,19:09:39,WashingtonDC7D,38.841,-76.992
5294,7D214962,Multiple_Gunshots,2016-11-20,19:09:48,WashingtonDC7D,38.841,-76.992
5295,7D214964,Multiple_Gunshots,2016-11-20,22:27:08,WashingtonDC7D,38.845,-76.971
5296,7D214968,Single_Gunshot,2016-11-21,02:44:56,WashingtonDC7D,38.858,-76.974
5297,6D173988,Multiple_Gunshots,2016-11-21,11:14:22,WashingtonDC6D,38.897,-76.919
5298,7D214970,Multiple_Gunshots,2016-11-21,11:49:11,WashingtonDC7D,38.841,-76.99
5299,6D173990,Single_Gunshot,2016-11-21,17:21:12,WashingtonDC6D,38.906,-76.948
5300,6D173991,Multiple_Gunshots,2016-11-21,17:21:23,WashingtonDC6D,38.906,-76.949
5301,3D61405,Multiple_Gunshots,2016-11-21,19:28:18,WashingtonDC3D,38.931,-77.028
5302,7D214974,Multiple_Gunshots,2016-11-21,20:17:35,WashingtonDC7D,38.839,-77.0
5303,4D57807,Single_Gunshot,2016-11-21,21:09:55,WashingtonDC4D,38.96,-77.028
5304,7D214976,Single_Gunshot,2016-11-21,21:21:53,WashingtonDC7D,38.845,-77.001
5305,7D214979,Single_Gunshot,2016-11-21,22:05:55,WashingtonDC7D,38.857,-76.98
5306,4D57808,Multiple_Gunshots,2016-11-21,22:18:25,WashingtonDC4D,38.94,-77.026
5307,7D214980,Single_Gunshot,2016-11-21,22:34:33,WashingtonDC7D,38.833,-77.006
5308,7D214985,Single_Gunshot,2016-11-22,03:46:34,WashingtonDC7D,38.855,-76.99
5309,5D69449,Single_Gunshot,2016-11-22,04:33:47,WashingtonDC5D,38.916,-76.986
5310,5D69452,Multiple_Gunshots,2016-11-22,13:59:49,WashingtonDC5D,38.906,-76.987
5311,1D84306,Multiple_Gunshots,2016-11-22,19:12:58,WashingtonDC1D,38.874,-77.012
5312,7D215005,Multiple_Gunshots,2016-11-22,20:39:22,WashingtonDC7D,38.85,-76.974
5313,1D84308,Multiple_Gunshots,2016-11-22,21:50:56,WashingtonDC1D,38.888,-76.972
5314,6D174000,Multiple_Gunshots,2016-11-22,21:50:59,WashingtonDC6D,38.888,-76.972
5315,5D69457,Multiple_Gunshots,2016-11-22,23:46:51,WashingtonDC5D,38.912,-76.987
5316,1D84311,Single_Gunshot,2016-11-23,00:43:22,WashingtonDC1D,38.875,-77.012
5317,6D174001,Multiple_Gunshots,2016-11-23,00:43:56,WashingtonDC6D,38.886,-76.953
5318,7D215008,Multiple_Gunshots,2016-11-23,04:35:49,WashingtonDC7D,38.85,-76.972
5319,6D174003,Multiple_Gunshots,2016-11-23,05:46:02,WashingtonDC6D,38.905,-76.926
5320,7D215020,Multiple_Gunshots,2016-11-23,13:36:08,WashingtonDC7D,38.834,-76.989
5321,7D215022,Gunshot_or_Firecracker,2016-11-23,14:11:59,WashingtonDC7D,38.865,-76.982
5322,7D215030,Single_Gunshot,2016-11-23,17:08:38,WashingtonDC7D,38.846,-77.001
5323,7D215032,Multiple_Gunshots,2016-11-23,18:45:00,WashingtonDC7D,38.845,-76.993
5324,7D215033,Single_Gunshot,2016-11-23,19:06:11,WashingtonDC7D,38.863,-76.974
5325,7D215034,Single_Gunshot,2016-11-23,19:10:22,WashingtonDC7D,38.839,-77.003
5326,6D174013,Multiple_Gunshots,2016-11-23,19:46:34,WashingtonDC6D,38.889,-76.926
5327,6D174015,Multiple_Gunshots,2016-11-23,21:37:04,WashingtonDC6D,38.904,-76.933
5328,7D215036,Multiple_Gunshots,2016-11-23,21:37:21,WashingtonDC7D,38.851,-76.997
5329,6D174019,Multiple_Gunshots,2016-11-23,22:54:24,WashingtonDC6D,38.897,-76.919
5330,6D174021,Multiple_Gunshots,2016-11-23,23:06:54,WashingtonDC6D,38.892,-76.945
5331,1D84321,Multiple_Gunshots,2016-11-23,23:07:02,WashingtonDC1D,38.893,-76.98
5332,7D215038,Multiple_Gunshots,2016-11-24,00:30:10,WashingtonDC7D,38.829,-76.996
5333,6D174036,Multiple_Gunshots,2016-11-24,02:01:29,WashingtonDC6D,38.87,-76.968
5334,1D84322,Multiple_Gunshots,2016-11-24,02:01:39,WashingtonDC1D,38.892,-76.983
5335,6D174037,Multiple_Gunshots,2016-11-24,02:01:52,WashingtonDC6D,38.867,-76.968
5336,7D215039,Single_Gunshot,2016-11-24,02:39:59,WashingtonDC7D,38.833,-76.982
5337,4D57819,Single_Gunshot,2016-11-24,03:16:45,WashingtonDC4D,38.955,-77.029
5338,6D174039,Multiple_Gunshots,2016-11-24,03:54:40,WashingtonDC6D,38.877,-76.934
5339,6D174040,Single_Gunshot,2016-11-24,03:58:42,WashingtonDC6D,38.889,-76.932
5340,5D69471,Multiple_Gunshots,2016-11-24,05:19:12,WashingtonDC5D,38.901,-77.003
5341,6D174045,Multiple_Gunshots,2016-11-24,19:45:38,WashingtonDC6D,38.885,-76.956
5342,6D174047,Multiple_Gunshots,2016-11-24,19:51:22,WashingtonDC6D,38.885,-76.951
5343,5D69489,Multiple_Gunshots,2016-11-24,20:12:55,WashingtonDC5D,38.92,-77.01
5344,3D61417,Multiple_Gunshots,2016-11-24,20:12:55,WashingtonDC3D,38.919,-77.013
5345,3D61419,Multiple_Gunshots,2016-11-24,21:45:44,WashingtonDC3D,38.913,-77.03
5346,7D215062,Multiple_Gunshots,2016-11-24,22:30:17,WashingtonDC7D,38.828,-76.995
5347,3D61420,Single_Gunshot,2016-11-24,23:14:23,WashingtonDC3D,38.924,-77.034
5348,6D174048,Single_Gunshot,2016-11-25,00:22:40,WashingtonDC6D,38.892,-76.945
5349,7D215068,Single_Gunshot,2016-11-25,01:13:17,WashingtonDC7D,38.83,-76.995
5350,6D174049,Multiple_Gunshots,2016-11-25,01:22:04,WashingtonDC6D,38.884,-76.927
5351,7D215082,Multiple_Gunshots,2016-11-25,13:45:41,WashingtonDC7D,38.845,-76.982
5352,4D57832,Multiple_Gunshots,2016-11-25,14:26:05,WashingtonDC4D,38.939,-77.027
5353,7D215087,Multiple_Gunshots,2016-11-25,17:10:08,WashingtonDC7D,38.841,-76.971
5354,6D174063,Multiple_Gunshots,2016-11-25,20:59:12,WashingtonDC6D,38.906,-76.949
5355,5D69497,Gunshot_or_Firecracker,2016-11-25,21:07:12,WashingtonDC5D,38.921,-76.985
5356,7D215090,Multiple_Gunshots,2016-11-25,22:04:53,WashingtonDC7D,38.841,-76.973
5357,7D215091,Single_Gunshot,2016-11-25,22:24:02,WashingtonDC7D,38.855,-76.972
5358,5D69499,Multiple_Gunshots,2016-11-25,22:33:37,WashingtonDC5D,38.919,-77.016
5359,3D61424,Multiple_Gunshots,2016-11-25,22:33:37,WashingtonDC3D,38.919,-77.016
5360,5D69500,Multiple_Gunshots,2016-11-25,22:33:43,WashingtonDC5D,38.917,-77.016
5361,3D61425,Multiple_Gunshots,2016-11-25,22:33:43,WashingtonDC3D,38.917,-77.017
5362,6D174066,Gunshot_or_Firecracker,2016-11-26,00:09:12,WashingtonDC6D,38.887,-76.956
5363,6D174067,Single_Gunshot,2016-11-26,00:20:43,WashingtonDC6D,38.893,-76.939
5364,7D215093,Multiple_Gunshots,2016-11-26,00:24:22,WashingtonDC7D,38.828,-76.996
5365,7D215094,Multiple_Gunshots,2016-11-26,00:48:00,WashingtonDC7D,38.872,-76.972
5366,6D174069,Multiple_Gunshots,2016-11-26,01:21:58,WashingtonDC6D,38.876,-76.932
5367,6D174070,Multiple_Gunshots,2016-11-26,02:06:15,WashingtonDC6D,38.881,-76.937
5368,7D215095,Single_Gunshot,2016-11-26,03:05:03,WashingtonDC7D,38.835,-76.994
5369,4D57835,Single_Gunshot,2016-11-26,04:30:16,WashingtonDC4D,38.95,-77.022
5370,7D215097,Single_Gunshot,2016-11-26,04:30:59,WashingtonDC7D,38.847,-76.979
5371,6D174073,Single_Gunshot,2016-11-26,04:51:20,WashingtonDC6D,38.89,-76.963
5372,7D215102,Single_Gunshot,2016-11-26,08:14:40,WashingtonDC7D,38.857,-76.973
5373,7D215103,Multiple_Gunshots,2016-11-26,08:17:29,WashingtonDC7D,38.856,-76.973
5374,7D215109,Gunshot_or_Firecracker,2016-11-26,11:27:46,WashingtonDC7D,38.827,-77.001
5375,7D215110,Multiple_Gunshots,2016-11-26,12:36:31,WashingtonDC7D,38.84,-76.991
5376,7D215111,Multiple_Gunshots,2016-11-26,13:33:26,WashingtonDC7D,38.847,-77.004
5377,6D174080,Single_Gunshot,2016-11-26,16:54:26,WashingtonDC6D,38.886,-76.93
5378,6D174081,Single_Gunshot,2016-11-26,16:55:44,WashingtonDC6D,38.886,-76.93
5379,6D174082,Multiple_Gunshots,2016-11-26,16:58:32,WashingtonDC6D,38.905,-76.925
5380,1D84340,Multiple_Gunshots,2016-11-26,17:36:46,WashingtonDC1D,38.894,-76.973
5381,1D84341,Gunshot_or_Firecracker,2016-11-26,18:47:50,WashingtonDC1D,38.898,-76.978
5382,1D84342,Gunshot_or_Firecracker,2016-11-26,18:48:01,WashingtonDC1D,38.897,-76.979
5383,6D174090,Multiple_Gunshots,2016-11-26,20:09:55,WashingtonDC6D,38.911,-76.937
5384,6D174091,Multiple_Gunshots,2016-11-26,20:10:03,WashingtonDC6D,38.91,-76.936
5385,6D174092,Multiple_Gunshots,2016-11-26,20:10:08,WashingtonDC6D,38.909,-76.937
5386,4D57839,Multiple_Gunshots,2016-11-26,21:07:41,WashingtonDC4D,38.949,-77.022
5387,7D215117,Multiple_Gunshots,2016-11-26,21:27:54,WashingtonDC7D,38.85,-76.973
5388,7D215118,Single_Gunshot,2016-11-26,22:10:29,WashingtonDC7D,38.844,-77.006
5389,7D215119,Single_Gunshot,2016-11-26,23:04:35,WashingtonDC7D,38.864,-76.988
5390,6D174094,Multiple_Gunshots,2016-11-26,23:44:29,WashingtonDC6D,38.881,-76.933
5391,6D174095,Multiple_Gunshots,2016-11-26,23:44:33,WashingtonDC6D,38.881,-76.933
5392,6D174096,Single_Gunshot,2016-11-26,23:47:34,WashingtonDC6D,38.888,-76.928
5393,7D215121,Multiple_Gunshots,2016-11-27,00:57:10,WashingtonDC7D,38.848,-77.004
5394,1D84343,Multiple_Gunshots,2016-11-27,01:09:04,WashingtonDC1D,38.901,-76.986
5395,5D69508,Multiple_Gunshots,2016-11-27,01:09:05,WashingtonDC5D,38.903,-76.984
5396,5D69509,Single_Gunshot,2016-11-27,01:17:17,WashingtonDC5D,38.939,-76.972
5397,5D69510,Multiple_Gunshots,2016-11-27,01:17:31,WashingtonDC5D,38.938,-76.969
5398,7D215122,Multiple_Gunshots,2016-11-27,03:34:38,WashingtonDC7D,38.862,-76.986
5399,7D215123,Single_Gunshot,2016-11-27,04:15:35,WashingtonDC7D,38.832,-77.008
5400,6D174098,Multiple_Gunshots,2016-11-27,04:31:19,WashingtonDC6D,38.869,-76.95
5401,7D215127,Single_Gunshot,2016-11-27,16:45:49,WashingtonDC7D,38.847,-76.976
5402,7D215131,Gunshot_or_Firecracker,2016-11-27,17:33:06,WashingtonDC7D,38.839,-76.994
5403,5D69514,Single_Gunshot,2016-11-27,18:07:10,WashingtonDC5D,38.908,-77.019
5404,3D61428,Single_Gunshot,2016-11-27,18:07:10,WashingtonDC3D,38.908,-77.019
5405,7D215132,Single_Gunshot,2016-11-27,18:30:57,WashingtonDC7D,38.846,-76.996
5406,4D57840,Single_Gunshot,2016-11-27,18:43:38,WashingtonDC4D,38.938,-77.034
5407,6D174109,Single_Gunshot,2016-11-27,22:27:30,WashingtonDC6D,38.887,-76.951
5408,6D174110,Single_Gunshot,2016-11-27,22:46:02,WashingtonDC6D,38.89,-76.922
5409,7D215134,Single_Gunshot,2016-11-27,23:11:54,WashingtonDC7D,38.83,-76.985
5410,5D69516,Single_Gunshot,2016-11-27,23:37:30,WashingtonDC5D,38.924,-76.979
5411,6D174112,Multiple_Gunshots,2016-11-27,23:47:57,WashingtonDC6D,38.884,-76.918
5412,7D215135,Multiple_Gunshots,2016-11-28,00:06:20,WashingtonDC7D,38.844,-76.969
5413,7D215137,Multiple_Gunshots,2016-11-28,02:37:44,WashingtonDC7D,38.843,-76.986
5414,5D69519,Multiple_Gunshots,2016-11-28,03:15:07,WashingtonDC5D,38.908,-76.987
5415,1D84346,Multiple_Gunshots,2016-11-28,03:15:08,WashingtonDC1D,38.908,-76.988
5416,5D69520,Multiple_Gunshots,2016-11-28,03:15:32,WashingtonDC5D,38.909,-76.987
5417,1D84347,Multiple_Gunshots,2016-11-28,03:15:33,WashingtonDC1D,38.907,-76.988
5418,5D69521,Multiple_Gunshots,2016-11-28,03:15:43,WashingtonDC5D,38.909,-76.987
5419,1D84348,Multiple_Gunshots,2016-11-28,03:15:49,WashingtonDC1D,38.901,-76.991
5420,7D215138,Single_Gunshot,2016-11-28,03:19:15,WashingtonDC7D,38.826,-77.0
5421,7D215144,Multiple_Gunshots,2016-11-28,11:35:32,WashingtonDC7D,38.832,-76.988
5422,6D174122,Multiple_Gunshots,2016-11-28,15:14:25,WashingtonDC6D,38.887,-76.95
5423,6D174123,Multiple_Gunshots,2016-11-28,15:14:31,WashingtonDC6D,38.89,-76.947
5424,6D174124,Multiple_Gunshots,2016-11-28,15:14:32,WashingtonDC6D,38.886,-76.951
5425,6D174125,Multiple_Gunshots,2016-11-28,15:14:36,WashingtonDC6D,38.886,-76.95
5426,6D174126,Multiple_Gunshots,2016-11-28,15:14:39,WashingtonDC6D,38.887,-76.952
5427,6D174127,Multiple_Gunshots,2016-11-28,15:14:41,WashingtonDC6D,38.89,-76.948
5428,6D174128,Multiple_Gunshots,2016-11-28,15:14:43,WashingtonDC6D,38.896,-76.948
5429,5D69534,Single_Gunshot,2016-11-28,17:12:19,WashingtonDC5D,38.907,-76.978
5430,6D174133,Multiple_Gunshots,2016-11-28,19:33:48,WashingtonDC6D,38.878,-76.93
5431,4D57859,Gunshot_or_Firecracker,2016-11-28,21:03:17,WashingtonDC4D,38.947,-77.022
5432,4D57860,Single_Gunshot,2016-11-28,21:03:41,WashingtonDC4D,38.945,-77.023
5433,7D215149,Single_Gunshot,2016-11-28,21:07:13,WashingtonDC7D,38.826,-77.0
5434,6D174134,Single_Gunshot,2016-11-28,23:20:57,WashingtonDC6D,38.893,-76.924
5435,4D57863,Gunshot_or_Firecracker,2016-11-28,23:45:23,WashingtonDC4D,38.949,-77.014
5436,7D215150,Single_Gunshot,2016-11-29,00:29:44,WashingtonDC7D,38.836,-76.987
5437,7D215151,Multiple_Gunshots,2016-11-29,00:43:12,WashingtonDC7D,38.835,-76.986
5438,7D215152,Single_Gunshot,2016-11-29,00:46:30,WashingtonDC7D,38.825,-76.986
5439,6D174136,Multiple_Gunshots,2016-11-29,02:02:39,WashingtonDC6D,38.88,-76.925
5440,6D174137,Multiple_Gunshots,2016-11-29,02:02:54,WashingtonDC6D,38.88,-76.925
5441,7D215155,Multiple_Gunshots,2016-11-29,08:50:08,WashingtonDC7D,38.834,-76.984
5442,6D174144,Multiple_Gunshots,2016-11-29,17:25:05,WashingtonDC6D,38.888,-76.932
5443,7D215159,Single_Gunshot,2016-11-29,17:57:46,WashingtonDC7D,38.845,-76.977
5444,6D174145,Gunshot_or_Firecracker,2016-11-29,17:57:53,WashingtonDC6D,38.864,-76.97
5445,6D174147,Multiple_Gunshots,2016-11-29,19:30:43,WashingtonDC6D,38.88,-76.948
5446,5D69541,Gunshot_or_Firecracker,2016-11-29,21:25:57,WashingtonDC5D,38.922,-76.973
5447,6D174148,Multiple_Gunshots,2016-11-29,21:29:05,WashingtonDC6D,38.886,-76.951
5448,6D174149,Multiple_Gunshots,2016-11-29,22:08:14,WashingtonDC6D,38.906,-76.92
5449,6D174150,Multiple_Gunshots,2016-11-29,22:08:18,WashingtonDC6D,38.902,-76.938
5450,6D174152,Multiple_Gunshots,2016-11-29,22:54:43,WashingtonDC6D,38.888,-76.949
5451,6D174154,Multiple_Gunshots,2016-11-29,22:57:54,WashingtonDC6D,38.911,-76.937
5452,6D174155,Multiple_Gunshots,2016-11-29,22:58:05,WashingtonDC6D,38.911,-76.936
5453,6D174156,Multiple_Gunshots,2016-11-29,22:58:09,WashingtonDC6D,38.905,-76.935
5454,6D174157,Multiple_Gunshots,2016-11-29,22:58:10,WashingtonDC6D,38.911,-76.936
5455,6D174158,Multiple_Gunshots,2016-11-29,22:58:11,WashingtonDC6D,38.911,-76.937
5456,6D174159,Multiple_Gunshots,2016-11-30,00:07:38,WashingtonDC6D,38.906,-76.934
5457,6D174160,Multiple_Gunshots,2016-11-30,00:19:11,WashingtonDC6D,38.914,-76.938
5458,5D69544,Single_Gunshot,2016-11-30,00:26:32,WashingtonDC5D,38.919,-76.983
5459,6D174166,Gunshot_or_Firecracker,2016-11-30,10:28:25,WashingtonDC6D,38.888,-76.932
5460,5D69554,Multiple_Gunshots,2016-11-30,14:44:59,WashingtonDC5D,38.919,-77.016
5461,3D61439,Multiple_Gunshots,2016-11-30,14:44:59,WashingtonDC3D,38.919,-77.016
5462,3D61440,Single_Gunshot,2016-11-30,17:35:46,WashingtonDC3D,38.918,-77.034
5463,6D174170,Multiple_Gunshots,2016-11-30,18:19:41,WashingtonDC6D,38.897,-76.915
5464,7D215180,Multiple_Gunshots,2016-11-30,22:59:00,WashingtonDC7D,38.819,-77.011
5465,6D174173,Multiple_Gunshots,2016-12-01,00:30:21,WashingtonDC6D,38.896,-76.941
5466,7D215184,Single_Gunshot,2016-12-01,01:04:03,WashingtonDC7D,38.85,-76.984
5467,6D174175,Multiple_Gunshots,2016-12-01,04:19:14,WashingtonDC6D,38.89,-76.965
5468,6D174176,Multiple_Gunshots,2016-12-01,08:35:32,WashingtonDC6D,38.904,-76.934
5469,6D174180,Gunshot_or_Firecracker,2016-12-01,11:39:45,WashingtonDC6D,38.884,-76.941
5470,6D174181,Multiple_Gunshots,2016-12-01,15:06:38,WashingtonDC6D,38.9,-76.919
5471,7D215194,Multiple_Gunshots,2016-12-01,16:21:16,WashingtonDC7D,38.839,-76.998
5472,6D174184,Multiple_Gunshots,2016-12-01,17:45:12,WashingtonDC6D,38.904,-76.93
5473,6D174185,Multiple_Gunshots,2016-12-01,17:45:41,WashingtonDC6D,38.904,-76.931
5474,5D69566,Multiple_Gunshots,2016-12-01,19:27:58,WashingtonDC5D,38.912,-76.985
5475,1D84378,Single_Gunshot,2016-12-02,00:32:26,WashingtonDC1D,38.89,-76.99
5476,5D69568,Multiple_Gunshots,2016-12-02,01:14:18,WashingtonDC5D,38.922,-76.976
5477,6D174191,Single_Gunshot,2016-12-02,04:35:28,WashingtonDC6D,38.886,-76.959
5478,5D69569,Single_Gunshot,2016-12-02,05:03:16,WashingtonDC5D,38.9,-76.979
5479,7D215206,Single_Gunshot,2016-12-02,17:08:15,WashingtonDC7D,38.832,-76.993
5480,7D215210,Multiple_Gunshots,2016-12-02,19:55:01,WashingtonDC7D,38.827,-76.997
5481,7D215211,Multiple_Gunshots,2016-12-02,21:25:37,WashingtonDC7D,38.826,-76.998
5482,7D215212,Multiple_Gunshots,2016-12-02,22:34:56,WashingtonDC7D,38.856,-76.969
5483,7D215213,Single_Gunshot,2016-12-02,23:14:20,WashingtonDC7D,38.864,-76.981
5484,7D215215,Multiple_Gunshots,2016-12-03,00:28:13,WashingtonDC7D,38.841,-76.99
5485,7D215216,Multiple_Gunshots,2016-12-03,00:28:21,WashingtonDC7D,38.839,-76.988
5486,7D215217,Multiple_Gunshots,2016-12-03,00:28:22,WashingtonDC7D,38.841,-76.99
5487,7D215218,Multiple_Gunshots,2016-12-03,00:28:25,WashingtonDC7D,38.84,-76.989
5488,7D215219,Multiple_Gunshots,2016-12-03,00:30:13,WashingtonDC7D,38.841,-76.99
5489,7D215220,Multiple_Gunshots,2016-12-03,00:33:38,WashingtonDC7D,38.852,-76.965
5490,6D174205,Multiple_Gunshots,2016-12-03,00:55:48,WashingtonDC6D,38.895,-76.921
5491,7D215222,Single_Gunshot,2016-12-03,01:14:41,WashingtonDC7D,38.857,-76.974
5492,6D174206,Multiple_Gunshots,2016-12-03,01:28:38,WashingtonDC6D,38.877,-76.969
5493,7D215224,Single_Gunshot,2016-12-03,02:15:51,WashingtonDC7D,38.84,-76.994
5494,7D215225,Single_Gunshot,2016-12-03,02:35:31,WashingtonDC7D,38.842,-76.994
5495,6D174207,Multiple_Gunshots,2016-12-03,03:27:17,WashingtonDC6D,38.881,-76.922
5496,7D215226,Multiple_Gunshots,2016-12-03,03:41:48,WashingtonDC7D,38.863,-76.988
5497,6D174208,Multiple_Gunshots,2016-12-03,03:49:21,WashingtonDC6D,38.884,-76.925
5498,7D215230,Gunshot_or_Firecracker,2016-12-03,07:47:13,WashingtonDC7D,38.857,-76.974
5499,7D215238,Gunshot_or_Firecracker,2016-12-03,15:37:15,WashingtonDC7D,38.854,-76.972
5500,7D215247,Single_Gunshot,2016-12-03,20:52:17,WashingtonDC7D,38.853,-76.969
5501,7D215248,Multiple_Gunshots,2016-12-03,22:12:03,WashingtonDC7D,38.864,-76.981
5502,6D174212,Multiple_Gunshots,2016-12-03,23:48:37,WashingtonDC6D,38.887,-76.951
5503,6D174214,Single_Gunshot,2016-12-03,23:51:49,WashingtonDC6D,38.887,-76.951
5504,7D215250,Multiple_Gunshots,2016-12-04,00:16:45,WashingtonDC7D,38.854,-76.972
5505,6D174215,Single_Gunshot,2016-12-04,01:11:21,WashingtonDC6D,38.885,-76.956
5506,7D215252,Single_Gunshot,2016-12-04,03:22:34,WashingtonDC7D,38.835,-76.989
5507,6D174216,Multiple_Gunshots,2016-12-04,03:33:18,WashingtonDC6D,38.889,-76.921
5508,7D215253,Multiple_Gunshots,2016-12-04,04:03:24,WashingtonDC7D,38.827,-77.005
5509,6D174217,Single_Gunshot,2016-12-04,07:02:01,WashingtonDC6D,38.881,-76.957
5510,5D69580,Multiple_Gunshots,2016-12-04,10:50:59,WashingtonDC5D,38.925,-76.986
5511,7D215256,Gunshot_or_Firecracker,2016-12-04,17:26:47,WashingtonDC7D,38.849,-76.958
5512,7D215259,Multiple_Gunshots,2016-12-04,17:29:20,WashingtonDC7D,38.848,-76.957
5513,6D174223,Single_Gunshot,2016-12-04,17:55:44,WashingtonDC6D,38.899,-76.916
5514,6D174224,Multiple_Gunshots,2016-12-04,21:39:45,WashingtonDC6D,38.886,-76.934
5515,6D174226,Multiple_Gunshots,2016-12-04,21:51:56,WashingtonDC6D,38.894,-76.919
5516,7D215264,Single_Gunshot,2016-12-05,00:31:42,WashingtonDC7D,38.846,-76.971
5517,6D174228,Multiple_Gunshots,2016-12-05,04:38:25,WashingtonDC6D,38.89,-76.956
5518,7D215270,Single_Gunshot,2016-12-05,12:11:54,WashingtonDC7D,38.863,-76.989
5519,7D215274,Gunshot_or_Firecracker,2016-12-05,14:11:39,WashingtonDC7D,38.847,-77.009
5520,7D215277,Multiple_Gunshots,2016-12-05,15:33:14,WashingtonDC7D,38.849,-76.98
5521,7D215280,Multiple_Gunshots,2016-12-05,16:22:59,WashingtonDC7D,38.843,-76.993
5522,7D215282,Multiple_Gunshots,2016-12-05,18:24:39,WashingtonDC7D,38.838,-76.994
5523,7D215283,Multiple_Gunshots,2016-12-05,18:24:44,WashingtonDC7D,38.837,-76.998
5524,7D215284,Multiple_Gunshots,2016-12-05,18:24:47,WashingtonDC7D,38.838,-76.997
5525,7D215285,Multiple_Gunshots,2016-12-05,18:24:49,WashingtonDC7D,38.838,-76.996
5526,7D215286,Multiple_Gunshots,2016-12-05,18:40:46,WashingtonDC7D,38.847,-76.983
5527,6D174247,Multiple_Gunshots,2016-12-05,19:14:04,WashingtonDC6D,38.907,-76.951
5528,6D174249,Multiple_Gunshots,2016-12-05,20:28:05,WashingtonDC6D,38.887,-76.953
5529,4D57906,Multiple_Gunshots,2016-12-05,21:13:52,WashingtonDC4D,38.944,-77.011
5530,7D215289,Multiple_Gunshots,2016-12-05,21:59:37,WashingtonDC7D,38.853,-76.966
5531,7D215290,Gunshot_or_Firecracker,2016-12-05,22:42:18,WashingtonDC7D,38.837,-76.97
5532,6D174256,Multiple_Gunshots,2016-12-06,00:23:36,WashingtonDC6D,38.889,-76.922
5533,6D174258,Single_Gunshot,2016-12-06,00:39:28,WashingtonDC6D,38.878,-76.949
5534,4D57907,Multiple_Gunshots,2016-12-06,12:30:42,WashingtonDC4D,38.943,-77.012
5535,7D215298,Gunshot_or_Firecracker,2016-12-06,18:38:11,WashingtonDC7D,38.857,-76.974
5536,7D215299,Multiple_Gunshots,2016-12-06,20:11:56,WashingtonDC7D,38.83,-76.996
5537,6D174269,Multiple_Gunshots,2016-12-06,20:34:47,WashingtonDC6D,38.901,-76.93
5538,6D174270,Gunshot_or_Firecracker,2016-12-06,20:34:50,WashingtonDC6D,38.895,-76.927
5539,1D84483,Single_Gunshot,2016-12-06,23:01:13,WashingtonDC1D,38.875,-77.012
5540,7D215300,Multiple_Gunshots,2016-12-06,23:01:21,WashingtonDC7D,38.862,-76.982
5541,7D215301,Multiple_Gunshots,2016-12-06,23:18:55,WashingtonDC7D,38.831,-77.0
5542,7D215304,Gunshot_or_Firecracker,2016-12-07,00:24:38,WashingtonDC7D,38.845,-76.997
5543,7D215305,Multiple_Gunshots,2016-12-07,00:25:36,WashingtonDC7D,38.854,-76.992
5544,6D174273,Multiple_Gunshots,2016-12-07,00:40:58,WashingtonDC6D,38.911,-76.936
5545,6D174277,Single_Gunshot,2016-12-07,04:36:39,WashingtonDC6D,38.886,-76.93
5546,7D215322,Multiple_Gunshots,2016-12-07,17:05:11,WashingtonDC7D,38.864,-76.983
5547,6D174281,Multiple_Gunshots,2016-12-07,17:05:12,WashingtonDC6D,38.863,-76.983
5548,6D174283,Multiple_Gunshots,2016-12-07,18:54:16,WashingtonDC6D,38.881,-76.929
5549,7D215327,Multiple_Gunshots,2016-12-07,20:21:13,WashingtonDC7D,38.857,-76.974
5550,6D174284,Single_Gunshot,2016-12-07,20:45:58,WashingtonDC6D,38.896,-76.922
5551,6D174287,Multiple_Gunshots,2016-12-07,23:18:40,WashingtonDC6D,38.908,-76.93
5552,6D174288,Multiple_Gunshots,2016-12-08,01:47:33,WashingtonDC6D,38.875,-76.932
5553,5D69607,Multiple_Gunshots,2016-12-08,02:11:12,WashingtonDC5D,38.919,-77.018
5554,3D61472,Multiple_Gunshots,2016-12-08,02:11:12,WashingtonDC3D,38.919,-77.019
5555,6D174305,Gunshot_or_Firecracker,2016-12-08,11:08:54,WashingtonDC6D,38.89,-76.949
5556,6D174307,Gunshot_or_Firecracker,2016-12-08,11:09:45,WashingtonDC6D,38.89,-76.959
5557,7D215351,Single_Gunshot,2016-12-08,16:04:42,WashingtonDC7D,38.831,-77.0
5558,6D174314,Single_Gunshot,2016-12-08,18:23:42,WashingtonDC6D,38.898,-76.935
5559,7D215353,Multiple_Gunshots,2016-12-08,20:10:37,WashingtonDC7D,38.862,-76.962
5560,6D174318,Multiple_Gunshots,2016-12-08,22:45:25,WashingtonDC6D,38.904,-76.918
5561,7D215358,Multiple_Gunshots,2016-12-08,23:30:30,WashingtonDC7D,38.85,-76.979
5562,7D215359,Single_Gunshot,2016-12-08,23:46:34,WashingtonDC7D,38.865,-76.981
5563,6D174319,Multiple_Gunshots,2016-12-08,23:59:07,WashingtonDC6D,38.884,-76.945
5564,7D215370,Gunshot_or_Firecracker,2016-12-09,15:19:44,WashingtonDC7D,38.846,-77.009
5565,7D215371,Single_Gunshot,2016-12-09,19:32:22,WashingtonDC7D,38.84,-76.997
5566,5D69622,Multiple_Gunshots,2016-12-09,19:59:55,WashingtonDC5D,38.924,-76.996
5567,1D84494,Multiple_Gunshots,2016-12-09,23:04:25,WashingtonDC1D,38.878,-77.015
5568,7D215376,Single_Gunshot,2016-12-10,01:27:12,WashingtonDC7D,38.845,-77.003
5569,6D174331,Multiple_Gunshots,2016-12-10,03:08:51,WashingtonDC6D,38.897,-76.926
5570,7D215378,Multiple_Gunshots,2016-12-10,03:09:06,WashingtonDC7D,38.863,-76.997
5571,7D215380,Multiple_Gunshots,2016-12-10,03:09:22,WashingtonDC7D,38.864,-76.995
5572,6D174333,Multiple_Gunshots,2016-12-10,03:49:26,WashingtonDC6D,38.877,-76.968
5573,6D174334,Multiple_Gunshots,2016-12-10,04:42:19,WashingtonDC6D,38.874,-76.967
5574,7D215391,Single_Gunshot,2016-12-10,17:25:25,WashingtonDC7D,38.864,-76.987
5575,6D174344,Multiple_Gunshots,2016-12-10,18:28:23,WashingtonDC6D,38.885,-76.936
5576,7D215392,Multiple_Gunshots,2016-12-10,19:06:36,WashingtonDC7D,38.85,-76.973
5577,7D215393,Multiple_Gunshots,2016-12-10,19:06:43,WashingtonDC7D,38.85,-76.973
5578,5D69624,Multiple_Gunshots,2016-12-10,19:57:48,WashingtonDC5D,38.941,-76.974
5579,6D174345,Multiple_Gunshots,2016-12-10,20:44:39,WashingtonDC6D,38.91,-76.926
5580,3D61485,Multiple_Gunshots,2016-12-10,20:53:47,WashingtonDC3D,38.928,-77.03
5581,7D215396,Single_Gunshot,2016-12-11,02:09:36,WashingtonDC7D,38.846,-76.973
5582,5D69628,Multiple_Gunshots,2016-12-11,02:49:45,WashingtonDC5D,38.919,-77.017
5583,3D61486,Multiple_Gunshots,2016-12-11,02:49:45,WashingtonDC3D,38.919,-77.017
5584,6D174347,Multiple_Gunshots,2016-12-11,16:43:14,WashingtonDC6D,38.91,-76.937
5585,7D215406,Multiple_Gunshots,2016-12-11,16:54:09,WashingtonDC7D,38.848,-76.974
5586,6D174348,Single_Gunshot,2016-12-11,17:08:37,WashingtonDC6D,38.884,-76.929
5587,6D174349,Single_Gunshot,2016-12-11,17:27:08,WashingtonDC6D,38.904,-76.938
5588,7D215407,Single_Gunshot,2016-12-11,19:55:06,WashingtonDC7D,38.827,-76.999
5589,7D215410,Single_Gunshot,2016-12-11,20:50:36,WashingtonDC7D,38.842,-77.002
5590,7D215411,Single_Gunshot,2016-12-11,21:22:38,WashingtonDC7D,38.85,-76.97
5591,7D215412,Single_Gunshot,2016-12-11,22:17:45,WashingtonDC7D,38.823,-77.006
5592,7D215413,Single_Gunshot,2016-12-11,23:47:48,WashingtonDC7D,38.827,-76.998
5593,3D61489,Multiple_Gunshots,2016-12-12,02:22:05,WashingtonDC3D,38.905,-77.03
5594,7D215423,Multiple_Gunshots,2016-12-12,16:22:22,WashingtonDC7D,38.838,-76.994
5595,3D61494,Multiple_Gunshots,2016-12-12,17:27:48,WashingtonDC3D,38.904,-77.011
5596,7D215424,Single_Gunshot,2016-12-12,18:02:49,WashingtonDC7D,38.844,-76.999
5597,6D174351,Single_Gunshot,2016-12-12,18:23:50,WashingtonDC6D,38.868,-76.984
5598,6D174355,Single_Gunshot,2016-12-12,19:47:44,WashingtonDC6D,38.888,-76.927
5599,6D174359,Multiple_Gunshots,2016-12-12,19:55:38,WashingtonDC6D,38.886,-76.955
5600,5D69639,Multiple_Gunshots,2016-12-12,21:36:34,WashingtonDC5D,38.907,-77.009
5601,7D215428,Single_Gunshot,2016-12-12,22:22:26,WashingtonDC7D,38.843,-76.984
5602,7D215429,Single_Gunshot,2016-12-12,23:02:28,WashingtonDC7D,38.835,-77.006
5603,7D215430,Gunshot_or_Firecracker,2016-12-12,23:47:30,WashingtonDC7D,38.826,-77.008
5604,6D174360,Multiple_Gunshots,2016-12-13,00:02:08,WashingtonDC6D,38.905,-76.934
5605,6D174361,Multiple_Gunshots,2016-12-13,00:02:25,WashingtonDC6D,38.904,-76.934
5606,7D215431,Single_Gunshot,2016-12-13,00:34:10,WashingtonDC7D,38.846,-76.999
5607,6D174363,Gunshot_or_Firecracker,2016-12-13,03:49:12,WashingtonDC6D,38.886,-76.96
5608,7D215449,Single_Gunshot,2016-12-13,23:00:19,WashingtonDC7D,38.858,-76.988
5609,6D174385,Multiple_Gunshots,2016-12-13,23:22:49,WashingtonDC6D,38.886,-76.957
5610,7D215453,Single_Gunshot,2016-12-14,06:13:09,WashingtonDC7D,38.845,-76.977
5611,6D174397,Multiple_Gunshots,2016-12-14,19:27:34,WashingtonDC6D,38.897,-76.932
5612,5D69662,Multiple_Gunshots,2016-12-14,23:19:37,WashingtonDC5D,38.899,-76.98
5613,6D174403,Single_Gunshot,2016-12-15,00:17:51,WashingtonDC6D,38.911,-76.937
5614,5D69663,Multiple_Gunshots,2016-12-15,00:31:32,WashingtonDC5D,38.91,-76.987
5615,6D174404,Multiple_Gunshots,2016-12-15,00:50:01,WashingtonDC6D,38.903,-76.943
5616,7D215471,Single_Gunshot,2016-12-15,02:52:37,WashingtonDC7D,38.868,-76.974
5617,7D215472,Single_Gunshot,2016-12-15,02:58:41,WashingtonDC7D,38.869,-76.975
5618,1D84523,Multiple_Gunshots,2016-12-15,21:57:36,WashingtonDC1D,38.874,-77.011
5619,7D215476,Single_Gunshot,2016-12-16,01:01:10,WashingtonDC7D,38.854,-76.978
5620,5D69668,Multiple_Gunshots,2016-12-16,03:51:13,WashingtonDC5D,38.905,-76.99
5621,6D174422,Multiple_Gunshots,2016-12-16,19:23:32,WashingtonDC6D,38.895,-76.93
5622,7D215485,Single_Gunshot,2016-12-16,22:44:36,WashingtonDC7D,38.842,-76.993
5623,6D174424,Single_Gunshot,2016-12-17,01:32:15,WashingtonDC6D,38.89,-76.956
5624,7D215486,Multiple_Gunshots,2016-12-17,02:30:21,WashingtonDC7D,38.851,-76.971
5625,7D215487,Single_Gunshot,2016-12-17,02:33:53,WashingtonDC7D,38.851,-76.971
5626,7D215488,Single_Gunshot,2016-12-17,02:34:02,WashingtonDC7D,38.85,-76.973
5627,7D215489,Multiple_Gunshots,2016-12-17,02:52:06,WashingtonDC7D,38.851,-76.971
5628,7D215490,Multiple_Gunshots,2016-12-17,04:06:01,WashingtonDC7D,38.842,-77.002
5629,7D215491,Multiple_Gunshots,2016-12-17,04:37:28,WashingtonDC7D,38.866,-76.97
5630,6D174425,Multiple_Gunshots,2016-12-17,04:37:29,WashingtonDC6D,38.867,-76.97
5631,7D215492,Single_Gunshot,2016-12-17,05:04:39,WashingtonDC7D,38.844,-76.985
5632,7D215493,Multiple_Gunshots,2016-12-17,05:31:50,WashingtonDC7D,38.824,-76.987
5633,6D174426,Single_Gunshot,2016-12-17,05:59:56,WashingtonDC6D,38.884,-76.941
5634,6D174427,Multiple_Gunshots,2016-12-17,06:00:16,WashingtonDC6D,38.882,-76.943
5635,6D174429,Single_Gunshot,2016-12-17,18:06:14,WashingtonDC6D,38.892,-76.944
5636,6D174431,Multiple_Gunshots,2016-12-17,19:54:20,WashingtonDC6D,38.87,-76.981
5637,7D215497,Multiple_Gunshots,2016-12-17,19:54:23,WashingtonDC7D,38.866,-76.982
5638,6D174432,Multiple_Gunshots,2016-12-17,19:54:26,WashingtonDC6D,38.87,-76.971
5639,7D215498,Multiple_Gunshots,2016-12-17,19:54:27,WashingtonDC7D,38.869,-76.98
5640,6D174433,Multiple_Gunshots,2016-12-17,19:54:34,WashingtonDC6D,38.869,-76.982
5641,7D215499,Single_Gunshot,2016-12-17,19:54:49,WashingtonDC7D,38.869,-76.981
5642,6D174434,Multiple_Gunshots,2016-12-17,21:09:38,WashingtonDC6D,38.884,-76.959
5643,7D215500,Multiple_Gunshots,2016-12-17,22:05:53,WashingtonDC7D,38.833,-76.994
5644,7D215517,Multiple_Gunshots,2016-12-17,22:20:11,WashingtonDC7D,38.83,-76.995
5645,6D174435,Multiple_Gunshots,2016-12-17,23:30:29,WashingtonDC6D,38.892,-76.941
5646,7D215527,Multiple_Gunshots,2016-12-18,00:10:22,WashingtonDC7D,38.85,-76.972
5647,5D69678,Multiple_Gunshots,2016-12-18,01:02:15,WashingtonDC5D,38.921,-76.981
5648,6D174436,Multiple_Gunshots,2016-12-18,01:26:01,WashingtonDC6D,38.882,-76.925
5649,7D215528,Single_Gunshot,2016-12-18,01:31:37,WashingtonDC7D,38.825,-77.003
5650,7D215529,Multiple_Gunshots,2016-12-18,01:52:33,WashingtonDC7D,38.837,-77.004
5651,7D215530,Single_Gunshot,2016-12-18,01:56:31,WashingtonDC7D,38.842,-77.002
5652,7D215531,Multiple_Gunshots,2016-12-18,02:38:00,WashingtonDC7D,38.835,-76.998
5653,5D69679,Multiple_Gunshots,2016-12-18,03:31:53,WashingtonDC5D,38.922,-76.964
5654,6D174438,Multiple_Gunshots,2016-12-18,03:35:21,WashingtonDC6D,38.882,-76.919
5655,6D174439,Single_Gunshot,2016-12-18,03:38:50,WashingtonDC6D,38.875,-76.967
5656,6D174440,Single_Gunshot,2016-12-18,03:39:43,WashingtonDC6D,38.873,-76.972
5657,4D57964,Single_Gunshot,2016-12-18,06:28:22,WashingtonDC4D,38.95,-77.014
5658,6D174444,Multiple_Gunshots,2016-12-18,12:42:49,WashingtonDC6D,38.894,-76.929
5659,7D215534,Multiple_Gunshots,2016-12-18,16:42:42,WashingtonDC7D,38.831,-77.0
5660,7D215535,Gunshot_or_Firecracker,2016-12-18,16:44:05,WashingtonDC7D,38.846,-76.978
5661,6D174446,Single_Gunshot,2016-12-18,17:58:35,WashingtonDC6D,38.892,-76.949
5662,6D174447,Multiple_Gunshots,2016-12-18,19:20:23,WashingtonDC6D,38.894,-76.924
5663,6D174448,Multiple_Gunshots,2016-12-18,19:20:26,WashingtonDC6D,38.894,-76.92
5664,6D174449,Multiple_Gunshots,2016-12-18,19:20:28,WashingtonDC6D,38.893,-76.924
5665,6D174450,Multiple_Gunshots,2016-12-18,21:02:19,WashingtonDC6D,38.91,-76.936
5666,7D215543,Multiple_Gunshots,2016-12-18,21:42:27,WashingtonDC7D,38.846,-76.974
5667,7D215544,Multiple_Gunshots,2016-12-18,21:43:45,WashingtonDC7D,38.844,-76.976
5668,4D57968,Multiple_Gunshots,2016-12-19,00:25:13,WashingtonDC4D,38.959,-77.014
5669,7D215545,Multiple_Gunshots,2016-12-19,01:30:31,WashingtonDC7D,38.85,-76.963
5670,6D174461,Single_Gunshot,2016-12-19,03:05:02,WashingtonDC6D,38.876,-76.986
5671,7D215551,Single_Gunshot,2016-12-19,04:39:04,WashingtonDC7D,38.856,-76.97
5672,6D174470,Multiple_Gunshots,2016-12-19,13:29:49,WashingtonDC6D,38.889,-76.921
5673,5D69697,Single_Gunshot,2016-12-19,19:01:56,WashingtonDC5D,38.905,-76.991
5674,5D69700,Single_Gunshot,2016-12-19,21:32:38,WashingtonDC5D,38.907,-76.981
5675,5D69701,Multiple_Gunshots,2016-12-19,21:32:45,WashingtonDC5D,38.905,-76.98
5676,1D84531,Multiple_Gunshots,2016-12-19,21:32:45,WashingtonDC1D,38.9,-76.985
5677,6D174474,Multiple_Gunshots,2016-12-19,21:58:29,WashingtonDC6D,38.906,-76.923
5678,4D57982,Single_Gunshot,2016-12-19,22:15:41,WashingtonDC4D,38.94,-77.02
5679,6D174475,Multiple_Gunshots,2016-12-20,01:02:24,WashingtonDC6D,38.88,-76.948
5680,7D215558,Single_Gunshot,2016-12-20,01:41:52,WashingtonDC7D,38.831,-77.006
5681,7D215559,Multiple_Gunshots,2016-12-20,02:23:23,WashingtonDC7D,38.827,-77.006
5682,7D215560,Multiple_Gunshots,2016-12-20,06:38:11,WashingtonDC7D,38.835,-76.987
5683,7D215570,Multiple_Gunshots,2016-12-20,13:19:33,WashingtonDC7D,38.863,-76.981
5684,6D174484,Single_Gunshot,2016-12-20,18:32:18,WashingtonDC6D,38.895,-76.931
5685,4D57988,Single_Gunshot,2016-12-20,20:27:21,WashingtonDC4D,38.951,-77.023
5686,7D215574,Gunshot_or_Firecracker,2016-12-20,21:35:35,WashingtonDC7D,38.828,-76.995
5687,6D174487,Multiple_Gunshots,2016-12-20,22:15:13,WashingtonDC6D,38.88,-76.925
5688,7D215575,Multiple_Gunshots,2016-12-20,23:16:27,WashingtonDC7D,38.827,-76.988
5689,6D174490,Gunshot_or_Firecracker,2016-12-21,02:13:09,WashingtonDC6D,38.896,-76.92
5690,6D174493,Multiple_Gunshots,2016-12-21,02:31:55,WashingtonDC6D,38.911,-76.935
5691,6D174494,Single_Gunshot,2016-12-21,05:01:04,WashingtonDC6D,38.879,-76.93
5692,7D215588,Multiple_Gunshots,2016-12-21,19:32:58,WashingtonDC7D,38.846,-76.977
5693,7D215590,Multiple_Gunshots,2016-12-21,20:28:05,WashingtonDC7D,38.824,-77.005
5694,6D174501,Multiple_Gunshots,2016-12-21,22:29:17,WashingtonDC6D,38.886,-76.925
5695,7D215592,Multiple_Gunshots,2016-12-21,22:35:21,WashingtonDC7D,38.859,-76.993
5696,7D215593,Multiple_Gunshots,2016-12-21,22:35:34,WashingtonDC7D,38.859,-76.992
5697,7D215594,Multiple_Gunshots,2016-12-21,23:30:14,WashingtonDC7D,38.864,-76.974
5698,7D215595,Multiple_Gunshots,2016-12-21,23:43:30,WashingtonDC7D,38.846,-76.998
5699,7D215596,Single_Gunshot,2016-12-22,01:09:27,WashingtonDC7D,38.846,-76.971
5700,6D174503,Multiple_Gunshots,2016-12-22,06:59:43,WashingtonDC6D,38.895,-76.94
5701,3D61535,Multiple_Gunshots,2016-12-22,12:55:52,WashingtonDC3D,38.925,-77.023
5702,6D174511,Multiple_Gunshots,2016-12-22,17:30:32,WashingtonDC6D,38.895,-76.929
5703,7D215625,Multiple_Gunshots,2016-12-22,20:20:23,WashingtonDC7D,38.861,-76.984
5704,7D215629,Single_Gunshot,2016-12-22,21:28:05,WashingtonDC7D,38.857,-76.974
5705,7D215630,Multiple_Gunshots,2016-12-22,21:29:14,WashingtonDC7D,38.858,-76.974
5706,7D215631,Single_Gunshot,2016-12-22,21:50:26,WashingtonDC7D,38.82,-77.009
5707,7D215633,Multiple_Gunshots,2016-12-22,23:19:54,WashingtonDC7D,38.843,-76.979
5708,7D215634,Multiple_Gunshots,2016-12-22,23:32:22,WashingtonDC7D,38.848,-77.002
5709,6D174513,Single_Gunshot,2016-12-23,01:44:39,WashingtonDC6D,38.881,-76.934
5710,7D215635,Multiple_Gunshots,2016-12-23,01:50:50,WashingtonDC7D,38.844,-76.972
5711,6D174515,Single_Gunshot,2016-12-23,04:30:15,WashingtonDC6D,38.891,-76.957
5712,6D174519,Multiple_Gunshots,2016-12-23,10:53:00,WashingtonDC6D,38.906,-76.95
5713,7D215645,Multiple_Gunshots,2016-12-23,13:22:46,WashingtonDC7D,38.834,-76.99
5714,7D215647,Multiple_Gunshots,2016-12-23,18:08:41,WashingtonDC7D,38.863,-76.994
5715,5D69768,Multiple_Gunshots,2016-12-23,19:01:15,WashingtonDC5D,38.905,-76.982
5716,6D174532,Multiple_Gunshots,2016-12-23,20:59:34,WashingtonDC6D,38.865,-76.969
5717,6D174533,Multiple_Gunshots,2016-12-23,21:01:20,WashingtonDC6D,38.893,-76.928
5718,7D215656,Multiple_Gunshots,2016-12-23,21:32:36,WashingtonDC7D,38.864,-76.987
5719,6D174534,Multiple_Gunshots,2016-12-23,21:32:37,WashingtonDC6D,38.865,-76.986
5720,6D174535,Multiple_Gunshots,2016-12-23,21:32:45,WashingtonDC6D,38.875,-76.955
5721,7D215658,Multiple_Gunshots,2016-12-23,21:38:17,WashingtonDC7D,38.838,-76.998
5722,7D215659,Multiple_Gunshots,2016-12-23,21:38:29,WashingtonDC7D,38.838,-76.998
5723,7D215660,Single_Gunshot,2016-12-23,21:45:16,WashingtonDC7D,38.848,-76.962
5724,7D215662,Multiple_Gunshots,2016-12-24,01:22:12,WashingtonDC7D,38.824,-76.998
5725,7D215663,Multiple_Gunshots,2016-12-24,01:22:30,WashingtonDC7D,38.834,-76.996
5726,7D215664,Single_Gunshot,2016-12-24,01:49:02,WashingtonDC7D,38.862,-76.984
5727,6D174539,Multiple_Gunshots,2016-12-24,02:42:54,WashingtonDC6D,38.886,-76.948
5728,3D61542,Multiple_Gunshots,2016-12-24,02:45:04,WashingtonDC3D,38.933,-77.028
5729,4D57998,Multiple_Gunshots,2016-12-24,02:50:07,WashingtonDC4D,38.934,-77.022
5730,5D69770,Multiple_Gunshots,2016-12-24,04:34:22,WashingtonDC5D,38.907,-76.987
5731,7D215668,Multiple_Gunshots,2016-12-24,11:43:17,WashingtonDC7D,38.839,-76.994
5732,7D215671,Multiple_Gunshots,2016-12-24,17:37:06,WashingtonDC7D,38.844,-76.987
5733,7D215672,Multiple_Gunshots,2016-12-24,17:40:10,WashingtonDC7D,38.845,-77.0
5734,7D215674,Multiple_Gunshots,2016-12-24,19:04:15,WashingtonDC7D,38.851,-76.966
5735,4D58003,Multiple_Gunshots,2016-12-24,20:11:46,WashingtonDC4D,38.944,-77.027
5736,3D61547,Multiple_Gunshots,2016-12-24,20:11:49,WashingtonDC3D,38.942,-77.026
5737,4D58005,Multiple_Gunshots,2016-12-24,21:24:58,WashingtonDC4D,38.964,-77.017
5738,6D174547,Single_Gunshot,2016-12-24,21:36:25,WashingtonDC6D,38.894,-76.925
5739,7D215678,Multiple_Gunshots,2016-12-24,21:40:57,WashingtonDC7D,38.846,-76.977
5740,4D58020,Single_Gunshot,2016-12-24,22:17:24,WashingtonDC4D,38.959,-77.018
5741,6D174548,Multiple_Gunshots,2016-12-24,22:19:26,WashingtonDC6D,38.908,-76.928
5742,6D174551,Multiple_Gunshots,2016-12-25,00:17:56,WashingtonDC6D,38.885,-76.93
5743,6D174556,Multiple_Gunshots,2016-12-25,01:23:51,WashingtonDC6D,38.871,-76.976
5744,7D215681,Multiple_Gunshots,2016-12-25,02:47:38,WashingtonDC7D,38.854,-76.98
5745,7D215682,Multiple_Gunshots,2016-12-25,02:47:48,WashingtonDC7D,38.84,-76.992
5746,5D69779,Multiple_Gunshots,2016-12-25,03:51:34,WashingtonDC5D,38.904,-76.982
5747,1D84550,Multiple_Gunshots,2016-12-25,03:51:35,WashingtonDC1D,38.904,-76.982
5748,3D61551,Single_Gunshot,2016-12-25,07:04:28,WashingtonDC3D,38.927,-77.022
5749,5D69782,Gunshot_or_Firecracker,2016-12-25,07:14:29,WashingtonDC5D,38.93,-76.959
5750,7D215685,Multiple_Gunshots,2016-12-25,13:06:22,WashingtonDC7D,38.835,-76.989
5751,7D215688,Gunshot_or_Firecracker,2016-12-25,14:28:46,WashingtonDC7D,38.828,-76.998
5752,7D215695,Multiple_Gunshots,2016-12-25,15:20:12,WashingtonDC7D,38.834,-76.995
5753,7D215696,Multiple_Gunshots,2016-12-25,15:20:54,WashingtonDC7D,38.834,-76.995
5754,7D215709,Multiple_Gunshots,2016-12-25,18:07:01,WashingtonDC7D,38.815,-77.0
5755,7D215710,Single_Gunshot,2016-12-25,19:22:28,WashingtonDC7D,38.84,-76.997
5756,6D174568,Single_Gunshot,2016-12-25,20:13:28,WashingtonDC6D,38.893,-76.951
5757,6D174570,Single_Gunshot,2016-12-25,21:20:05,WashingtonDC6D,38.908,-76.927
5758,6D174580,Single_Gunshot,2016-12-25,22:19:29,WashingtonDC6D,38.882,-76.935
5759,5D69793,Multiple_Gunshots,2016-12-25,23:35:34,WashingtonDC5D,38.902,-76.974
5760,1D84552,Multiple_Gunshots,2016-12-25,23:35:35,WashingtonDC1D,38.902,-76.974
5761,4D58028,Multiple_Gunshots,2016-12-25,23:46:25,WashingtonDC4D,38.959,-77.018
5762,7D215713,Single_Gunshot,2016-12-26,00:04:40,WashingtonDC7D,38.843,-76.992
5763,7D215714,Multiple_Gunshots,2016-12-26,00:53:17,WashingtonDC7D,38.871,-76.975
5764,7D215715,Multiple_Gunshots,2016-12-26,00:56:17,WashingtonDC7D,38.878,-76.984
5765,6D174583,Multiple_Gunshots,2016-12-26,00:56:17,WashingtonDC6D,38.878,-76.984
5766,6D174584,Single_Gunshot,2016-12-26,01:04:53,WashingtonDC6D,38.911,-76.938
5767,6D174587,Gunshot_or_Firecracker,2016-12-26,01:35:09,WashingtonDC6D,38.911,-76.936
5768,6D174588,Multiple_Gunshots,2016-12-26,01:49:11,WashingtonDC6D,38.911,-76.938
5769,6D174589,Single_Gunshot,2016-12-26,01:58:20,WashingtonDC6D,38.887,-76.935
5770,7D215716,Single_Gunshot,2016-12-26,02:05:39,WashingtonDC7D,38.865,-76.98
5771,6D174590,Multiple_Gunshots,2016-12-26,02:08:54,WashingtonDC6D,38.887,-76.95
5772,6D174591,Multiple_Gunshots,2016-12-26,02:42:47,WashingtonDC6D,38.916,-76.923
5773,6D174596,Gunshot_or_Firecracker,2016-12-26,18:41:29,WashingtonDC6D,38.898,-76.94
5774,6D174598,Multiple_Gunshots,2016-12-26,19:11:22,WashingtonDC6D,38.887,-76.954
5775,6D174599,Multiple_Gunshots,2016-12-26,19:11:27,WashingtonDC6D,38.887,-76.953
5776,7D215722,Single_Gunshot,2016-12-26,19:29:00,WashingtonDC7D,38.822,-77.009
5777,4D58030,Multiple_Gunshots,2016-12-26,19:35:12,WashingtonDC4D,38.956,-77.023
5778,6D174600,Multiple_Gunshots,2016-12-26,20:04:37,WashingtonDC6D,38.867,-76.944
5779,5D69809,Gunshot_or_Firecracker,2016-12-26,21:37:28,WashingtonDC5D,38.893,-76.994
5780,5D69810,Single_Gunshot,2016-12-26,21:46:46,WashingtonDC5D,38.908,-76.988
5781,6D174607,Single_Gunshot,2016-12-26,22:57:48,WashingtonDC6D,38.868,-76.95
5782,5D69811,Multiple_Gunshots,2016-12-26,23:23:11,WashingtonDC5D,38.927,-76.976
5783,5D69812,Multiple_Gunshots,2016-12-26,23:37:20,WashingtonDC5D,38.92,-76.975
5784,6D174609,Multiple_Gunshots,2016-12-27,00:58:19,WashingtonDC6D,38.878,-76.949
5785,5D69813,Multiple_Gunshots,2016-12-27,01:07:16,WashingtonDC5D,38.899,-76.982
5786,6D174610,Multiple_Gunshots,2016-12-27,01:13:47,WashingtonDC6D,38.874,-76.96
5787,5D69814,Multiple_Gunshots,2016-12-27,02:22:51,WashingtonDC5D,38.928,-76.976
5788,7D215736,Multiple_Gunshots,2016-12-27,13:18:48,WashingtonDC7D,38.833,-76.994
5789,7D215745,Multiple_Gunshots,2016-12-27,15:21:53,WashingtonDC7D,38.834,-76.988
5790,6D174615,Single_Gunshot,2016-12-27,19:00:46,WashingtonDC6D,38.892,-76.916
5791,6D174616,Multiple_Gunshots,2016-12-27,19:00:55,WashingtonDC6D,38.891,-76.916
5792,7D215757,Multiple_Gunshots,2016-12-27,19:56:15,WashingtonDC7D,38.844,-76.976
5793,3D61568,Multiple_Gunshots,2016-12-27,20:17:40,WashingtonDC3D,38.927,-77.024
5794,4D58037,Multiple_Gunshots,2016-12-27,22:18:37,WashingtonDC4D,38.956,-77.021
5795,7D215761,Single_Gunshot,2016-12-27,23:04:34,WashingtonDC7D,38.865,-76.984
5796,7D215762,Multiple_Gunshots,2016-12-27,23:11:36,WashingtonDC7D,38.857,-76.974
5797,7D215764,Multiple_Gunshots,2016-12-27,23:23:37,WashingtonDC7D,38.842,-76.986
5798,5D69825,Multiple_Gunshots,2016-12-27,23:39:18,WashingtonDC5D,38.927,-76.977
5799,7D215765,Multiple_Gunshots,2016-12-28,00:03:40,WashingtonDC7D,38.853,-76.981
5800,7D215766,Multiple_Gunshots,2016-12-28,00:03:50,WashingtonDC7D,38.853,-76.981
5801,6D174618,Multiple_Gunshots,2016-12-28,01:08:55,WashingtonDC6D,38.894,-76.928
5802,5D69826,Multiple_Gunshots,2016-12-28,01:58:56,WashingtonDC5D,38.92,-76.972
5803,6D174619,Single_Gunshot,2016-12-28,04:00:39,WashingtonDC6D,38.906,-76.95
5804,6D174620,Multiple_Gunshots,2016-12-28,04:00:49,WashingtonDC6D,38.906,-76.949
5805,5D69834,Single_Gunshot,2016-12-28,16:58:18,WashingtonDC5D,38.902,-76.975
5806,4D58044,Single_Gunshot,2016-12-28,17:09:07,WashingtonDC4D,38.946,-77.021
5807,6D174625,Multiple_Gunshots,2016-12-28,19:26:29,WashingtonDC6D,38.913,-76.936
5808,6D174627,Single_Gunshot,2016-12-28,22:06:05,WashingtonDC6D,38.887,-76.934
5809,5D69846,Multiple_Gunshots,2016-12-28,22:11:03,WashingtonDC5D,38.902,-76.975
5810,1D84567,Multiple_Gunshots,2016-12-28,22:11:04,WashingtonDC1D,38.902,-76.976
5811,5D69847,Single_Gunshot,2016-12-28,22:15:30,WashingtonDC5D,38.92,-76.98
5812,7D215781,Single_Gunshot,2016-12-28,22:22:46,WashingtonDC7D,38.867,-76.97
5813,6D174628,Gunshot_or_Firecracker,2016-12-28,22:22:46,WashingtonDC6D,38.867,-76.97
5814,7D215782,Multiple_Gunshots,2016-12-28,22:25:55,WashingtonDC7D,38.851,-76.963
5815,7D215784,Multiple_Gunshots,2016-12-29,00:39:14,WashingtonDC7D,38.851,-76.963
5816,7D215786,Multiple_Gunshots,2016-12-29,00:39:42,WashingtonDC7D,38.853,-76.965
5817,6D174640,Multiple_Gunshots,2016-12-29,01:28:37,WashingtonDC6D,38.881,-76.935
5818,7D215787,Single_Gunshot,2016-12-29,01:37:48,WashingtonDC7D,38.844,-76.989
5819,7D215788,Multiple_Gunshots,2016-12-29,02:00:04,WashingtonDC7D,38.851,-76.965
5820,6D174642,Single_Gunshot,2016-12-29,02:02:40,WashingtonDC6D,38.885,-76.954
5821,6D174644,Multiple_Gunshots,2016-12-29,08:36:45,WashingtonDC6D,38.87,-76.98
5822,7D215792,Single_Gunshot,2016-12-29,19:35:45,WashingtonDC7D,38.862,-76.984
5823,7D215793,Multiple_Gunshots,2016-12-29,21:07:37,WashingtonDC7D,38.832,-77.008
5824,7D215794,Single_Gunshot,2016-12-29,21:50:51,WashingtonDC7D,38.834,-76.994
5825,7D215799,Multiple_Gunshots,2016-12-29,23:32:16,WashingtonDC7D,38.836,-76.99
5826,7D215800,Single_Gunshot,2016-12-29,23:32:26,WashingtonDC7D,38.836,-76.99
5827,6D174650,Multiple_Gunshots,2016-12-29,23:44:48,WashingtonDC6D,38.886,-76.956
5828,7D215801,Multiple_Gunshots,2016-12-29,23:48:42,WashingtonDC7D,38.821,-77.01
5829,7D215803,Multiple_Gunshots,2016-12-30,00:34:35,WashingtonDC7D,38.852,-76.988
5830,7D215804,Multiple_Gunshots,2016-12-30,01:15:07,WashingtonDC7D,38.824,-77.012
5831,7D215805,Multiple_Gunshots,2016-12-30,02:04:46,WashingtonDC7D,38.854,-76.993
5832,6D174651,Multiple_Gunshots,2016-12-30,04:16:00,WashingtonDC6D,38.882,-76.942
5833,7D215806,Multiple_Gunshots,2016-12-30,07:29:17,WashingtonDC7D,38.829,-77.006
5834,6D174652,Multiple_Gunshots,2016-12-30,18:13:00,WashingtonDC6D,38.894,-76.928
5835,7D215808,Single_Gunshot,2016-12-30,20:29:52,WashingtonDC7D,38.837,-76.99
5836,7D215809,Multiple_Gunshots,2016-12-30,21:38:14,WashingtonDC7D,38.847,-76.971
5837,6D174656,Multiple_Gunshots,2016-12-31,00:58:56,WashingtonDC6D,38.894,-76.929
5838,3D61578,Multiple_Gunshots,2016-12-31,02:13:12,WashingtonDC3D,38.914,-77.02
5839,6D174657,Multiple_Gunshots,2016-12-31,03:15:01,WashingtonDC6D,38.897,-76.915
5840,7D215812,Multiple_Gunshots,2016-12-31,05:34:17,WashingtonDC7D,38.844,-76.969
5841,5D69865,Single_Gunshot,2016-12-31,17:06:55,WashingtonDC5D,38.906,-76.979
5842,6D174663,Multiple_Gunshots,2016-12-31,17:34:51,WashingtonDC6D,38.893,-76.924
5843,7D215819,Multiple_Gunshots,2016-12-31,18:24:17,WashingtonDC7D,38.83,-76.993
5844,5D69875,Single_Gunshot,2016-12-31,19:19:59,WashingtonDC5D,38.92,-76.98
5845,6D174677,Gunshot_or_Firecracker,2016-12-31,20:28:12,WashingtonDC6D,38.891,-76.909
5846,6D174684,Multiple_Gunshots,2016-12-31,21:21:35,WashingtonDC6D,38.891,-76.909
5847,6D174703,Multiple_Gunshots,2016-12-31,21:49:00,WashingtonDC6D,38.88,-76.93
5848,7D215834,Multiple_Gunshots,2016-12-31,22:47:08,WashingtonDC7D,38.857,-76.997
5849,6D174756,Multiple_Gunshots,2016-12-31,23:04:10,WashingtonDC6D,38.904,-76.925
5850,6D174760,Multiple_Gunshots,2016-12-31,23:25:53,WashingtonDC6D,38.888,-76.951
5851,7D215839,Multiple_Gunshots,2016-12-31,23:39:14,WashingtonDC7D,38.862,-76.982
5852,7D215846,Gunshot_or_Firecracker,2016-12-31,23:48:29,WashingtonDC7D,38.861,-76.972
5853,4D58109,Single_Gunshot,2016-12-31,23:51:54,WashingtonDC4D,38.951,-77.022
5854,5D69898,Multiple_Gunshots,2016-12-31,23:53:20,WashingtonDC5D,38.923,-77.003
5855,6D174814,Multiple_Gunshots,2016-12-31,23:57:25,WashingtonDC6D,38.873,-76.918
5856,4D58119,Multiple_Gunshots,2016-12-31,23:57:52,WashingtonDC4D,38.953,-77.019
5857,7D215859,Multiple_Gunshots,2016-12-31,23:57:55,WashingtonDC7D,38.856,-76.968
5858,4D58120,Multiple_Gunshots,2016-12-31,23:57:59,WashingtonDC4D,38.953,-77.019
5859,6D174817,Multiple_Gunshots,2016-12-31,23:58:18,WashingtonDC6D,38.865,-76.968
5860,6D174818,Multiple_Gunshots,2016-12-31,23:58:31,WashingtonDC6D,38.885,-76.954
5861,6D174819,Multiple_Gunshots,2016-12-31,23:58:39,WashingtonDC6D,38.883,-76.95
5862,4D58122,Multiple_Gunshots,2016-12-31,23:58:43,WashingtonDC4D,38.952,-77.019
5863,6D174821,Multiple_Gunshots,2016-12-31,23:58:51,WashingtonDC6D,38.887,-76.951
5864,6D174822,Multiple_Gunshots,2016-12-31,23:58:58,WashingtonDC6D,38.882,-76.936
5865,5D69908,Single_Gunshot,2016-12-31,23:58:58,WashingtonDC5D,38.906,-76.978
5866,4D58123,Multiple_Gunshots,2016-12-31,23:58:58,WashingtonDC4D,38.952,-77.019
5867,6D174823,Multiple_Gunshots,2016-12-31,23:59:10,WashingtonDC6D,38.889,-76.918
5868,6D174824,Multiple_Gunshots,2016-12-31,23:59:17,WashingtonDC6D,38.883,-76.929
5869,7D215863,Multiple_Gunshots,2016-12-31,23:59:21,WashingtonDC7D,38.82,-77.009
5870,7D215864,Multiple_Gunshots,2016-12-31,23:59:38,WashingtonDC7D,38.837,-77.003
5871,6D174825,Multiple_Gunshots,2016-12-31,23:59:55,WashingtonDC6D,38.911,-76.939
0,5D69913,Multiple_Gunshots,2017-01-01,00:00:06,WashingtonDC5D,38.909,-76.986
1,6D174826,Multiple_Gunshots,2017-01-01,00:00:09,WashingtonDC6D,38.886,-76.951
2,4D58125,Multiple_Gunshots,2017-01-01,00:00:12,WashingtonDC4D,38.95,-77.025
3,5D69915,Multiple_Gunshots,2017-01-01,00:00:29,WashingtonDC5D,38.927,-76.974
4,4D58126,Multiple_Gunshots,2017-01-01,00:00:36,WashingtonDC4D,38.943,-77.016
5,3D61609,Gunshot_or_Firecracker,2017-01-01,00:00:55,WashingtonDC3D,38.936,-77.023
6,7D215868,Multiple_Gunshots,2017-01-01,00:00:56,WashingtonDC7D,38.852,-76.964
7,3D61613,Single_Gunshot,2017-01-01,00:01:18,WashingtonDC3D,38.922,-77.026
8,5D69916,Multiple_Gunshots,2017-01-01,00:01:37,WashingtonDC5D,38.926,-76.999
9,4D58135,Multiple_Gunshots,2017-01-01,00:01:48,WashingtonDC4D,38.953,-77.021
10,4D58136,Multiple_Gunshots,2017-01-01,00:01:58,WashingtonDC4D,38.953,-77.022
11,1D84592,Multiple_Gunshots,2017-01-01,00:02:05,WashingtonDC1D,38.894,-76.983
12,7D215874,Multiple_Gunshots,2017-01-01,00:02:09,WashingtonDC7D,38.844,-76.981
13,6D174829,Multiple_Gunshots,2017-01-01,00:02:14,WashingtonDC6D,38.887,-76.95
14,1D84593,Multiple_Gunshots,2017-01-01,00:02:27,WashingtonDC1D,38.875,-77.012
15,7D215875,Multiple_Gunshots,2017-01-01,00:02:30,WashingtonDC7D,38.83,-77.006
16,1D84595,Multiple_Gunshots,2017-01-01,00:02:53,WashingtonDC1D,38.875,-77.012
17,6D174833,Multiple_Gunshots,2017-01-01,00:02:55,WashingtonDC6D,38.886,-76.951
18,7D215880,Multiple_Gunshots,2017-01-01,00:03:20,WashingtonDC7D,38.862,-76.983
19,4D58148,Multiple_Gunshots,2017-01-01,00:03:24,WashingtonDC4D,38.935,-77.027
20,7D215881,Multiple_Gunshots,2017-01-01,00:03:26,WashingtonDC7D,38.858,-76.993
21,6D174836,Multiple_Gunshots,2017-01-01,00:03:32,WashingtonDC6D,38.887,-76.949
22,7D215882,Multiple_Gunshots,2017-01-01,00:03:34,WashingtonDC7D,38.843,-76.983
23,6D174838,Multiple_Gunshots,2017-01-01,00:03:43,WashingtonDC6D,38.887,-76.948
24,5D69927,Multiple_Gunshots,2017-01-01,00:03:43,WashingtonDC5D,38.92,-76.98
25,5D69929,Multiple_Gunshots,2017-01-01,00:03:47,WashingtonDC5D,38.92,-76.98
26,7D215883,Multiple_Gunshots,2017-01-01,00:03:49,WashingtonDC7D,38.855,-76.981
27,5D69930,Multiple_Gunshots,2017-01-01,00:03:55,WashingtonDC5D,38.92,-76.98
28,4D58152,Multiple_Gunshots,2017-01-01,00:04:08,WashingtonDC4D,38.955,-77.028
29,6D174840,Multiple_Gunshots,2017-01-01,00:04:21,WashingtonDC6D,38.887,-76.947
30,7D215886,Multiple_Gunshots,2017-01-01,00:04:41,WashingtonDC7D,38.843,-76.985
31,6D174846,Multiple_Gunshots,2017-01-01,00:05:06,WashingtonDC6D,38.883,-76.929
32,7D215888,Multiple_Gunshots,2017-01-01,00:05:09,WashingtonDC7D,38.862,-76.98
33,6D174847,Multiple_Gunshots,2017-01-01,00:05:11,WashingtonDC6D,38.893,-76.95
34,4D58157,Multiple_Gunshots,2017-01-01,00:05:18,WashingtonDC4D,38.95,-77.016
35,6D174851,Multiple_Gunshots,2017-01-01,00:05:28,WashingtonDC6D,38.89,-76.959
36,6D174852,Multiple_Gunshots,2017-01-01,00:05:35,WashingtonDC6D,38.884,-76.958
37,7D215890,Multiple_Gunshots,2017-01-01,00:05:39,WashingtonDC7D,38.858,-76.997
38,7D215891,Multiple_Gunshots,2017-01-01,00:05:49,WashingtonDC7D,38.858,-76.993
39,4D58159,Multiple_Gunshots,2017-01-01,00:05:55,WashingtonDC4D,38.94,-77.021
40,5D69939,Multiple_Gunshots,2017-01-01,00:06:30,WashingtonDC5D,38.913,-76.985
41,6D174856,Multiple_Gunshots,2017-01-01,00:06:37,WashingtonDC6D,38.883,-76.929
42,5D69941,Multiple_Gunshots,2017-01-01,00:07:00,WashingtonDC5D,38.909,-76.986
43,6D174858,Multiple_Gunshots,2017-01-01,00:07:06,WashingtonDC6D,38.887,-76.954
44,5D69942,Multiple_Gunshots,2017-01-01,00:07:11,WashingtonDC5D,38.921,-76.982
45,6D174861,Multiple_Gunshots,2017-01-01,00:07:21,WashingtonDC6D,38.897,-76.947
46,3D61637,Multiple_Gunshots,2017-01-01,00:08:15,WashingtonDC3D,38.921,-77.024
47,5D69945,Multiple_Gunshots,2017-01-01,00:08:18,WashingtonDC5D,38.918,-77.007
48,4D58170,Multiple_Gunshots,2017-01-01,00:08:28,WashingtonDC4D,38.939,-77.03
49,5D69946,Multiple_Gunshots,2017-01-01,00:08:38,WashingtonDC5D,38.918,-77.007
50,6D174867,Multiple_Gunshots,2017-01-01,00:08:50,WashingtonDC6D,38.907,-76.951
51,6D174868,Multiple_Gunshots,2017-01-01,00:08:54,WashingtonDC6D,38.907,-76.948
52,6D174870,Multiple_Gunshots,2017-01-01,00:09:17,WashingtonDC6D,38.909,-76.939
53,5D69950,Multiple_Gunshots,2017-01-01,00:09:23,WashingtonDC5D,38.91,-76.987
54,5D69951,Multiple_Gunshots,2017-01-01,00:09:25,WashingtonDC5D,38.917,-77.007
55,3D61640,Multiple_Gunshots,2017-01-01,00:09:26,WashingtonDC3D,38.917,-77.007
56,5D69952,Multiple_Gunshots,2017-01-01,00:09:32,WashingtonDC5D,38.922,-76.982
57,6D174871,Multiple_Gunshots,2017-01-01,00:09:35,WashingtonDC6D,38.9,-76.939
58,6D174874,Multiple_Gunshots,2017-01-01,00:09:59,WashingtonDC6D,38.884,-76.959
59,4D58179,Multiple_Gunshots,2017-01-01,00:10:08,WashingtonDC4D,38.955,-77.028
60,7D215909,Multiple_Gunshots,2017-01-01,00:10:18,WashingtonDC7D,38.858,-76.997
61,7D215910,Multiple_Gunshots,2017-01-01,00:10:26,WashingtonDC7D,38.857,-76.997
62,6D174876,Multiple_Gunshots,2017-01-01,00:10:26,WashingtonDC6D,38.884,-76.959
63,5D69954,Multiple_Gunshots,2017-01-01,00:10:35,WashingtonDC5D,38.918,-77.007
64,7D215912,Multiple_Gunshots,2017-01-01,00:10:46,WashingtonDC7D,38.86,-76.998
65,6D174879,Multiple_Gunshots,2017-01-01,00:10:58,WashingtonDC6D,38.896,-76.939
66,6D174882,Multiple_Gunshots,2017-01-01,00:11:31,WashingtonDC6D,38.895,-76.936
67,7D215916,Multiple_Gunshots,2017-01-01,00:11:37,WashingtonDC7D,38.847,-76.978
68,7D215917,Multiple_Gunshots,2017-01-01,00:11:44,WashingtonDC7D,38.837,-76.987
69,7D215918,Multiple_Gunshots,2017-01-01,00:11:46,WashingtonDC7D,38.834,-76.987
70,6D174885,Multiple_Gunshots,2017-01-01,00:11:52,WashingtonDC6D,38.874,-76.967
71,7D215919,Multiple_Gunshots,2017-01-01,00:11:55,WashingtonDC7D,38.834,-76.988
72,5D69961,Multiple_Gunshots,2017-01-01,00:12:26,WashingtonDC5D,38.91,-76.988
73,6D174893,Multiple_Gunshots,2017-01-01,00:12:56,WashingtonDC6D,38.886,-76.955
74,7D215930,Multiple_Gunshots,2017-01-01,00:13:09,WashingtonDC7D,38.851,-76.967
75,5D69964,Multiple_Gunshots,2017-01-01,00:13:11,WashingtonDC5D,38.906,-77.011
76,3D61648,Multiple_Gunshots,2017-01-01,00:13:11,WashingtonDC3D,38.906,-77.011
77,6D174897,Multiple_Gunshots,2017-01-01,00:13:30,WashingtonDC6D,38.894,-76.957
78,6D174898,Multiple_Gunshots,2017-01-01,00:13:35,WashingtonDC6D,38.91,-76.938
79,4D58205,Multiple_Gunshots,2017-01-01,00:13:39,WashingtonDC4D,38.948,-77.019
80,7D215932,Multiple_Gunshots,2017-01-01,00:13:44,WashingtonDC7D,38.844,-76.985
81,6D174900,Multiple_Gunshots,2017-01-01,00:14:10,WashingtonDC6D,38.89,-76.96
82,6D174901,Multiple_Gunshots,2017-01-01,00:14:20,WashingtonDC6D,38.884,-76.947
83,7D215936,Multiple_Gunshots,2017-01-01,00:14:29,WashingtonDC7D,38.841,-76.992
84,7D215939,Multiple_Gunshots,2017-01-01,00:15:08,WashingtonDC7D,38.858,-76.996
85,7D215940,Multiple_Gunshots,2017-01-01,00:15:12,WashingtonDC7D,38.858,-76.997
86,7D215943,Multiple_Gunshots,2017-01-01,00:15:46,WashingtonDC7D,38.855,-76.971
87,6D174909,Multiple_Gunshots,2017-01-01,00:15:47,WashingtonDC6D,38.875,-76.925
88,5D69970,Multiple_Gunshots,2017-01-01,00:15:52,WashingtonDC5D,38.921,-77.0
89,6D174912,Multiple_Gunshots,2017-01-01,00:16:42,WashingtonDC6D,38.888,-76.957
90,5D69973,Multiple_Gunshots,2017-01-01,00:16:43,WashingtonDC5D,38.911,-77.013
91,3D61655,Multiple_Gunshots,2017-01-01,00:16:44,WashingtonDC3D,38.912,-77.013
92,7D215951,Multiple_Gunshots,2017-01-01,00:16:49,WashingtonDC7D,38.842,-76.988
93,7D215955,Multiple_Gunshots,2017-01-01,00:17:47,WashingtonDC7D,38.842,-76.988
94,6D174915,Multiple_Gunshots,2017-01-01,00:18:11,WashingtonDC6D,38.88,-76.937
95,7D215962,Multiple_Gunshots,2017-01-01,00:18:45,WashingtonDC7D,38.851,-76.985
96,7D215963,Multiple_Gunshots,2017-01-01,00:18:57,WashingtonDC7D,38.85,-76.984
97,5D69982,Multiple_Gunshots,2017-01-01,00:19:19,WashingtonDC5D,38.905,-77.012
98,7D215965,Multiple_Gunshots,2017-01-01,00:19:24,WashingtonDC7D,38.852,-76.985
99,7D215966,Multiple_Gunshots,2017-01-01,00:19:31,WashingtonDC7D,38.85,-76.984
100,7D215967,Multiple_Gunshots,2017-01-01,00:19:36,WashingtonDC7D,38.858,-76.992
101,7D215970,Multiple_Gunshots,2017-01-01,00:19:55,WashingtonDC7D,38.86,-76.99
102,5D69984,Multiple_Gunshots,2017-01-01,00:20:08,WashingtonDC5D,38.911,-77.014
103,6D174924,Multiple_Gunshots,2017-01-01,00:20:27,WashingtonDC6D,38.871,-76.976
104,5D69986,Multiple_Gunshots,2017-01-01,00:20:41,WashingtonDC5D,38.917,-77.005
105,6D174929,Multiple_Gunshots,2017-01-01,00:21:19,WashingtonDC6D,38.887,-76.95
106,6D174932,Multiple_Gunshots,2017-01-01,00:21:39,WashingtonDC6D,38.886,-76.951
107,7D215977,Multiple_Gunshots,2017-01-01,00:21:50,WashingtonDC7D,38.858,-76.998
108,7D215978,Multiple_Gunshots,2017-01-01,00:21:59,WashingtonDC7D,38.858,-76.999
109,7D215979,Multiple_Gunshots,2017-01-01,00:22:06,WashingtonDC7D,38.854,-76.984
110,6D174934,Multiple_Gunshots,2017-01-01,00:22:21,WashingtonDC6D,38.894,-76.93
111,5D69990,Multiple_Gunshots,2017-01-01,00:22:31,WashingtonDC5D,38.922,-77.008
112,6D174936,Multiple_Gunshots,2017-01-01,00:22:52,WashingtonDC6D,38.895,-76.929
113,5D69991,Multiple_Gunshots,2017-01-01,00:22:59,WashingtonDC5D,38.922,-77.008
114,5D69992,Multiple_Gunshots,2017-01-01,00:23:29,WashingtonDC5D,38.905,-77.008
115,7D215988,Multiple_Gunshots,2017-01-01,00:23:47,WashingtonDC7D,38.855,-76.992
116,6D174940,Multiple_Gunshots,2017-01-01,00:23:52,WashingtonDC6D,38.886,-76.951
117,7D215991,Multiple_Gunshots,2017-01-01,00:24:10,WashingtonDC7D,38.855,-76.971
118,5D69994,Multiple_Gunshots,2017-01-01,00:24:16,WashingtonDC5D,38.918,-77.016
119,3D61660,Multiple_Gunshots,2017-01-01,00:24:16,WashingtonDC3D,38.918,-77.016
120,5D69996,Multiple_Gunshots,2017-01-01,00:25:00,WashingtonDC5D,38.905,-77.012
121,5D69997,Multiple_Gunshots,2017-01-01,00:25:12,WashingtonDC5D,38.935,-76.975
122,5D69998,Multiple_Gunshots,2017-01-01,00:25:22,WashingtonDC5D,38.935,-76.975
123,7D216001,Multiple_Gunshots,2017-01-01,00:25:40,WashingtonDC7D,38.852,-76.984
124,7D216002,Multiple_Gunshots,2017-01-01,00:25:57,WashingtonDC7D,38.834,-76.994
125,7D216003,Multiple_Gunshots,2017-01-01,00:26:21,WashingtonDC7D,38.861,-76.981
126,6D174947,Multiple_Gunshots,2017-01-01,00:26:21,WashingtonDC6D,38.861,-76.98
127,7D216004,Multiple_Gunshots,2017-01-01,00:26:40,WashingtonDC7D,38.828,-76.991
128,7D216005,Multiple_Gunshots,2017-01-01,00:26:58,WashingtonDC7D,38.827,-76.991
129,7D216008,Multiple_Gunshots,2017-01-01,00:27:52,WashingtonDC7D,38.855,-76.991
130,5D70006,Multiple_Gunshots,2017-01-01,00:28:01,WashingtonDC5D,38.923,-77.008
131,7D216009,Multiple_Gunshots,2017-01-01,00:28:09,WashingtonDC7D,38.834,-76.987
132,7D216010,Multiple_Gunshots,2017-01-01,00:28:16,WashingtonDC7D,38.83,-77.004
133,7D216011,Multiple_Gunshots,2017-01-01,00:28:34,WashingtonDC7D,38.855,-76.971
134,7D216012,Multiple_Gunshots,2017-01-01,00:28:44,WashingtonDC7D,38.855,-76.971
135,6D174954,Multiple_Gunshots,2017-01-01,00:29:34,WashingtonDC6D,38.887,-76.95
136,1D84623,Multiple_Gunshots,2017-01-01,00:29:36,WashingtonDC1D,38.888,-76.982
137,7D216015,Multiple_Gunshots,2017-01-01,00:29:50,WashingtonDC7D,38.864,-76.987
138,7D216016,Multiple_Gunshots,2017-01-01,00:30:15,WashingtonDC7D,38.855,-76.991
139,7D216017,Multiple_Gunshots,2017-01-01,00:30:36,WashingtonDC7D,38.853,-76.991
140,3D61666,Multiple_Gunshots,2017-01-01,00:30:39,WashingtonDC3D,38.912,-77.013
141,5D70012,Multiple_Gunshots,2017-01-01,00:31:27,WashingtonDC5D,38.923,-76.974
142,4D58276,Multiple_Gunshots,2017-01-01,00:31:45,WashingtonDC4D,38.949,-77.02
143,7D216022,Multiple_Gunshots,2017-01-01,00:31:47,WashingtonDC7D,38.868,-76.978
144,7D216021,Multiple_Gunshots,2017-01-01,00:31:47,WashingtonDC7D,38.865,-76.982
145,7D216024,Multiple_Gunshots,2017-01-01,00:32:10,WashingtonDC7D,38.855,-76.992
146,7D216027,Multiple_Gunshots,2017-01-01,00:33:09,WashingtonDC7D,38.862,-76.984
147,6D174965,Multiple_Gunshots,2017-01-01,00:33:11,WashingtonDC6D,38.912,-76.935
148,7D216028,Multiple_Gunshots,2017-01-01,00:33:17,WashingtonDC7D,38.862,-76.982
149,7D216029,Multiple_Gunshots,2017-01-01,00:33:27,WashingtonDC7D,38.865,-76.979
150,7D216031,Multiple_Gunshots,2017-01-01,00:33:39,WashingtonDC7D,38.862,-76.982
151,7D216032,Multiple_Gunshots,2017-01-01,00:33:53,WashingtonDC7D,38.855,-76.992
152,7D216034,Multiple_Gunshots,2017-01-01,00:34:10,WashingtonDC7D,38.862,-76.983
153,6D174969,Multiple_Gunshots,2017-01-01,00:34:17,WashingtonDC6D,38.877,-76.967
154,5D70021,Multiple_Gunshots,2017-01-01,00:34:21,WashingtonDC5D,38.909,-76.986
155,6D174971,Multiple_Gunshots,2017-01-01,00:34:38,WashingtonDC6D,38.911,-76.937
156,7D216038,Multiple_Gunshots,2017-01-01,00:34:55,WashingtonDC7D,38.862,-76.984
157,7D216046,Multiple_Gunshots,2017-01-01,00:35:40,WashingtonDC7D,38.858,-76.997
158,7D216047,Multiple_Gunshots,2017-01-01,00:35:49,WashingtonDC7D,38.852,-76.982
159,7D216048,Multiple_Gunshots,2017-01-01,00:35:55,WashingtonDC7D,38.862,-76.981
160,7D216050,Multiple_Gunshots,2017-01-01,00:36:09,WashingtonDC7D,38.846,-76.973
161,7D216053,Multiple_Gunshots,2017-01-01,00:36:57,WashingtonDC7D,38.855,-76.971
162,6D174980,Multiple_Gunshots,2017-01-01,00:38:07,WashingtonDC6D,38.895,-76.928
163,6D174981,Multiple_Gunshots,2017-01-01,00:38:29,WashingtonDC6D,38.912,-76.935
164,6D174982,Multiple_Gunshots,2017-01-01,00:39:17,WashingtonDC6D,38.887,-76.956
165,6D174983,Multiple_Gunshots,2017-01-01,00:39:33,WashingtonDC6D,38.887,-76.956
166,1D84626,Multiple_Gunshots,2017-01-01,00:41:46,WashingtonDC1D,38.903,-77.0
167,1D84627,Multiple_Gunshots,2017-01-01,00:41:57,WashingtonDC1D,38.874,-76.99
168,7D216072,Multiple_Gunshots,2017-01-01,00:43:28,WashingtonDC7D,38.846,-77.001
169,6D174986,Multiple_Gunshots,2017-01-01,00:44:59,WashingtonDC6D,38.875,-76.934
170,7D216078,Multiple_Gunshots,2017-01-01,00:45:49,WashingtonDC7D,38.832,-76.989
171,7D216079,Multiple_Gunshots,2017-01-01,00:45:59,WashingtonDC7D,38.86,-76.978
172,7D216080,Multiple_Gunshots,2017-01-01,00:46:04,WashingtonDC7D,38.862,-76.98
173,6D174990,Multiple_Gunshots,2017-01-01,00:46:05,WashingtonDC6D,38.864,-76.979
174,7D216081,Multiple_Gunshots,2017-01-01,00:47:11,WashingtonDC7D,38.85,-76.973
175,7D216083,Multiple_Gunshots,2017-01-01,00:48:27,WashingtonDC7D,38.859,-77.0
176,7D216085,Multiple_Gunshots,2017-01-01,00:49:24,WashingtonDC7D,38.852,-76.966
177,6D174991,Multiple_Gunshots,2017-01-01,00:49:43,WashingtonDC6D,38.867,-76.956
178,7D216087,Multiple_Gunshots,2017-01-01,00:51:09,WashingtonDC7D,38.856,-76.973
179,6D174992,Multiple_Gunshots,2017-01-01,00:51:21,WashingtonDC6D,38.895,-76.926
180,6D174993,Multiple_Gunshots,2017-01-01,00:51:22,WashingtonDC6D,38.895,-76.925
181,7D216091,Multiple_Gunshots,2017-01-01,00:52:28,WashingtonDC7D,38.855,-76.971
182,7D216097,Multiple_Gunshots,2017-01-01,00:55:09,WashingtonDC7D,38.841,-76.987
183,5D70046,Multiple_Gunshots,2017-01-01,00:55:55,WashingtonDC5D,38.903,-76.983
184,7D216098,Multiple_Gunshots,2017-01-01,00:57:56,WashingtonDC7D,38.818,-76.997
185,6D174998,Multiple_Gunshots,2017-01-01,01:00:22,WashingtonDC6D,38.87,-76.967
186,7D216110,Multiple_Gunshots,2017-01-01,01:04:23,WashingtonDC7D,38.862,-76.982
187,6D175002,Multiple_Gunshots,2017-01-01,01:04:25,WashingtonDC6D,38.864,-76.982
188,7D216112,Multiple_Gunshots,2017-01-01,01:05:07,WashingtonDC7D,38.841,-76.989
189,6D175006,Multiple_Gunshots,2017-01-01,01:05:43,WashingtonDC6D,38.885,-76.933
190,7D216113,Multiple_Gunshots,2017-01-01,01:06:26,WashingtonDC7D,38.825,-77.009
191,7D216115,Multiple_Gunshots,2017-01-01,01:07:31,WashingtonDC7D,38.864,-76.98
192,7D216116,Multiple_Gunshots,2017-01-01,01:07:39,WashingtonDC7D,38.83,-76.998
193,6D175007,Multiple_Gunshots,2017-01-01,01:08:15,WashingtonDC6D,38.87,-76.967
194,7D216117,Multiple_Gunshots,2017-01-01,01:08:32,WashingtonDC7D,38.856,-76.973
195,7D216118,Multiple_Gunshots,2017-01-01,01:10:40,WashingtonDC7D,38.837,-77.003
196,6D175009,Multiple_Gunshots,2017-01-01,01:11:35,WashingtonDC6D,38.894,-76.929
197,7D216123,Multiple_Gunshots,2017-01-01,01:14:25,WashingtonDC7D,38.857,-76.974
198,7D216125,Multiple_Gunshots,2017-01-01,01:15:08,WashingtonDC7D,38.828,-77.0
199,7D216126,Multiple_Gunshots,2017-01-01,01:15:27,WashingtonDC7D,38.83,-76.993
200,5D70057,Multiple_Gunshots,2017-01-01,01:16:51,WashingtonDC5D,38.916,-77.0
201,5D70058,Multiple_Gunshots,2017-01-01,01:17:05,WashingtonDC5D,38.916,-77.0
202,7D216128,Multiple_Gunshots,2017-01-01,01:17:38,WashingtonDC7D,38.857,-76.974
203,6D175015,Single_Gunshot,2017-01-01,01:17:41,WashingtonDC6D,38.888,-76.931
204,6D175020,Multiple_Gunshots,2017-01-01,01:20:11,WashingtonDC6D,38.905,-76.95
205,7D216131,Multiple_Gunshots,2017-01-01,01:20:53,WashingtonDC7D,38.846,-76.973
206,7D216133,Multiple_Gunshots,2017-01-01,01:22:08,WashingtonDC7D,38.834,-76.987
207,7D216134,Multiple_Gunshots,2017-01-01,01:22:20,WashingtonDC7D,38.834,-76.988
208,7D216135,Multiple_Gunshots,2017-01-01,01:22:30,WashingtonDC7D,38.834,-76.987
209,7D216136,Multiple_Gunshots,2017-01-01,01:23:09,WashingtonDC7D,38.828,-77.007
210,6D175025,Multiple_Gunshots,2017-01-01,01:24:32,WashingtonDC6D,38.905,-76.932
211,6D175026,Multiple_Gunshots,2017-01-01,01:24:35,WashingtonDC6D,38.915,-76.923
212,6D175027,Multiple_Gunshots,2017-01-01,01:24:36,WashingtonDC6D,38.913,-76.925
213,7D216138,Single_Gunshot,2017-01-01,01:25:24,WashingtonDC7D,38.863,-76.984
214,7D216139,Multiple_Gunshots,2017-01-01,01:25:29,WashingtonDC7D,38.828,-77.002
215,6D175030,Multiple_Gunshots,2017-01-01,01:28:30,WashingtonDC6D,38.876,-76.936
216,6D175031,Multiple_Gunshots,2017-01-01,01:28:46,WashingtonDC6D,38.885,-76.929
217,7D216141,Multiple_Gunshots,2017-01-01,01:28:56,WashingtonDC7D,38.827,-76.997
218,7D216142,Multiple_Gunshots,2017-01-01,01:31:10,WashingtonDC7D,38.826,-76.997
219,5D70064,Multiple_Gunshots,2017-01-01,01:33:06,WashingtonDC5D,38.921,-76.976
220,7D216145,Multiple_Gunshots,2017-01-01,01:33:14,WashingtonDC7D,38.826,-77.004
221,7D216146,Multiple_Gunshots,2017-01-01,01:33:15,WashingtonDC7D,38.819,-77.009
222,7D216147,Multiple_Gunshots,2017-01-01,01:33:29,WashingtonDC7D,38.819,-77.009
223,6D175034,Multiple_Gunshots,2017-01-01,01:33:44,WashingtonDC6D,38.912,-76.936
224,5D70066,Multiple_Gunshots,2017-01-01,01:34:06,WashingtonDC5D,38.894,-76.979
225,5D70071,Multiple_Gunshots,2017-01-01,01:45:18,WashingtonDC5D,38.927,-76.977
226,6D175038,Multiple_Gunshots,2017-01-01,01:47:17,WashingtonDC6D,38.872,-76.965
227,7D216152,Multiple_Gunshots,2017-01-01,01:52:53,WashingtonDC7D,38.841,-76.987
228,7D216153,Multiple_Gunshots,2017-01-01,01:52:59,WashingtonDC7D,38.857,-76.987
229,7D216154,Multiple_Gunshots,2017-01-01,01:53:02,WashingtonDC7D,38.842,-76.985
230,6D175041,Multiple_Gunshots,2017-01-01,01:53:45,WashingtonDC6D,38.904,-76.933
231,6D175042,Multiple_Gunshots,2017-01-01,01:53:51,WashingtonDC6D,38.904,-76.933
232,7D216155,Multiple_Gunshots,2017-01-01,01:54:49,WashingtonDC7D,38.849,-76.969
233,6D175043,Multiple_Gunshots,2017-01-01,01:59:42,WashingtonDC6D,38.901,-76.923
234,7D216156,Multiple_Gunshots,2017-01-01,02:01:49,WashingtonDC7D,38.861,-76.987
235,6D175044,Multiple_Gunshots,2017-01-01,02:01:50,WashingtonDC6D,38.861,-76.987
236,6D175045,Multiple_Gunshots,2017-01-01,02:02:03,WashingtonDC6D,38.874,-76.977
237,7D216158,Single_Gunshot,2017-01-01,02:05:15,WashingtonDC7D,38.832,-76.992
238,6D175046,Multiple_Gunshots,2017-01-01,02:06:18,WashingtonDC6D,38.871,-76.976
239,6D175048,Multiple_Gunshots,2017-01-01,02:08:40,WashingtonDC6D,38.88,-76.944
240,6D175049,Multiple_Gunshots,2017-01-01,02:10:34,WashingtonDC6D,38.873,-76.976
241,7D216161,Multiple_Gunshots,2017-01-01,02:19:02,WashingtonDC7D,38.833,-76.988
242,7D216162,Multiple_Gunshots,2017-01-01,02:20:06,WashingtonDC7D,38.849,-76.975
243,6D175057,Multiple_Gunshots,2017-01-01,02:28:38,WashingtonDC6D,38.903,-76.925
244,7D216173,Multiple_Gunshots,2017-01-01,02:49:27,WashingtonDC7D,38.834,-76.996
245,6D175060,Multiple_Gunshots,2017-01-01,02:50:01,WashingtonDC6D,38.888,-76.956
246,6D175061,Multiple_Gunshots,2017-01-01,02:50:11,WashingtonDC6D,38.888,-76.955
247,7D216177,Multiple_Gunshots,2017-01-01,02:51:44,WashingtonDC7D,38.833,-77.009
248,6D175062,Multiple_Gunshots,2017-01-01,02:52:15,WashingtonDC6D,38.884,-76.929
249,7D216178,Multiple_Gunshots,2017-01-01,02:52:16,WashingtonDC7D,38.832,-77.01
250,7D216179,Multiple_Gunshots,2017-01-01,02:52:25,WashingtonDC7D,38.832,-77.01
251,6D175063,Multiple_Gunshots,2017-01-01,02:52:57,WashingtonDC6D,38.888,-76.937
252,7D216180,Multiple_Gunshots,2017-01-01,02:57:15,WashingtonDC7D,38.867,-76.982
253,6D175064,Multiple_Gunshots,2017-01-01,02:57:15,WashingtonDC6D,38.867,-76.982
254,7D216182,Multiple_Gunshots,2017-01-01,03:09:38,WashingtonDC7D,38.847,-76.967
255,6D175065,Multiple_Gunshots,2017-01-01,03:10:09,WashingtonDC6D,38.893,-76.926
256,6D175066,Multiple_Gunshots,2017-01-01,03:10:15,WashingtonDC6D,38.893,-76.926
257,6D175068,Multiple_Gunshots,2017-01-01,03:17:41,WashingtonDC6D,38.881,-76.932
258,6D175069,Multiple_Gunshots,2017-01-01,03:23:00,WashingtonDC6D,38.904,-76.948
259,5D70075,Multiple_Gunshots,2017-01-01,03:23:26,WashingtonDC5D,38.897,-77.003
260,1D84638,Multiple_Gunshots,2017-01-01,03:23:27,WashingtonDC1D,38.896,-77.003
261,6D175071,Multiple_Gunshots,2017-01-01,03:45:30,WashingtonDC6D,38.899,-76.945
262,7D216186,Single_Gunshot,2017-01-01,03:48:15,WashingtonDC7D,38.829,-76.993
263,7D216187,Multiple_Gunshots,2017-01-01,03:49:51,WashingtonDC7D,38.857,-76.981
264,3D61689,Multiple_Gunshots,2017-01-01,03:52:13,WashingtonDC3D,38.923,-77.035
265,7D216189,Multiple_Gunshots,2017-01-01,03:58:12,WashingtonDC7D,38.85,-76.973
266,7D216190,Multiple_Gunshots,2017-01-01,03:59:01,WashingtonDC7D,38.85,-76.973
267,7D216193,Multiple_Gunshots,2017-01-01,04:04:26,WashingtonDC7D,38.855,-76.991
268,7D216194,Gunshot_or_Firecracker,2017-01-01,04:04:30,WashingtonDC7D,38.855,-76.991
269,7D216195,Multiple_Gunshots,2017-01-01,04:04:55,WashingtonDC7D,38.855,-76.991
270,7D216196,Multiple_Gunshots,2017-01-01,04:21:14,WashingtonDC7D,38.856,-76.969
271,7D216197,Multiple_Gunshots,2017-01-01,04:21:18,WashingtonDC7D,38.866,-76.976
272,6D175078,Multiple_Gunshots,2017-01-01,04:21:36,WashingtonDC6D,38.893,-76.943
273,7D216198,Multiple_Gunshots,2017-01-01,04:21:39,WashingtonDC7D,38.86,-76.972
274,7D216200,Multiple_Gunshots,2017-01-01,04:27:00,WashingtonDC7D,38.826,-77.002
275,7D216201,Multiple_Gunshots,2017-01-01,04:27:07,WashingtonDC7D,38.826,-77.002
276,7D216202,Multiple_Gunshots,2017-01-01,04:31:10,WashingtonDC7D,38.855,-76.971
277,6D175080,Single_Gunshot,2017-01-01,04:31:16,WashingtonDC6D,38.885,-76.947
278,7D216203,Multiple_Gunshots,2017-01-01,04:31:31,WashingtonDC7D,38.855,-76.971
279,6D175082,Multiple_Gunshots,2017-01-01,04:40:29,WashingtonDC6D,38.876,-76.949
280,6D175083,Multiple_Gunshots,2017-01-01,04:41:59,WashingtonDC6D,38.887,-76.957
281,6D175084,Multiple_Gunshots,2017-01-01,04:43:22,WashingtonDC6D,38.89,-76.952
282,6D175086,Multiple_Gunshots,2017-01-01,04:44:58,WashingtonDC6D,38.89,-76.952
283,6D175087,Multiple_Gunshots,2017-01-01,04:54:27,WashingtonDC6D,38.894,-76.927
284,6D175089,Multiple_Gunshots,2017-01-01,04:58:17,WashingtonDC6D,38.907,-76.95
285,6D175090,Single_Gunshot,2017-01-01,05:01:40,WashingtonDC6D,38.884,-76.941
286,6D175091,Single_Gunshot,2017-01-01,05:03:11,WashingtonDC6D,38.884,-76.941
287,6D175092,Multiple_Gunshots,2017-01-01,05:10:53,WashingtonDC6D,38.894,-76.923
288,6D175094,Multiple_Gunshots,2017-01-01,05:23:32,WashingtonDC6D,38.881,-76.935
289,6D175095,Single_Gunshot,2017-01-01,05:29:17,WashingtonDC6D,38.899,-76.924
290,6D175096,Multiple_Gunshots,2017-01-01,05:32:14,WashingtonDC6D,38.906,-76.931
291,5D70090,Multiple_Gunshots,2017-01-01,05:32:54,WashingtonDC5D,38.912,-77.014
292,3D61690,Gunshot_or_Firecracker,2017-01-01,05:32:54,WashingtonDC3D,38.913,-77.014
293,5D70096,Single_Gunshot,2017-01-01,06:11:51,WashingtonDC5D,38.906,-76.979
294,7D216208,Gunshot_or_Firecracker,2017-01-01,06:28:33,WashingtonDC7D,38.857,-76.974
295,7D216209,Multiple_Gunshots,2017-01-01,06:29:02,WashingtonDC7D,38.857,-76.974
296,7D216210,Single_Gunshot,2017-01-01,06:55:40,WashingtonDC7D,38.869,-76.98
297,6D175097,Single_Gunshot,2017-01-01,06:55:40,WashingtonDC6D,38.869,-76.98
298,7D216211,Gunshot_or_Firecracker,2017-01-01,06:55:47,WashingtonDC7D,38.869,-76.981
299,7D216212,Gunshot_or_Firecracker,2017-01-01,06:55:55,WashingtonDC7D,38.87,-76.98
300,6D175099,Multiple_Gunshots,2017-01-01,06:55:58,WashingtonDC6D,38.867,-76.976
301,6D175100,Multiple_Gunshots,2017-01-01,06:56:02,WashingtonDC6D,38.868,-76.985
302,7D216213,Multiple_Gunshots,2017-01-01,06:56:09,WashingtonDC7D,38.869,-76.98
303,6D175101,Multiple_Gunshots,2017-01-01,06:56:13,WashingtonDC6D,38.869,-76.98
304,7D216215,Multiple_Gunshots,2017-01-01,09:01:40,WashingtonDC7D,38.856,-76.973
305,7D216218,Multiple_Gunshots,2017-01-01,13:17:29,WashingtonDC7D,38.869,-76.981
306,7D216219,Multiple_Gunshots,2017-01-01,13:17:44,WashingtonDC7D,38.869,-76.98
307,7D216220,Multiple_Gunshots,2017-01-01,13:17:53,WashingtonDC7D,38.866,-76.979
308,4D58322,Multiple_Gunshots,2017-01-01,14:12:35,WashingtonDC4D,38.954,-77.028
309,7D216226,Single_Gunshot,2017-01-01,17:50:43,WashingtonDC7D,38.828,-76.996
310,7D216227,Multiple_Gunshots,2017-01-01,17:52:13,WashingtonDC7D,38.829,-77.003
311,7D216229,Multiple_Gunshots,2017-01-01,18:04:04,WashingtonDC7D,38.842,-76.988
312,7D216231,Gunshot_or_Firecracker,2017-01-01,19:00:23,WashingtonDC7D,38.863,-76.984
313,3D61691,Gunshot_or_Firecracker,2017-01-01,19:09:03,WashingtonDC3D,38.913,-77.021
314,7D216233,Single_Gunshot,2017-01-01,19:37:02,WashingtonDC7D,38.865,-76.983
315,7D216234,Multiple_Gunshots,2017-01-01,19:40:33,WashingtonDC7D,38.86,-76.985
316,7D216239,Gunshot_or_Firecracker,2017-01-01,20:22:05,WashingtonDC7D,38.829,-76.996
317,6D175178,Multiple_Gunshots,2017-01-01,21:25:58,WashingtonDC6D,38.895,-76.926
318,7D216245,Single_Gunshot,2017-01-01,22:25:04,WashingtonDC7D,38.862,-76.982
319,7D216246,Single_Gunshot,2017-01-01,22:38:28,WashingtonDC7D,38.86,-76.994
320,4D58330,Gunshot_or_Firecracker,2017-01-01,22:46:38,WashingtonDC4D,38.944,-77.002
321,7D216247,Multiple_Gunshots,2017-01-01,23:35:14,WashingtonDC7D,38.841,-76.992
322,7D216248,Single_Gunshot,2017-01-01,23:36:13,WashingtonDC7D,38.865,-76.983
323,7D216250,Single_Gunshot,2017-01-02,01:01:59,WashingtonDC7D,38.858,-76.991
324,7D216251,Single_Gunshot,2017-01-02,01:07:04,WashingtonDC7D,38.853,-76.981
325,7D216253,Single_Gunshot,2017-01-02,01:30:50,WashingtonDC7D,38.865,-76.982
326,6D175186,Single_Gunshot,2017-01-02,01:39:17,WashingtonDC6D,38.874,-76.948
327,5D70120,Multiple_Gunshots,2017-01-02,01:39:26,WashingtonDC5D,38.891,-76.974
328,5D70121,Gunshot_or_Firecracker,2017-01-02,02:08:05,WashingtonDC5D,38.915,-77.002
329,6D175187,Single_Gunshot,2017-01-02,02:12:59,WashingtonDC6D,38.905,-76.949
330,3D61693,Gunshot_or_Firecracker,2017-01-02,02:14:40,WashingtonDC3D,38.923,-77.021
331,5D70122,Multiple_Gunshots,2017-01-02,06:59:08,WashingtonDC5D,38.899,-76.975
332,6D175191,Gunshot_or_Firecracker,2017-01-02,08:04:44,WashingtonDC6D,38.894,-76.941
333,6D175195,Multiple_Gunshots,2017-01-02,18:16:17,WashingtonDC6D,38.913,-76.936
334,6D175196,Single_Gunshot,2017-01-02,18:19:50,WashingtonDC6D,38.884,-76.929
335,6D175214,Gunshot_or_Firecracker,2017-01-02,22:32:44,WashingtonDC6D,38.881,-76.935
336,6D175215,Multiple_Gunshots,2017-01-02,22:37:13,WashingtonDC6D,38.89,-76.96
337,7D216271,Gunshot_or_Firecracker,2017-01-02,22:38:40,WashingtonDC7D,38.837,-76.997
338,7D216273,Single_Gunshot,2017-01-02,22:46:28,WashingtonDC7D,38.857,-76.972
339,6D175218,Multiple_Gunshots,2017-01-02,23:13:20,WashingtonDC6D,38.909,-76.926
340,6D175219,Multiple_Gunshots,2017-01-02,23:13:24,WashingtonDC6D,38.909,-76.926
341,7D216274,Multiple_Gunshots,2017-01-02,23:38:14,WashingtonDC7D,38.859,-76.996
342,6D175220,Multiple_Gunshots,2017-01-03,00:10:07,WashingtonDC6D,38.881,-76.935
343,7D216276,Gunshot_or_Firecracker,2017-01-03,01:29:28,WashingtonDC7D,38.849,-76.973
344,7D216277,Single_Gunshot,2017-01-03,02:45:07,WashingtonDC7D,38.834,-76.996
345,7D216281,Multiple_Gunshots,2017-01-03,15:06:33,WashingtonDC7D,38.835,-76.986
346,6D175226,Multiple_Gunshots,2017-01-03,22:36:43,WashingtonDC6D,38.889,-76.954
347,6D175227,Multiple_Gunshots,2017-01-03,22:36:50,WashingtonDC6D,38.891,-76.953
348,6D175229,Single_Gunshot,2017-01-04,00:42:04,WashingtonDC6D,38.902,-76.932
349,7D216288,Multiple_Gunshots,2017-01-04,02:12:34,WashingtonDC7D,38.849,-76.967
350,7D216290,Multiple_Gunshots,2017-01-04,04:35:15,WashingtonDC7D,38.835,-77.004
351,3D61695,Multiple_Gunshots,2017-01-04,20:30:12,WashingtonDC3D,38.922,-77.031
352,7D216296,Multiple_Gunshots,2017-01-04,21:58:52,WashingtonDC7D,38.858,-76.996
353,7D216297,Gunshot_or_Firecracker,2017-01-04,22:27:49,WashingtonDC7D,38.853,-76.98
354,7D216298,Multiple_Gunshots,2017-01-04,23:13:24,WashingtonDC7D,38.853,-76.964
355,7D216300,Multiple_Gunshots,2017-01-05,02:02:19,WashingtonDC7D,38.83,-76.993
356,7D216301,Single_Gunshot,2017-01-05,03:19:38,WashingtonDC7D,38.85,-76.976
357,6D175242,Multiple_Gunshots,2017-01-05,04:25:50,WashingtonDC6D,38.906,-76.929
358,7D216317,Multiple_Gunshots,2017-01-05,09:21:25,WashingtonDC7D,38.834,-76.991
359,6D175248,Multiple_Gunshots,2017-01-05,18:00:23,WashingtonDC6D,38.91,-76.939
360,6D175249,Multiple_Gunshots,2017-01-05,18:00:28,WashingtonDC6D,38.911,-76.939
361,5D70147,Gunshot_or_Firecracker,2017-01-05,18:30:12,WashingtonDC5D,38.902,-77.013
362,7D216329,Single_Gunshot,2017-01-05,19:11:41,WashingtonDC7D,38.836,-76.99
363,7D216334,Single_Gunshot,2017-01-05,22:49:33,WashingtonDC7D,38.839,-76.989
364,3D61703,Single_Gunshot,2017-01-05,23:12:45,WashingtonDC3D,38.925,-77.006
365,6D175252,Single_Gunshot,2017-01-05,23:15:30,WashingtonDC6D,38.885,-76.929
366,4D58352,Single_Gunshot,2017-01-06,16:30:30,WashingtonDC4D,38.947,-77.034
367,7D216341,Multiple_Gunshots,2017-01-06,21:56:06,WashingtonDC7D,38.843,-76.984
368,5D70165,Multiple_Gunshots,2017-01-06,22:41:17,WashingtonDC5D,38.909,-76.986
369,1D84691,Multiple_Gunshots,2017-01-06,22:41:18,WashingtonDC1D,38.906,-76.987
370,5D70167,Single_Gunshot,2017-01-06,22:42:58,WashingtonDC5D,38.909,-76.987
371,7D216343,Multiple_Gunshots,2017-01-06,22:48:47,WashingtonDC7D,38.864,-76.977
372,7D216344,Single_Gunshot,2017-01-06,23:03:43,WashingtonDC7D,38.851,-76.977
373,7D216345,Multiple_Gunshots,2017-01-07,03:03:16,WashingtonDC7D,38.849,-76.968
374,7D216346,Multiple_Gunshots,2017-01-07,03:03:17,WashingtonDC7D,38.848,-76.973
375,7D216347,Single_Gunshot,2017-01-07,03:35:58,WashingtonDC7D,38.83,-76.993
376,7D216350,Multiple_Gunshots,2017-01-07,07:31:11,WashingtonDC7D,38.858,-76.974
377,7D216353,Multiple_Gunshots,2017-01-07,16:13:25,WashingtonDC7D,38.839,-76.997
378,6D175273,Single_Gunshot,2017-01-07,19:59:48,WashingtonDC6D,38.884,-76.959
379,7D216355,Multiple_Gunshots,2017-01-07,20:25:22,WashingtonDC7D,38.845,-77.005
380,6D175275,Single_Gunshot,2017-01-07,21:33:02,WashingtonDC6D,38.89,-76.954
381,6D175276,Multiple_Gunshots,2017-01-07,23:25:27,WashingtonDC6D,38.887,-76.926
382,1D84693,Multiple_Gunshots,2017-01-07,23:52:52,WashingtonDC1D,38.879,-77.016
383,6D175277,Multiple_Gunshots,2017-01-08,01:38:13,WashingtonDC6D,38.897,-76.938
384,6D175278,Multiple_Gunshots,2017-01-08,01:38:16,WashingtonDC6D,38.897,-76.938
385,6D175281,Gunshot_or_Firecracker,2017-01-08,15:51:50,WashingtonDC6D,38.898,-76.928
386,6D175283,Single_Gunshot,2017-01-08,16:15:05,WashingtonDC6D,38.898,-76.928
387,6D175285,Single_Gunshot,2017-01-08,17:17:12,WashingtonDC6D,38.912,-76.937
388,5D70171,Single_Gunshot,2017-01-08,17:33:09,WashingtonDC5D,38.93,-76.965
389,1D84694,Single_Gunshot,2017-01-08,17:40:17,WashingtonDC1D,38.876,-77.011
390,7D216360,Single_Gunshot,2017-01-08,18:11:51,WashingtonDC7D,38.842,-76.989
391,6D175286,Multiple_Gunshots,2017-01-08,18:47:07,WashingtonDC6D,38.911,-76.932
392,6D175287,Multiple_Gunshots,2017-01-08,20:56:45,WashingtonDC6D,38.906,-76.948
393,6D175288,Multiple_Gunshots,2017-01-08,21:43:49,WashingtonDC6D,38.889,-76.959
394,5D70173,Single_Gunshot,2017-01-08,22:25:44,WashingtonDC5D,38.907,-77.018
395,3D61725,Single_Gunshot,2017-01-08,22:25:44,WashingtonDC3D,38.907,-77.018
396,7D216361,Multiple_Gunshots,2017-01-08,23:30:30,WashingtonDC7D,38.848,-76.963
397,7D216362,Multiple_Gunshots,2017-01-09,01:23:24,WashingtonDC7D,38.865,-76.987
398,7D216363,Multiple_Gunshots,2017-01-09,01:58:22,WashingtonDC7D,38.829,-77.0
399,6D175289,Multiple_Gunshots,2017-01-09,03:26:43,WashingtonDC6D,38.877,-76.933
400,6D175290,Multiple_Gunshots,2017-01-09,03:26:50,WashingtonDC6D,38.877,-76.933
401,7D216371,Single_Gunshot,2017-01-09,17:34:20,WashingtonDC7D,38.83,-76.993
402,7D216372,Single_Gunshot,2017-01-09,23:08:35,WashingtonDC7D,38.864,-76.981
403,7D216373,Multiple_Gunshots,2017-01-09,23:49:05,WashingtonDC7D,38.853,-76.982
404,7D216374,Single_Gunshot,2017-01-10,01:08:08,WashingtonDC7D,38.859,-76.996
405,7D216375,Single_Gunshot,2017-01-10,02:54:40,WashingtonDC7D,38.841,-76.972
406,7D216377,Multiple_Gunshots,2017-01-10,04:06:37,WashingtonDC7D,38.861,-76.978
407,3D61731,Single_Gunshot,2017-01-10,09:16:40,WashingtonDC3D,38.912,-77.012
408,7D216393,Multiple_Gunshots,2017-01-10,17:56:56,WashingtonDC7D,38.844,-76.972
409,5D70193,Multiple_Gunshots,2017-01-10,19:41:52,WashingtonDC5D,38.899,-76.983
410,7D216395,Multiple_Gunshots,2017-01-10,20:33:33,WashingtonDC7D,38.862,-76.988
411,6D175303,Single_Gunshot,2017-01-10,21:06:37,WashingtonDC6D,38.89,-76.95
412,7D216399,Multiple_Gunshots,2017-01-10,23:41:56,WashingtonDC7D,38.828,-77.004
413,6D175304,Multiple_Gunshots,2017-01-10,23:57:18,WashingtonDC6D,38.901,-76.937
414,7D216420,Single_Gunshot,2017-01-11,18:14:40,WashingtonDC7D,38.831,-76.99
415,6D175317,Gunshot_or_Firecracker,2017-01-11,19:19:55,WashingtonDC6D,38.903,-76.943
416,7D216425,Single_Gunshot,2017-01-11,19:34:32,WashingtonDC7D,38.828,-76.997
417,6D175320,Single_Gunshot,2017-01-11,22:38:57,WashingtonDC6D,38.887,-76.955
418,7D216436,Single_Gunshot,2017-01-11,22:57:07,WashingtonDC7D,38.849,-76.968
419,7D216437,Single_Gunshot,2017-01-12,02:25:33,WashingtonDC7D,38.862,-76.98
420,7D216438,Single_Gunshot,2017-01-12,02:28:05,WashingtonDC7D,38.864,-76.98
421,6D175322,Multiple_Gunshots,2017-01-12,02:28:05,WashingtonDC6D,38.864,-76.98
422,7D216439,Single_Gunshot,2017-01-12,02:28:11,WashingtonDC7D,38.865,-76.98
423,6D175323,Single_Gunshot,2017-01-12,02:46:27,WashingtonDC6D,38.881,-76.933
424,7D216442,Multiple_Gunshots,2017-01-12,05:31:02,WashingtonDC7D,38.857,-76.974
425,4D58384,Single_Gunshot,2017-01-12,07:13:29,WashingtonDC4D,38.944,-77.033
426,4D58387,Single_Gunshot,2017-01-12,11:56:04,WashingtonDC4D,38.951,-77.02
427,5D70209,Multiple_Gunshots,2017-01-12,14:34:14,WashingtonDC5D,38.899,-76.982
428,7D216446,Multiple_Gunshots,2017-01-12,19:09:38,WashingtonDC7D,38.823,-76.994
429,7D216447,Multiple_Gunshots,2017-01-12,19:17:25,WashingtonDC7D,38.856,-76.973
430,7D216448,Multiple_Gunshots,2017-01-12,20:05:41,WashingtonDC7D,38.854,-76.983
431,5D70212,Single_Gunshot,2017-01-12,20:25:43,WashingtonDC5D,38.896,-76.98
432,6D175332,Single_Gunshot,2017-01-12,22:35:07,WashingtonDC6D,38.885,-76.922
433,7D216452,Multiple_Gunshots,2017-01-12,23:13:09,WashingtonDC7D,38.846,-76.998
434,7D216453,Single_Gunshot,2017-01-12,23:26:55,WashingtonDC7D,38.844,-76.989
435,7D216455,Single_Gunshot,2017-01-13,00:19:43,WashingtonDC7D,38.839,-77.007
436,7D216457,Multiple_Gunshots,2017-01-13,00:49:33,WashingtonDC7D,38.822,-77.0
437,7D216458,Multiple_Gunshots,2017-01-13,01:17:10,WashingtonDC7D,38.859,-76.986
438,7D216459,Multiple_Gunshots,2017-01-13,01:57:08,WashingtonDC7D,38.824,-76.99
439,7D216460,Multiple_Gunshots,2017-01-13,02:10:49,WashingtonDC7D,38.829,-77.0
440,6D175333,Multiple_Gunshots,2017-01-13,09:13:57,WashingtonDC6D,38.894,-76.924
441,6D175334,Multiple_Gunshots,2017-01-13,09:14:06,WashingtonDC6D,38.893,-76.924
442,6D175335,Multiple_Gunshots,2017-01-13,09:14:12,WashingtonDC6D,38.887,-76.922
443,7D216468,Multiple_Gunshots,2017-01-13,14:05:51,WashingtonDC7D,38.864,-76.979
444,6D175349,Multiple_Gunshots,2017-01-13,19:43:08,WashingtonDC6D,38.889,-76.956
445,7D216473,Multiple_Gunshots,2017-01-13,21:25:15,WashingtonDC7D,38.83,-76.993
446,7D216474,Multiple_Gunshots,2017-01-13,21:25:18,WashingtonDC7D,38.83,-76.994
447,5D70223,Multiple_Gunshots,2017-01-13,21:31:11,WashingtonDC5D,38.905,-76.982
448,1D84723,Multiple_Gunshots,2017-01-13,21:31:13,WashingtonDC1D,38.904,-76.983
449,4D58392,Single_Gunshot,2017-01-13,22:53:31,WashingtonDC4D,38.941,-77.026
450,7D216476,Multiple_Gunshots,2017-01-13,22:58:01,WashingtonDC7D,38.853,-76.965
451,5D70225,Single_Gunshot,2017-01-13,23:10:10,WashingtonDC5D,38.92,-76.98
452,5D70226,Multiple_Gunshots,2017-01-13,23:43:29,WashingtonDC5D,38.905,-77.009
453,5D70227,Multiple_Gunshots,2017-01-13,23:43:32,WashingtonDC5D,38.904,-77.009
454,7D216477,Multiple_Gunshots,2017-01-14,00:28:24,WashingtonDC7D,38.862,-76.987
455,3D61755,Multiple_Gunshots,2017-01-14,01:10:16,WashingtonDC3D,38.924,-77.032
456,6D175351,Single_Gunshot,2017-01-14,01:12:58,WashingtonDC6D,38.876,-76.931
457,7D216480,Multiple_Gunshots,2017-01-14,06:22:59,WashingtonDC7D,38.867,-76.97
458,6D175353,Multiple_Gunshots,2017-01-14,06:23:00,WashingtonDC6D,38.867,-76.97
459,5D70230,Single_Gunshot,2017-01-14,17:20:18,WashingtonDC5D,38.931,-76.971
460,6D175359,Single_Gunshot,2017-01-14,19:01:35,WashingtonDC6D,38.871,-76.949
461,7D216487,Multiple_Gunshots,2017-01-14,19:25:23,WashingtonDC7D,38.854,-76.981
462,5D70231,Single_Gunshot,2017-01-14,19:38:43,WashingtonDC5D,38.914,-76.971
463,7D216489,Single_Gunshot,2017-01-14,20:05:34,WashingtonDC7D,38.837,-77.003
464,6D175360,Single_Gunshot,2017-01-14,22:02:42,WashingtonDC6D,38.87,-76.937
465,5D70232,Multiple_Gunshots,2017-01-14,22:57:37,WashingtonDC5D,38.899,-76.982
466,1D84724,Multiple_Gunshots,2017-01-14,22:57:37,WashingtonDC1D,38.9,-76.982
467,6D175371,Multiple_Gunshots,2017-01-15,00:39:48,WashingtonDC6D,38.885,-76.95
468,7D216493,Multiple_Gunshots,2017-01-15,01:12:18,WashingtonDC7D,38.844,-76.976
469,1D84727,Single_Gunshot,2017-01-15,02:50:12,WashingtonDC1D,38.874,-77.014
470,1D84731,Multiple_Gunshots,2017-01-15,02:50:22,WashingtonDC1D,38.874,-77.014
471,1D84733,Single_Gunshot,2017-01-15,02:50:27,WashingtonDC1D,38.874,-77.014
472,1D84735,Multiple_Gunshots,2017-01-15,02:50:29,WashingtonDC1D,38.874,-77.014
473,1D84736,Multiple_Gunshots,2017-01-15,02:50:35,WashingtonDC1D,38.874,-77.014
474,1D84737,Multiple_Gunshots,2017-01-15,02:50:41,WashingtonDC1D,38.874,-77.014
475,3D61759,Multiple_Gunshots,2017-01-15,03:20:08,WashingtonDC3D,38.915,-77.022
476,7D216496,Single_Gunshot,2017-01-15,04:02:47,WashingtonDC7D,38.844,-76.964
477,6D175373,Multiple_Gunshots,2017-01-15,04:21:45,WashingtonDC6D,38.881,-76.934
478,6D175374,Multiple_Gunshots,2017-01-15,04:21:56,WashingtonDC6D,38.881,-76.934
479,6D175375,Single_Gunshot,2017-01-15,06:19:49,WashingtonDC6D,38.892,-76.914
480,3D61761,Gunshot_or_Firecracker,2017-01-15,13:17:38,WashingtonDC3D,38.914,-77.023
481,7D216504,Multiple_Gunshots,2017-01-15,17:37:02,WashingtonDC7D,38.857,-76.974
482,7D216505,Multiple_Gunshots,2017-01-15,17:37:13,WashingtonDC7D,38.856,-76.974
483,7D216506,Single_Gunshot,2017-01-15,18:52:20,WashingtonDC7D,38.856,-76.968
484,7D216508,Single_Gunshot,2017-01-15,20:01:07,WashingtonDC7D,38.821,-77.007
485,6D175401,Single_Gunshot,2017-01-15,20:24:51,WashingtonDC6D,38.896,-76.923
486,6D175402,Single_Gunshot,2017-01-15,20:25:17,WashingtonDC6D,38.896,-76.923
487,7D216514,Multiple_Gunshots,2017-01-15,21:26:19,WashingtonDC7D,38.857,-76.974
488,7D216515,Single_Gunshot,2017-01-15,21:27:08,WashingtonDC7D,38.829,-76.993
489,7D216516,Single_Gunshot,2017-01-15,21:57:24,WashingtonDC7D,38.862,-76.991
490,4D58395,Single_Gunshot,2017-01-15,22:15:04,WashingtonDC4D,38.952,-77.027
491,7D216517,Multiple_Gunshots,2017-01-15,22:56:12,WashingtonDC7D,38.821,-76.999
492,7D216519,Multiple_Gunshots,2017-01-15,23:05:36,WashingtonDC7D,38.821,-77.0
493,6D175405,Multiple_Gunshots,2017-01-15,23:22:13,WashingtonDC6D,38.906,-76.916
494,6D175408,Multiple_Gunshots,2017-01-16,02:31:06,WashingtonDC6D,38.876,-76.97
495,7D216520,Single_Gunshot,2017-01-16,02:36:58,WashingtonDC7D,38.871,-76.977
496,6D175409,Single_Gunshot,2017-01-16,02:36:58,WashingtonDC6D,38.871,-76.977
497,7D216521,Multiple_Gunshots,2017-01-16,02:37:22,WashingtonDC7D,38.871,-76.977
498,6D175410,Multiple_Gunshots,2017-01-16,02:37:22,WashingtonDC6D,38.871,-76.977
499,6D175411,Multiple_Gunshots,2017-01-16,02:41:25,WashingtonDC6D,38.895,-76.922
500,6D175412,Multiple_Gunshots,2017-01-16,02:52:15,WashingtonDC6D,38.904,-76.938
501,7D216522,Multiple_Gunshots,2017-01-16,03:38:00,WashingtonDC7D,38.83,-76.993
502,6D175413,Single_Gunshot,2017-01-16,06:02:08,WashingtonDC6D,38.909,-76.933
503,7D216524,Single_Gunshot,2017-01-16,06:06:10,WashingtonDC7D,38.847,-76.974
504,7D216528,Multiple_Gunshots,2017-01-16,10:16:41,WashingtonDC7D,38.854,-76.986
505,7D216538,Multiple_Gunshots,2017-01-16,16:05:58,WashingtonDC7D,38.824,-76.997
506,7D216539,Multiple_Gunshots,2017-01-16,17:52:37,WashingtonDC7D,38.842,-77.002
507,6D175429,Multiple_Gunshots,2017-01-16,18:55:38,WashingtonDC6D,38.889,-76.924
508,5D70240,Multiple_Gunshots,2017-01-16,19:05:36,WashingtonDC5D,38.928,-76.958
509,6D175430,Multiple_Gunshots,2017-01-16,21:25:58,WashingtonDC6D,38.886,-76.953
510,1D84745,Multiple_Gunshots,2017-01-16,21:26:06,WashingtonDC1D,38.893,-76.982
511,6D175431,Gunshot_or_Firecracker,2017-01-16,21:29:13,WashingtonDC6D,38.882,-76.923
512,7D216545,Single_Gunshot,2017-01-17,00:06:13,WashingtonDC7D,38.829,-76.994
513,6D175434,Multiple_Gunshots,2017-01-17,01:11:32,WashingtonDC6D,38.874,-76.937
514,4D58399,Single_Gunshot,2017-01-17,02:03:09,WashingtonDC4D,38.954,-77.016
515,5D70246,Multiple_Gunshots,2017-01-17,06:35:34,WashingtonDC5D,38.899,-76.985
516,5D70254,Multiple_Gunshots,2017-01-17,15:25:47,WashingtonDC5D,38.908,-76.987
517,5D70255,Multiple_Gunshots,2017-01-17,17:12:42,WashingtonDC5D,38.899,-76.982
518,6D175445,Multiple_Gunshots,2017-01-17,17:58:12,WashingtonDC6D,38.9,-76.939
519,6D175446,Single_Gunshot,2017-01-17,19:48:41,WashingtonDC6D,38.896,-76.937
520,7D216553,Single_Gunshot,2017-01-17,20:39:49,WashingtonDC7D,38.83,-76.992
521,6D175447,Multiple_Gunshots,2017-01-17,21:01:00,WashingtonDC6D,38.89,-76.928
522,3D61772,Single_Gunshot,2017-01-17,23:09:11,WashingtonDC3D,38.922,-77.032
523,7D216554,Multiple_Gunshots,2017-01-18,00:48:08,WashingtonDC7D,38.844,-77.0
524,7D216555,Multiple_Gunshots,2017-01-18,01:08:14,WashingtonDC7D,38.867,-76.981
525,7D216556,Single_Gunshot,2017-01-18,01:35:05,WashingtonDC7D,38.829,-76.996
526,6D175449,Multiple_Gunshots,2017-01-18,04:25:06,WashingtonDC6D,38.873,-76.936
527,6D175450,Multiple_Gunshots,2017-01-18,05:52:24,WashingtonDC6D,38.895,-76.949
528,4D58418,Multiple_Gunshots,2017-01-18,06:13:58,WashingtonDC4D,38.952,-77.02
529,5D70264,Single_Gunshot,2017-01-18,18:12:28,WashingtonDC5D,38.921,-76.994
530,7D216562,Multiple_Gunshots,2017-01-18,19:19:01,WashingtonDC7D,38.835,-76.998
531,7D216563,Multiple_Gunshots,2017-01-18,20:00:03,WashingtonDC7D,38.853,-76.971
532,5D70265,Multiple_Gunshots,2017-01-18,20:03:15,WashingtonDC5D,38.926,-77.008
533,7D216564,Multiple_Gunshots,2017-01-18,21:02:11,WashingtonDC7D,38.865,-77.0
534,6D175459,Multiple_Gunshots,2017-01-19,00:30:13,WashingtonDC6D,38.873,-76.972
535,6D175460,Multiple_Gunshots,2017-01-19,01:33:37,WashingtonDC6D,38.919,-76.934
536,6D175468,Multiple_Gunshots,2017-01-19,10:44:29,WashingtonDC6D,38.895,-76.925
537,7D216573,Single_Gunshot,2017-01-19,17:48:33,WashingtonDC7D,38.845,-76.98
538,6D175475,Single_Gunshot,2017-01-19,18:06:00,WashingtonDC6D,38.885,-76.954
539,7D216574,Multiple_Gunshots,2017-01-19,18:19:50,WashingtonDC7D,38.838,-77.003
540,4D58443,Single_Gunshot,2017-01-19,20:07:14,WashingtonDC4D,38.947,-77.03
541,6D175479,Single_Gunshot,2017-01-19,20:13:43,WashingtonDC6D,38.911,-76.939
542,7D216577,Multiple_Gunshots,2017-01-19,20:37:11,WashingtonDC7D,38.845,-76.98
543,7D216578,Single_Gunshot,2017-01-19,20:37:30,WashingtonDC7D,38.845,-76.98
544,6D175480,Single_Gunshot,2017-01-19,21:21:35,WashingtonDC6D,38.88,-76.927
545,7D216581,Single_Gunshot,2017-01-19,23:39:59,WashingtonDC7D,38.822,-76.999
546,7D216583,Single_Gunshot,2017-01-19,23:52:25,WashingtonDC7D,38.857,-76.973
547,7D216584,Multiple_Gunshots,2017-01-19,23:56:23,WashingtonDC7D,38.857,-76.974
548,6D175483,Single_Gunshot,2017-01-20,00:05:46,WashingtonDC6D,38.889,-76.916
549,6D175484,Multiple_Gunshots,2017-01-20,00:12:52,WashingtonDC6D,38.875,-76.97
550,6D175485,Multiple_Gunshots,2017-01-20,00:20:12,WashingtonDC6D,38.888,-76.92
551,6D175486,Multiple_Gunshots,2017-01-20,00:20:18,WashingtonDC6D,38.889,-76.921
552,7D216587,Single_Gunshot,2017-01-20,00:42:36,WashingtonDC7D,38.86,-76.991
553,7D216588,Multiple_Gunshots,2017-01-20,00:44:52,WashingtonDC7D,38.828,-76.998
554,7D216589,Multiple_Gunshots,2017-01-20,00:53:43,WashingtonDC7D,38.85,-76.974
555,7D216590,Single_Gunshot,2017-01-20,01:29:02,WashingtonDC7D,38.821,-76.999
556,7D216591,Multiple_Gunshots,2017-01-20,01:29:07,WashingtonDC7D,38.822,-77.0
557,7D216593,Multiple_Gunshots,2017-01-20,01:59:08,WashingtonDC7D,38.859,-76.989
558,6D175487,Multiple_Gunshots,2017-01-20,01:59:13,WashingtonDC6D,38.861,-76.988
559,7D216594,Multiple_Gunshots,2017-01-20,01:59:46,WashingtonDC7D,38.86,-76.988
560,6D175488,Multiple_Gunshots,2017-01-20,01:59:48,WashingtonDC6D,38.859,-76.988
561,6D175489,Multiple_Gunshots,2017-01-20,01:59:51,WashingtonDC6D,38.878,-76.987
562,6D175490,Multiple_Gunshots,2017-01-20,01:59:55,WashingtonDC6D,38.86,-76.989
563,6D175491,Single_Gunshot,2017-01-20,02:09:43,WashingtonDC6D,38.911,-76.936
564,7D216595,Multiple_Gunshots,2017-01-20,02:23:22,WashingtonDC7D,38.829,-76.992
565,7D216596,Multiple_Gunshots,2017-01-20,02:23:25,WashingtonDC7D,38.829,-76.992
566,7D216597,Multiple_Gunshots,2017-01-20,02:38:14,WashingtonDC7D,38.828,-76.998
567,7D216598,Multiple_Gunshots,2017-01-20,02:38:18,WashingtonDC7D,38.83,-76.997
568,7D216599,Multiple_Gunshots,2017-01-20,03:07:06,WashingtonDC7D,38.82,-76.994
569,7D216601,Single_Gunshot,2017-01-20,04:04:22,WashingtonDC7D,38.851,-76.971
570,6D175502,Multiple_Gunshots,2017-01-20,19:37:52,WashingtonDC6D,38.899,-76.945
571,4D58449,Multiple_Gunshots,2017-01-20,20:42:56,WashingtonDC4D,38.954,-77.016
572,6D175506,Single_Gunshot,2017-01-20,22:30:41,WashingtonDC6D,38.885,-76.925
573,6D175508,Multiple_Gunshots,2017-01-20,23:05:58,WashingtonDC6D,38.896,-76.953
574,7D216609,Single_Gunshot,2017-01-20,23:22:57,WashingtonDC7D,38.848,-76.974
575,7D216610,Single_Gunshot,2017-01-21,00:31:40,WashingtonDC7D,38.849,-76.972
576,6D175509,Multiple_Gunshots,2017-01-21,00:54:22,WashingtonDC6D,38.889,-76.916
577,6D175510,Multiple_Gunshots,2017-01-21,00:54:30,WashingtonDC6D,38.891,-76.917
578,6D175511,Multiple_Gunshots,2017-01-21,00:54:31,WashingtonDC6D,38.89,-76.917
579,7D216611,Single_Gunshot,2017-01-21,01:00:50,WashingtonDC7D,38.857,-76.974
580,5D70299,Single_Gunshot,2017-01-21,01:04:08,WashingtonDC5D,38.896,-76.981
581,6D175512,Multiple_Gunshots,2017-01-21,01:11:48,WashingtonDC6D,38.881,-76.929
582,4D58456,Multiple_Gunshots,2017-01-21,01:30:59,WashingtonDC4D,38.951,-77.02
583,6D175513,Multiple_Gunshots,2017-01-21,01:54:29,WashingtonDC6D,38.876,-76.969
584,6D175514,Multiple_Gunshots,2017-01-21,03:27:38,WashingtonDC6D,38.886,-76.933
585,6D175515,Multiple_Gunshots,2017-01-21,03:27:42,WashingtonDC6D,38.89,-76.926
586,7D216612,Multiple_Gunshots,2017-01-21,03:39:25,WashingtonDC7D,38.821,-77.007
587,7D216614,Single_Gunshot,2017-01-21,10:57:28,WashingtonDC7D,38.863,-76.98
588,4D58459,Single_Gunshot,2017-01-21,10:58:20,WashingtonDC4D,38.941,-77.036
589,4D58460,Multiple_Gunshots,2017-01-21,10:58:37,WashingtonDC4D,38.944,-77.043
590,5D70307,Multiple_Gunshots,2017-01-21,11:21:38,WashingtonDC5D,38.898,-76.98
591,7D216617,Single_Gunshot,2017-01-21,18:34:38,WashingtonDC7D,38.848,-76.971
592,7D216619,Single_Gunshot,2017-01-21,21:51:52,WashingtonDC7D,38.818,-76.994
593,5D70310,Multiple_Gunshots,2017-01-21,23:00:15,WashingtonDC5D,38.91,-77.015
594,3D61854,Multiple_Gunshots,2017-01-21,23:00:17,WashingtonDC3D,38.911,-77.012
595,6D175524,Single_Gunshot,2017-01-21,23:18:49,WashingtonDC6D,38.891,-76.948
596,7D216622,Multiple_Gunshots,2017-01-21,23:57:31,WashingtonDC7D,38.848,-76.974
597,7D216623,Multiple_Gunshots,2017-01-21,23:57:40,WashingtonDC7D,38.848,-76.975
598,7D216624,Multiple_Gunshots,2017-01-21,23:57:41,WashingtonDC7D,38.848,-76.974
599,5D70311,Multiple_Gunshots,2017-01-22,00:24:18,WashingtonDC5D,38.925,-77.001
600,7D216625,Single_Gunshot,2017-01-22,00:28:53,WashingtonDC7D,38.836,-76.989
601,7D216626,Multiple_Gunshots,2017-01-22,01:17:21,WashingtonDC7D,38.845,-76.971
602,6D175525,Multiple_Gunshots,2017-01-22,01:30:02,WashingtonDC6D,38.89,-76.954
603,7D216627,Single_Gunshot,2017-01-22,02:18:46,WashingtonDC7D,38.836,-76.993
604,7D216628,Multiple_Gunshots,2017-01-22,03:34:57,WashingtonDC7D,38.829,-77.002
605,7D216631,Multiple_Gunshots,2017-01-22,03:35:14,WashingtonDC7D,38.829,-77.001
606,6D175526,Multiple_Gunshots,2017-01-22,04:34:24,WashingtonDC6D,38.874,-76.934
607,6D175527,Multiple_Gunshots,2017-01-22,05:30:13,WashingtonDC6D,38.881,-76.927
608,6D175528,Multiple_Gunshots,2017-01-22,12:25:42,WashingtonDC6D,38.89,-76.955
609,7D216633,Multiple_Gunshots,2017-01-22,13:17:26,WashingtonDC7D,38.865,-76.978
610,7D216637,Multiple_Gunshots,2017-01-22,18:36:59,WashingtonDC7D,38.848,-76.971
611,7D216638,Multiple_Gunshots,2017-01-22,18:37:09,WashingtonDC7D,38.848,-76.97
612,7D216639,Single_Gunshot,2017-01-22,20:07:49,WashingtonDC7D,38.859,-76.988
613,6D175530,Multiple_Gunshots,2017-01-22,21:17:56,WashingtonDC6D,38.893,-76.912
614,7D216641,Single_Gunshot,2017-01-22,21:30:10,WashingtonDC7D,38.854,-76.972
615,7D216643,Single_Gunshot,2017-01-22,22:40:57,WashingtonDC7D,38.868,-76.98
616,6D175531,Single_Gunshot,2017-01-22,22:40:57,WashingtonDC6D,38.869,-76.98
617,5D70314,Multiple_Gunshots,2017-01-22,22:59:43,WashingtonDC5D,38.904,-76.976
618,7D216649,Single_Gunshot,2017-01-23,17:50:56,WashingtonDC7D,38.829,-76.996
619,6D175537,Single_Gunshot,2017-01-23,17:59:41,WashingtonDC6D,38.908,-76.932
620,5D70317,Multiple_Gunshots,2017-01-23,19:32:15,WashingtonDC5D,38.907,-76.978
621,6D175538,Single_Gunshot,2017-01-23,19:40:06,WashingtonDC6D,38.899,-76.946
622,7D216651,Multiple_Gunshots,2017-01-23,20:08:08,WashingtonDC7D,38.857,-76.972
623,7D216652,Single_Gunshot,2017-01-23,21:49:01,WashingtonDC7D,38.83,-76.999
624,7D216654,Multiple_Gunshots,2017-01-23,22:28:39,WashingtonDC7D,38.854,-76.966
625,5D70318,Multiple_Gunshots,2017-01-23,22:47:56,WashingtonDC5D,38.919,-77.006
626,3D61857,Multiple_Gunshots,2017-01-23,22:47:58,WashingtonDC3D,38.919,-77.006
627,6D175540,Multiple_Gunshots,2017-01-23,23:19:20,WashingtonDC6D,38.899,-76.945
628,7D216655,Multiple_Gunshots,2017-01-23,23:21:34,WashingtonDC7D,38.855,-76.978
629,7D216656,Multiple_Gunshots,2017-01-23,23:21:42,WashingtonDC7D,38.855,-76.978
630,7D216657,Multiple_Gunshots,2017-01-23,23:21:52,WashingtonDC7D,38.855,-76.978
631,7D216658,Multiple_Gunshots,2017-01-23,23:48:32,WashingtonDC7D,38.854,-76.985
632,6D175541,Gunshot_or_Firecracker,2017-01-24,01:16:23,WashingtonDC6D,38.882,-76.936
633,6D175542,Multiple_Gunshots,2017-01-24,02:29:35,WashingtonDC6D,38.901,-76.936
634,5D70321,Multiple_Gunshots,2017-01-24,14:37:01,WashingtonDC5D,38.899,-76.98
635,5D70325,Single_Gunshot,2017-01-24,15:50:55,WashingtonDC5D,38.903,-77.014
636,7D216673,Single_Gunshot,2017-01-24,16:42:41,WashingtonDC7D,38.846,-77.004
637,5D70326,Single_Gunshot,2017-01-24,19:11:01,WashingtonDC5D,38.907,-77.013
638,7D216674,Multiple_Gunshots,2017-01-24,20:01:17,WashingtonDC7D,38.846,-77.004
639,7D216675,Multiple_Gunshots,2017-01-24,20:01:51,WashingtonDC7D,38.846,-77.006
640,7D216676,Single_Gunshot,2017-01-24,20:01:59,WashingtonDC7D,38.846,-77.005
641,7D216677,Single_Gunshot,2017-01-24,20:21:08,WashingtonDC7D,38.852,-76.971
642,5D70328,Multiple_Gunshots,2017-01-24,21:25:17,WashingtonDC5D,38.904,-76.981
643,5D70329,Multiple_Gunshots,2017-01-24,21:25:21,WashingtonDC5D,38.904,-76.981
644,7D216679,Single_Gunshot,2017-01-24,21:50:54,WashingtonDC7D,38.856,-76.973
645,3D61863,Multiple_Gunshots,2017-01-24,23:33:45,WashingtonDC3D,38.912,-77.023
646,5D70330,Multiple_Gunshots,2017-01-24,23:33:46,WashingtonDC5D,38.912,-77.023
647,6D175550,Single_Gunshot,2017-01-25,02:41:29,WashingtonDC6D,38.873,-76.98
648,3D61864,Single_Gunshot,2017-01-25,03:16:57,WashingtonDC3D,38.927,-77.027
649,7D216682,Multiple_Gunshots,2017-01-25,03:42:52,WashingtonDC7D,38.847,-77.001
650,6D175558,Multiple_Gunshots,2017-01-25,15:53:17,WashingtonDC6D,38.898,-76.946
651,6D175559,Multiple_Gunshots,2017-01-25,16:28:49,WashingtonDC6D,38.886,-76.926
652,7D216688,Multiple_Gunshots,2017-01-25,16:30:27,WashingtonDC7D,38.846,-76.997
653,5D70337,Multiple_Gunshots,2017-01-25,21:07:25,WashingtonDC5D,38.9,-76.983
654,5D70338,Multiple_Gunshots,2017-01-25,21:07:31,WashingtonDC5D,38.899,-76.983
655,7D216694,Single_Gunshot,2017-01-25,21:29:39,WashingtonDC7D,38.859,-76.996
656,5D70339,Multiple_Gunshots,2017-01-25,21:48:22,WashingtonDC5D,38.913,-77.009
657,6D175564,Multiple_Gunshots,2017-01-25,22:32:26,WashingtonDC6D,38.882,-76.935
658,6D175565,Multiple_Gunshots,2017-01-25,22:32:32,WashingtonDC6D,38.884,-76.935
659,6D175566,Multiple_Gunshots,2017-01-25,22:32:34,WashingtonDC6D,38.887,-76.925
660,5D70340,Multiple_Gunshots,2017-01-25,22:58:53,WashingtonDC5D,38.934,-76.985
661,6D175568,Single_Gunshot,2017-01-25,23:52:49,WashingtonDC6D,38.896,-76.926
662,5D70342,Single_Gunshot,2017-01-26,00:49:32,WashingtonDC5D,38.903,-76.99
663,5D70343,Single_Gunshot,2017-01-26,03:06:32,WashingtonDC5D,38.9,-77.012
664,6D175569,Multiple_Gunshots,2017-01-26,03:32:48,WashingtonDC6D,38.895,-76.915
665,6D175570,Single_Gunshot,2017-01-26,03:34:11,WashingtonDC6D,38.901,-76.936
666,7D216704,Single_Gunshot,2017-01-26,18:21:09,WashingtonDC7D,38.827,-77.006
667,7D216707,Multiple_Gunshots,2017-01-26,21:21:03,WashingtonDC7D,38.854,-76.973
668,7D216708,Single_Gunshot,2017-01-26,21:41:06,WashingtonDC7D,38.832,-77.008
669,6D175576,Single_Gunshot,2017-01-27,02:03:04,WashingtonDC6D,38.884,-76.932
670,7D216714,Multiple_Gunshots,2017-01-27,16:46:41,WashingtonDC7D,38.842,-76.986
671,7D216715,Multiple_Gunshots,2017-01-27,18:25:24,WashingtonDC7D,38.862,-76.99
672,7D216716,Multiple_Gunshots,2017-01-27,20:42:47,WashingtonDC7D,38.825,-77.005
673,3D61881,Multiple_Gunshots,2017-01-28,00:14:44,WashingtonDC3D,38.926,-77.026
674,6D175587,Multiple_Gunshots,2017-01-28,00:56:00,WashingtonDC6D,38.899,-76.945
675,5D70352,Single_Gunshot,2017-01-28,03:49:15,WashingtonDC5D,38.901,-76.988
676,6D175598,Multiple_Gunshots,2017-01-28,20:45:23,WashingtonDC6D,38.889,-76.925
677,7D216733,Single_Gunshot,2017-01-28,22:23:05,WashingtonDC7D,38.829,-76.993
678,6D175600,Single_Gunshot,2017-01-28,22:31:51,WashingtonDC6D,38.895,-76.938
679,6D175601,Multiple_Gunshots,2017-01-28,22:51:02,WashingtonDC6D,38.868,-76.971
680,5D70357,Multiple_Gunshots,2017-01-28,23:15:24,WashingtonDC5D,38.918,-77.001
681,6D175603,Single_Gunshot,2017-01-28,23:23:57,WashingtonDC6D,38.887,-76.952
682,6D175604,Multiple_Gunshots,2017-01-28,23:38:40,WashingtonDC6D,38.896,-76.928
683,7D216735,Multiple_Gunshots,2017-01-29,00:38:41,WashingtonDC7D,38.837,-76.993
684,7D216736,Multiple_Gunshots,2017-01-29,00:56:51,WashingtonDC7D,38.829,-76.992
685,3D61890,Single_Gunshot,2017-01-29,01:01:33,WashingtonDC3D,38.928,-77.025
686,6D175606,Multiple_Gunshots,2017-01-29,01:09:56,WashingtonDC6D,38.867,-76.952
687,7D216737,Single_Gunshot,2017-01-29,01:38:25,WashingtonDC7D,38.84,-77.005
688,7D216738,Multiple_Gunshots,2017-01-29,02:02:14,WashingtonDC7D,38.868,-76.983
689,6D175607,Multiple_Gunshots,2017-01-29,02:02:14,WashingtonDC6D,38.868,-76.983
690,7D216740,Single_Gunshot,2017-01-29,03:50:19,WashingtonDC7D,38.828,-77.008
691,7D216741,Single_Gunshot,2017-01-29,04:00:29,WashingtonDC7D,38.829,-76.999
692,7D216746,Multiple_Gunshots,2017-01-29,08:23:17,WashingtonDC7D,38.867,-76.981
693,7D216751,Multiple_Gunshots,2017-01-29,15:33:00,WashingtonDC7D,38.841,-76.989
694,7D216752,Multiple_Gunshots,2017-01-29,15:33:03,WashingtonDC7D,38.84,-76.989
695,7D216756,Multiple_Gunshots,2017-01-29,19:01:46,WashingtonDC7D,38.853,-76.972
696,7D216757,Single_Gunshot,2017-01-29,19:14:23,WashingtonDC7D,38.863,-76.988
697,7D216758,Multiple_Gunshots,2017-01-29,19:18:54,WashingtonDC7D,38.838,-76.989
698,7D216759,Multiple_Gunshots,2017-01-29,19:19:00,WashingtonDC7D,38.838,-76.989
699,6D175610,Multiple_Gunshots,2017-01-29,19:34:48,WashingtonDC6D,38.893,-76.93
700,7D216761,Multiple_Gunshots,2017-01-29,20:10:09,WashingtonDC7D,38.823,-77.007
701,7D216762,Multiple_Gunshots,2017-01-29,20:19:28,WashingtonDC7D,38.844,-76.988
702,7D216763,Multiple_Gunshots,2017-01-29,20:19:43,WashingtonDC7D,38.844,-76.988
703,7D216764,Multiple_Gunshots,2017-01-29,21:31:11,WashingtonDC7D,38.852,-76.979
704,7D216765,Multiple_Gunshots,2017-01-29,21:31:16,WashingtonDC7D,38.84,-76.992
705,7D216766,Multiple_Gunshots,2017-01-29,22:20:24,WashingtonDC7D,38.849,-76.967
706,6D175611,Single_Gunshot,2017-01-29,22:21:03,WashingtonDC6D,38.891,-76.923
707,6D175612,Single_Gunshot,2017-01-29,22:34:54,WashingtonDC6D,38.886,-76.953
708,7D216768,Multiple_Gunshots,2017-01-29,22:54:18,WashingtonDC7D,38.856,-76.973
709,7D216769,Gunshot_or_Firecracker,2017-01-29,23:03:48,WashingtonDC7D,38.826,-77.01
710,5D70365,Single_Gunshot,2017-01-30,02:11:05,WashingtonDC5D,38.928,-76.96
711,4D58511,Multiple_Gunshots,2017-01-30,18:22:16,WashingtonDC4D,38.951,-77.02
712,7D216780,Gunshot_or_Firecracker,2017-01-30,20:39:05,WashingtonDC7D,38.842,-77.003
713,7D216782,Single_Gunshot,2017-01-30,21:13:47,WashingtonDC7D,38.857,-76.974
714,7D216783,Single_Gunshot,2017-01-30,21:21:11,WashingtonDC7D,38.849,-76.974
715,5D70371,Multiple_Gunshots,2017-01-30,23:26:19,WashingtonDC5D,38.904,-76.976
716,6D175618,Gunshot_or_Firecracker,2017-01-30,23:37:26,WashingtonDC6D,38.89,-76.958
717,7D216784,Single_Gunshot,2017-01-31,00:27:58,WashingtonDC7D,38.85,-76.974
718,6D175619,Multiple_Gunshots,2017-01-31,01:26:49,WashingtonDC6D,38.889,-76.93
719,6D175620,Multiple_Gunshots,2017-01-31,02:05:07,WashingtonDC6D,38.885,-76.951
720,3D61903,Multiple_Gunshots,2017-01-31,12:53:18,WashingtonDC3D,38.923,-77.027
721,7D216786,Multiple_Gunshots,2017-01-31,13:49:06,WashingtonDC7D,38.852,-76.971
722,7D216788,Multiple_Gunshots,2017-01-31,17:06:13,WashingtonDC7D,38.843,-76.998
723,6D175634,Multiple_Gunshots,2017-01-31,20:08:24,WashingtonDC6D,38.894,-76.924
724,7D216794,Multiple_Gunshots,2017-01-31,21:25:43,WashingtonDC7D,38.834,-76.997
725,7D216795,Multiple_Gunshots,2017-01-31,21:45:20,WashingtonDC7D,38.859,-76.996
726,7D216796,Multiple_Gunshots,2017-01-31,22:18:01,WashingtonDC7D,38.829,-76.993
727,7D216797,Multiple_Gunshots,2017-01-31,22:18:37,WashingtonDC7D,38.83,-76.994
728,7D216798,Multiple_Gunshots,2017-01-31,22:29:29,WashingtonDC7D,38.845,-76.997
729,7D216801,Multiple_Gunshots,2017-02-01,03:22:07,WashingtonDC7D,38.855,-76.991
730,6D175641,Single_Gunshot,2017-02-01,11:23:14,WashingtonDC6D,38.883,-76.931
731,7D216817,Multiple_Gunshots,2017-02-01,12:04:43,WashingtonDC7D,38.846,-76.971
732,6D175656,Multiple_Gunshots,2017-02-01,20:04:00,WashingtonDC6D,38.893,-76.926
733,6D175664,Single_Gunshot,2017-02-01,22:21:25,WashingtonDC6D,38.88,-76.928
734,6D175665,Single_Gunshot,2017-02-01,22:46:09,WashingtonDC6D,38.88,-76.927
735,6D175666,Multiple_Gunshots,2017-02-01,22:48:11,WashingtonDC6D,38.88,-76.927
736,7D216828,Single_Gunshot,2017-02-01,22:49:32,WashingtonDC7D,38.84,-77.001
737,7D216829,Multiple_Gunshots,2017-02-01,23:15:39,WashingtonDC7D,38.841,-76.99
738,5D70379,Multiple_Gunshots,2017-02-02,00:11:53,WashingtonDC5D,38.922,-76.98
739,5D70380,Single_Gunshot,2017-02-02,00:12:08,WashingtonDC5D,38.921,-76.981
740,7D216830,Multiple_Gunshots,2017-02-02,02:03:22,WashingtonDC7D,38.867,-76.972
741,7D216833,Multiple_Gunshots,2017-02-02,03:41:46,WashingtonDC7D,38.843,-76.969
742,6D175667,Multiple_Gunshots,2017-02-02,05:04:31,WashingtonDC6D,38.893,-76.936
743,7D216859,Multiple_Gunshots,2017-02-02,13:03:09,WashingtonDC7D,38.844,-76.983
744,6D175680,Gunshot_or_Firecracker,2017-02-02,16:45:48,WashingtonDC6D,38.884,-76.957
745,7D216881,Single_Gunshot,2017-02-02,18:10:25,WashingtonDC7D,38.854,-76.966
746,6D175691,Multiple_Gunshots,2017-02-02,22:21:19,WashingtonDC6D,38.906,-76.95
747,5D70390,Multiple_Gunshots,2017-02-03,02:09:42,WashingtonDC5D,38.911,-77.011
748,6D175693,Single_Gunshot,2017-02-03,02:17:48,WashingtonDC6D,38.912,-76.94
749,7D216886,Single_Gunshot,2017-02-03,18:33:23,WashingtonDC7D,38.841,-76.989
750,7D216887,Single_Gunshot,2017-02-03,19:14:09,WashingtonDC7D,38.841,-76.989
751,5D70393,Single_Gunshot,2017-02-03,19:44:06,WashingtonDC5D,38.923,-76.978
752,7D216888,Multiple_Gunshots,2017-02-03,20:25:03,WashingtonDC7D,38.844,-76.996
753,7D216889,Multiple_Gunshots,2017-02-03,21:25:54,WashingtonDC7D,38.858,-76.971
754,5D70394,Multiple_Gunshots,2017-02-04,01:12:19,WashingtonDC5D,38.906,-76.999
755,7D216893,Single_Gunshot,2017-02-04,02:57:25,WashingtonDC7D,38.842,-76.989
756,5D70396,Multiple_Gunshots,2017-02-04,03:33:00,WashingtonDC5D,38.902,-76.975
757,7D216894,Multiple_Gunshots,2017-02-04,03:59:02,WashingtonDC7D,38.859,-77.0
758,7D216906,Multiple_Gunshots,2017-02-04,18:56:49,WashingtonDC7D,38.841,-76.99
759,6D175701,Multiple_Gunshots,2017-02-04,19:44:04,WashingtonDC6D,38.891,-76.947
760,3D61917,Multiple_Gunshots,2017-02-04,20:08:50,WashingtonDC3D,38.907,-77.018
761,5D70398,Multiple_Gunshots,2017-02-04,20:08:51,WashingtonDC5D,38.907,-77.018
762,7D216908,Single_Gunshot,2017-02-04,21:28:55,WashingtonDC7D,38.857,-76.974
763,6D175702,Single_Gunshot,2017-02-04,22:16:50,WashingtonDC6D,38.891,-76.936
764,4D58538,Single_Gunshot,2017-02-04,22:29:43,WashingtonDC4D,38.947,-77.03
765,6D175704,Multiple_Gunshots,2017-02-04,22:39:34,WashingtonDC6D,38.881,-76.929
766,6D175707,Multiple_Gunshots,2017-02-04,23:20:06,WashingtonDC6D,38.887,-76.958
767,6D175714,Single_Gunshot,2017-02-05,00:26:27,WashingtonDC6D,38.874,-76.977
768,5D70399,Multiple_Gunshots,2017-02-05,01:11:18,WashingtonDC5D,38.907,-76.985
769,6D175715,Multiple_Gunshots,2017-02-05,01:14:13,WashingtonDC6D,38.88,-76.931
770,7D216909,Single_Gunshot,2017-02-05,01:30:11,WashingtonDC7D,38.858,-76.989
771,7D216910,Multiple_Gunshots,2017-02-05,03:51:36,WashingtonDC7D,38.828,-76.995
772,7D216911,Multiple_Gunshots,2017-02-05,03:51:42,WashingtonDC7D,38.826,-77.005
773,7D216912,Single_Gunshot,2017-02-05,03:51:46,WashingtonDC7D,38.831,-77.001
774,7D216913,Multiple_Gunshots,2017-02-05,03:51:47,WashingtonDC7D,38.829,-76.995
775,7D216916,Multiple_Gunshots,2017-02-05,15:16:52,WashingtonDC7D,38.842,-76.987
776,7D216917,Multiple_Gunshots,2017-02-05,16:32:02,WashingtonDC7D,38.857,-76.985
777,7D216918,Single_Gunshot,2017-02-05,17:27:22,WashingtonDC7D,38.829,-76.995
778,7D216920,Single_Gunshot,2017-02-05,18:22:14,WashingtonDC7D,38.857,-76.975
779,7D216921,Multiple_Gunshots,2017-02-05,18:24:41,WashingtonDC7D,38.855,-76.971
780,7D216922,Single_Gunshot,2017-02-05,18:41:49,WashingtonDC7D,38.839,-76.989
781,7D216923,Single_Gunshot,2017-02-05,18:42:27,WashingtonDC7D,38.839,-76.989
782,5D70400,Single_Gunshot,2017-02-05,19:13:41,WashingtonDC5D,38.934,-76.959
783,7D216925,Single_Gunshot,2017-02-05,19:25:10,WashingtonDC7D,38.815,-76.999
784,7D216926,Single_Gunshot,2017-02-05,19:35:32,WashingtonDC7D,38.816,-76.999
785,7D216928,Single_Gunshot,2017-02-05,20:48:00,WashingtonDC7D,38.831,-76.998
786,7D216929,Multiple_Gunshots,2017-02-05,20:48:54,WashingtonDC7D,38.857,-76.975
787,6D175728,Multiple_Gunshots,2017-02-05,21:18:29,WashingtonDC6D,38.884,-76.94
788,6D175729,Single_Gunshot,2017-02-05,21:25:26,WashingtonDC6D,38.884,-76.939
789,6D175731,Multiple_Gunshots,2017-02-05,21:29:27,WashingtonDC6D,38.881,-76.929
790,6D175732,Multiple_Gunshots,2017-02-05,21:31:56,WashingtonDC6D,38.891,-76.951
791,6D175733,Multiple_Gunshots,2017-02-05,21:32:06,WashingtonDC6D,38.891,-76.95
792,7D216930,Multiple_Gunshots,2017-02-05,22:00:49,WashingtonDC7D,38.847,-76.983
793,7D216931,Single_Gunshot,2017-02-05,22:25:34,WashingtonDC7D,38.823,-77.0
794,6D175734,Single_Gunshot,2017-02-05,22:26:11,WashingtonDC6D,38.894,-76.924
795,6D175735,Single_Gunshot,2017-02-05,22:29:59,WashingtonDC6D,38.88,-76.936
796,5D70403,Multiple_Gunshots,2017-02-05,23:10:09,WashingtonDC5D,38.896,-76.98
797,7D216933,Multiple_Gunshots,2017-02-06,00:12:38,WashingtonDC7D,38.822,-76.99
798,6D175736,Multiple_Gunshots,2017-02-06,00:46:16,WashingtonDC6D,38.889,-76.956
799,6D175737,Single_Gunshot,2017-02-06,00:48:03,WashingtonDC6D,38.885,-76.953
800,6D175747,Multiple_Gunshots,2017-02-06,16:28:28,WashingtonDC6D,38.88,-76.933
801,6D175748,Gunshot_or_Firecracker,2017-02-06,17:08:22,WashingtonDC6D,38.886,-76.926
802,7D216958,Single_Gunshot,2017-02-06,20:16:08,WashingtonDC7D,38.841,-76.959
803,7D216959,Single_Gunshot,2017-02-06,20:17:42,WashingtonDC7D,38.843,-76.984
804,7D216960,Multiple_Gunshots,2017-02-06,21:29:19,WashingtonDC7D,38.851,-76.966
805,6D175755,Multiple_Gunshots,2017-02-06,22:16:49,WashingtonDC6D,38.904,-76.952
806,6D175756,Single_Gunshot,2017-02-07,00:08:41,WashingtonDC6D,38.904,-76.933
807,7D216964,Multiple_Gunshots,2017-02-07,00:17:11,WashingtonDC7D,38.822,-76.994
808,7D216965,Multiple_Gunshots,2017-02-07,00:17:55,WashingtonDC7D,38.824,-76.996
809,7D216966,Multiple_Gunshots,2017-02-07,03:02:57,WashingtonDC7D,38.859,-76.993
810,7D216967,Multiple_Gunshots,2017-02-07,03:43:54,WashingtonDC7D,38.827,-76.999
811,7D216968,Multiple_Gunshots,2017-02-07,08:03:13,WashingtonDC7D,38.865,-76.983
812,6D175761,Multiple_Gunshots,2017-02-07,18:00:14,WashingtonDC6D,38.882,-76.94
813,6D175762,Multiple_Gunshots,2017-02-07,18:00:25,WashingtonDC6D,38.883,-76.941
814,5D70413,Single_Gunshot,2017-02-07,18:28:51,WashingtonDC5D,38.896,-76.98
815,5D70414,Multiple_Gunshots,2017-02-07,19:24:54,WashingtonDC5D,38.906,-76.973
816,7D216977,Multiple_Gunshots,2017-02-07,19:52:14,WashingtonDC7D,38.823,-77.007
817,5D70415,Multiple_Gunshots,2017-02-07,20:00:22,WashingtonDC5D,38.893,-76.981
818,7D216978,Multiple_Gunshots,2017-02-07,21:15:26,WashingtonDC7D,38.855,-76.968
819,5D70416,Single_Gunshot,2017-02-07,22:09:15,WashingtonDC5D,38.893,-76.981
820,6D175766,Single_Gunshot,2017-02-07,22:34:12,WashingtonDC6D,38.884,-76.931
821,6D175768,Single_Gunshot,2017-02-08,00:23:22,WashingtonDC6D,38.866,-76.97
822,6D175769,Single_Gunshot,2017-02-08,00:47:34,WashingtonDC6D,38.887,-76.937
823,6D175770,Multiple_Gunshots,2017-02-08,00:47:42,WashingtonDC6D,38.89,-76.938
824,6D175771,Single_Gunshot,2017-02-08,00:47:47,WashingtonDC6D,38.889,-76.935
825,5D70419,Single_Gunshot,2017-02-08,03:06:57,WashingtonDC5D,38.905,-76.989
826,6D175773,Multiple_Gunshots,2017-02-08,03:57:39,WashingtonDC6D,38.886,-76.93
827,6D175787,Multiple_Gunshots,2017-02-08,18:18:53,WashingtonDC6D,38.873,-76.971
828,6D175793,Single_Gunshot,2017-02-08,19:34:24,WashingtonDC6D,38.882,-76.956
829,7D216989,Multiple_Gunshots,2017-02-08,20:35:01,WashingtonDC7D,38.862,-76.998
830,6D175796,Multiple_Gunshots,2017-02-08,21:32:46,WashingtonDC6D,38.876,-76.953
831,6D175797,Single_Gunshot,2017-02-08,21:33:07,WashingtonDC6D,38.876,-76.953
832,6D175798,Multiple_Gunshots,2017-02-08,22:18:33,WashingtonDC6D,38.899,-76.946
833,5D70424,Single_Gunshot,2017-02-08,22:55:20,WashingtonDC5D,38.911,-77.015
834,3D61929,Single_Gunshot,2017-02-08,22:55:20,WashingtonDC3D,38.911,-77.015
835,6D175801,Single_Gunshot,2017-02-08,23:17:12,WashingtonDC6D,38.884,-76.956
836,4D58569,Single_Gunshot,2017-02-08,23:48:05,WashingtonDC4D,38.96,-77.016
837,6D175803,Multiple_Gunshots,2017-02-09,00:00:23,WashingtonDC6D,38.883,-76.972
838,7D216992,Single_Gunshot,2017-02-09,00:20:03,WashingtonDC7D,38.841,-76.989
839,6D175806,Multiple_Gunshots,2017-02-09,00:26:19,WashingtonDC6D,38.881,-76.971
840,5D70427,Multiple_Gunshots,2017-02-09,02:08:00,WashingtonDC5D,38.906,-76.977
841,7D216995,Multiple_Gunshots,2017-02-09,02:22:00,WashingtonDC7D,38.846,-76.968
842,7D216996,Multiple_Gunshots,2017-02-09,02:22:06,WashingtonDC7D,38.846,-76.97
843,6D175821,Single_Gunshot,2017-02-09,16:02:49,WashingtonDC6D,38.903,-76.943
844,5D70430,Multiple_Gunshots,2017-02-09,20:19:46,WashingtonDC5D,38.911,-76.986
845,6D175824,Single_Gunshot,2017-02-09,22:35:40,WashingtonDC6D,38.885,-76.952
846,6D175825,Multiple_Gunshots,2017-02-09,22:46:02,WashingtonDC6D,38.886,-76.952
847,6D175826,Multiple_Gunshots,2017-02-10,09:37:58,WashingtonDC6D,38.887,-76.952
848,6D175827,Multiple_Gunshots,2017-02-10,09:38:14,WashingtonDC6D,38.887,-76.952
849,6D175830,Multiple_Gunshots,2017-02-10,19:17:51,WashingtonDC6D,38.892,-76.913
850,6D175833,Multiple_Gunshots,2017-02-10,21:40:35,WashingtonDC6D,38.901,-76.924
851,6D175835,Multiple_Gunshots,2017-02-10,22:12:38,WashingtonDC6D,38.898,-76.917
852,7D217014,Multiple_Gunshots,2017-02-10,23:23:47,WashingtonDC7D,38.832,-77.006
853,7D217015,Multiple_Gunshots,2017-02-10,23:25:24,WashingtonDC7D,38.85,-76.975
854,7D217016,Single_Gunshot,2017-02-11,01:48:01,WashingtonDC7D,38.838,-76.993
855,7D217017,Multiple_Gunshots,2017-02-11,01:59:33,WashingtonDC7D,38.822,-77.009
856,5D70434,Single_Gunshot,2017-02-11,03:10:15,WashingtonDC5D,38.923,-76.972
857,5D70435,Single_Gunshot,2017-02-11,03:20:05,WashingtonDC5D,38.925,-76.977
858,7D217018,Single_Gunshot,2017-02-11,03:27:09,WashingtonDC7D,38.846,-76.973
859,7D217019,Single_Gunshot,2017-02-11,03:44:48,WashingtonDC7D,38.846,-76.973
860,5D70436,Multiple_Gunshots,2017-02-11,12:25:45,WashingtonDC5D,38.9,-76.985
861,4D58575,Single_Gunshot,2017-02-11,16:56:35,WashingtonDC4D,38.946,-77.024
862,5D70439,Multiple_Gunshots,2017-02-11,19:41:59,WashingtonDC5D,38.926,-76.973
863,6D175844,Single_Gunshot,2017-02-11,21:40:42,WashingtonDC6D,38.894,-76.939
864,6D175846,Multiple_Gunshots,2017-02-11,23:16:56,WashingtonDC6D,38.894,-76.938
865,6D175847,Multiple_Gunshots,2017-02-11,23:27:12,WashingtonDC6D,38.888,-76.915
866,6D175848,Single_Gunshot,2017-02-11,23:45:08,WashingtonDC6D,38.887,-76.959
867,6D175849,Multiple_Gunshots,2017-02-12,00:03:32,WashingtonDC6D,38.893,-76.916
868,7D217033,Single_Gunshot,2017-02-12,00:20:18,WashingtonDC7D,38.824,-77.007
869,7D217034,Single_Gunshot,2017-02-12,00:20:33,WashingtonDC7D,38.873,-76.979
870,6D175850,Multiple_Gunshots,2017-02-12,00:31:45,WashingtonDC6D,38.892,-76.917
871,6D175851,Single_Gunshot,2017-02-12,01:12:15,WashingtonDC6D,38.887,-76.937
872,5D70442,Single_Gunshot,2017-02-12,03:00:15,WashingtonDC5D,38.905,-76.995
873,6D175853,Single_Gunshot,2017-02-12,03:12:01,WashingtonDC6D,38.898,-76.939
874,7D217037,Multiple_Gunshots,2017-02-12,03:46:28,WashingtonDC7D,38.833,-76.988
875,7D217041,Multiple_Gunshots,2017-02-12,13:06:04,WashingtonDC7D,38.857,-76.974
876,5D70445,Gunshot_or_Firecracker,2017-02-12,16:24:30,WashingtonDC5D,38.906,-76.982
877,7D217048,Multiple_Gunshots,2017-02-12,22:27:04,WashingtonDC7D,38.833,-76.997
878,5D70446,Multiple_Gunshots,2017-02-12,23:11:14,WashingtonDC5D,38.927,-76.976
879,7D217051,Single_Gunshot,2017-02-13,01:08:24,WashingtonDC7D,38.86,-76.987
880,7D217056,Single_Gunshot,2017-02-13,20:11:56,WashingtonDC7D,38.83,-77.002
881,5D70455,Multiple_Gunshots,2017-02-13,21:31:40,WashingtonDC5D,38.925,-76.986
882,5D70456,Multiple_Gunshots,2017-02-13,21:31:46,WashingtonDC5D,38.895,-76.98
883,7D217060,Gunshot_or_Firecracker,2017-02-13,22:34:56,WashingtonDC7D,38.841,-76.989
884,7D217061,Single_Gunshot,2017-02-14,00:59:46,WashingtonDC7D,38.84,-76.988
885,7D217062,Single_Gunshot,2017-02-14,00:59:58,WashingtonDC7D,38.84,-76.989
886,7D217063,Single_Gunshot,2017-02-14,01:00:54,WashingtonDC7D,38.84,-76.989
887,7D217064,Multiple_Gunshots,2017-02-14,01:48:23,WashingtonDC7D,38.877,-76.978
888,6D175863,Multiple_Gunshots,2017-02-14,01:48:23,WashingtonDC6D,38.877,-76.978
889,7D217065,Multiple_Gunshots,2017-02-14,01:51:59,WashingtonDC7D,38.847,-77.008
890,6D175878,Multiple_Gunshots,2017-02-14,19:15:58,WashingtonDC6D,38.889,-76.932
891,6D175880,Multiple_Gunshots,2017-02-14,20:52:45,WashingtonDC6D,38.885,-76.923
892,6D175882,Multiple_Gunshots,2017-02-14,22:00:37,WashingtonDC6D,38.888,-76.917
893,7D217080,Multiple_Gunshots,2017-02-14,22:33:54,WashingtonDC7D,38.861,-76.987
894,6D175886,Single_Gunshot,2017-02-14,23:55:19,WashingtonDC6D,38.878,-76.93
895,7D217082,Multiple_Gunshots,2017-02-15,00:04:30,WashingtonDC7D,38.846,-77.007
896,6D175887,Multiple_Gunshots,2017-02-15,00:32:37,WashingtonDC6D,38.863,-76.941
897,7D217083,Single_Gunshot,2017-02-15,00:51:53,WashingtonDC7D,38.864,-76.977
898,5D70460,Multiple_Gunshots,2017-02-15,04:54:25,WashingtonDC5D,38.899,-76.981
899,7D217089,Multiple_Gunshots,2017-02-15,08:46:08,WashingtonDC7D,38.828,-76.984
900,7D217090,Single_Gunshot,2017-02-15,10:52:55,WashingtonDC7D,38.841,-76.989
901,4D58588,Multiple_Gunshots,2017-02-15,10:58:23,WashingtonDC4D,38.948,-77.026
902,4D58589,Multiple_Gunshots,2017-02-15,10:58:35,WashingtonDC4D,38.947,-77.025
903,6D175894,Multiple_Gunshots,2017-02-15,19:13:21,WashingtonDC6D,38.882,-76.938
904,6D175896,Single_Gunshot,2017-02-15,19:27:48,WashingtonDC6D,38.888,-76.917
905,6D175899,Single_Gunshot,2017-02-15,21:54:58,WashingtonDC6D,38.911,-76.936
906,6D175900,Single_Gunshot,2017-02-15,22:32:35,WashingtonDC6D,38.872,-76.978
907,6D175901,Multiple_Gunshots,2017-02-15,23:25:07,WashingtonDC6D,38.899,-76.945
908,6D175902,Multiple_Gunshots,2017-02-16,00:13:24,WashingtonDC6D,38.902,-76.946
909,7D217104,Multiple_Gunshots,2017-02-16,14:51:18,WashingtonDC7D,38.839,-76.996
910,3D61952,Gunshot_or_Firecracker,2017-02-16,20:16:06,WashingtonDC3D,38.927,-77.01
911,7D217112,Single_Gunshot,2017-02-16,23:31:18,WashingtonDC7D,38.829,-77.009
912,6D175908,Multiple_Gunshots,2017-02-17,04:30:12,WashingtonDC6D,38.876,-76.945
913,7D217131,Multiple_Gunshots,2017-02-17,18:39:57,WashingtonDC7D,38.838,-76.999
914,7D217133,Single_Gunshot,2017-02-17,20:17:43,WashingtonDC7D,38.841,-76.987
915,5D70475,Multiple_Gunshots,2017-02-17,21:21:18,WashingtonDC5D,38.902,-76.991
916,1D84917,Multiple_Gunshots,2017-02-17,21:21:18,WashingtonDC1D,38.902,-76.991
917,7D217134,Single_Gunshot,2017-02-17,21:38:48,WashingtonDC7D,38.852,-76.978
918,7D217136,Single_Gunshot,2017-02-17,21:51:33,WashingtonDC7D,38.841,-76.989
919,6D175927,Single_Gunshot,2017-02-17,22:24:52,WashingtonDC6D,38.887,-76.917
920,7D217137,Single_Gunshot,2017-02-18,00:15:28,WashingtonDC7D,38.841,-76.983
921,6D175929,Single_Gunshot,2017-02-18,00:32:51,WashingtonDC6D,38.886,-76.952
922,7D217138,Multiple_Gunshots,2017-02-18,01:29:28,WashingtonDC7D,38.85,-76.965
923,6D175931,Multiple_Gunshots,2017-02-18,01:58:51,WashingtonDC6D,38.886,-76.952
924,5D70477,Multiple_Gunshots,2017-02-18,03:46:15,WashingtonDC5D,38.901,-76.986
925,3D61967,Multiple_Gunshots,2017-02-18,03:50:07,WashingtonDC3D,38.924,-77.022
926,4D58606,Gunshot_or_Firecracker,2017-02-18,03:50:12,WashingtonDC4D,38.928,-77.023
927,6D175933,Multiple_Gunshots,2017-02-18,04:02:00,WashingtonDC6D,38.89,-76.96
928,5D70478,Multiple_Gunshots,2017-02-18,04:58:43,WashingtonDC5D,38.905,-76.973
929,6D175934,Multiple_Gunshots,2017-02-18,08:43:53,WashingtonDC6D,38.891,-76.956
930,7D217144,Multiple_Gunshots,2017-02-18,08:54:39,WashingtonDC7D,38.858,-76.974
931,5D70480,Multiple_Gunshots,2017-02-18,11:44:25,WashingtonDC5D,38.897,-76.973
932,5D70484,Multiple_Gunshots,2017-02-18,19:09:21,WashingtonDC5D,38.923,-76.984
933,5D70485,Multiple_Gunshots,2017-02-18,19:09:51,WashingtonDC5D,38.921,-76.985
934,7D217153,Single_Gunshot,2017-02-18,19:12:10,WashingtonDC7D,38.837,-76.993
935,5D70490,Multiple_Gunshots,2017-02-18,19:48:04,WashingtonDC5D,38.906,-76.986
936,7D217155,Multiple_Gunshots,2017-02-18,19:58:44,WashingtonDC7D,38.864,-76.982
937,6D175952,Multiple_Gunshots,2017-02-18,20:09:12,WashingtonDC6D,38.896,-76.932
938,7D217159,Multiple_Gunshots,2017-02-18,20:09:15,WashingtonDC7D,38.856,-76.972
939,7D217161,Single_Gunshot,2017-02-18,20:35:00,WashingtonDC7D,38.854,-76.977
940,7D217162,Multiple_Gunshots,2017-02-18,20:35:10,WashingtonDC7D,38.853,-76.975
941,7D217165,Multiple_Gunshots,2017-02-18,21:57:31,WashingtonDC7D,38.866,-76.976
942,6D175963,Multiple_Gunshots,2017-02-18,21:57:33,WashingtonDC6D,38.867,-76.976
943,6D175964,Multiple_Gunshots,2017-02-18,21:57:39,WashingtonDC6D,38.866,-76.977
944,7D217167,Single_Gunshot,2017-02-18,22:49:49,WashingtonDC7D,38.854,-76.983
945,7D217174,Single_Gunshot,2017-02-18,23:42:31,WashingtonDC7D,38.841,-76.989
946,7D217177,Multiple_Gunshots,2017-02-19,00:27:08,WashingtonDC7D,38.856,-76.969
947,7D217178,Multiple_Gunshots,2017-02-19,01:10:14,WashingtonDC7D,38.86,-76.998
948,7D217181,Single_Gunshot,2017-02-19,02:26:01,WashingtonDC7D,38.877,-76.985
949,5D70492,Multiple_Gunshots,2017-02-19,02:33:01,WashingtonDC5D,38.899,-76.976
950,7D217182,Single_Gunshot,2017-02-19,03:33:03,WashingtonDC7D,38.829,-76.993
951,7D217183,Multiple_Gunshots,2017-02-19,03:37:26,WashingtonDC7D,38.858,-76.974
952,5D70496,Single_Gunshot,2017-02-19,06:13:49,WashingtonDC5D,38.927,-76.977
953,6D175970,Single_Gunshot,2017-02-19,11:39:36,WashingtonDC6D,38.906,-76.935
954,6D175971,Multiple_Gunshots,2017-02-19,11:49:58,WashingtonDC6D,38.887,-76.948
955,6D175972,Single_Gunshot,2017-02-19,11:50:09,WashingtonDC6D,38.887,-76.948
956,7D217190,Multiple_Gunshots,2017-02-19,13:48:49,WashingtonDC7D,38.828,-77.0
957,7D217191,Multiple_Gunshots,2017-02-19,13:49:03,WashingtonDC7D,38.828,-77.0
958,7D217192,Multiple_Gunshots,2017-02-19,13:49:08,WashingtonDC7D,38.832,-76.994
959,7D217193,Multiple_Gunshots,2017-02-19,13:49:14,WashingtonDC7D,38.829,-77.001
960,6D175978,Multiple_Gunshots,2017-02-19,17:17:04,WashingtonDC6D,38.902,-76.931
961,3D61980,Single_Gunshot,2017-02-19,17:35:53,WashingtonDC3D,38.929,-77.028
962,7D217198,Single_Gunshot,2017-02-19,18:39:36,WashingtonDC7D,38.863,-76.98
963,5D70499,Multiple_Gunshots,2017-02-19,19:55:43,WashingtonDC5D,38.901,-76.975
964,6D175981,Multiple_Gunshots,2017-02-19,20:40:24,WashingtonDC6D,38.888,-76.94
965,6D175982,Single_Gunshot,2017-02-19,21:31:17,WashingtonDC6D,38.895,-76.933
966,7D217200,Single_Gunshot,2017-02-19,21:32:34,WashingtonDC7D,38.854,-76.983
967,7D217206,Single_Gunshot,2017-02-19,21:58:24,WashingtonDC7D,38.842,-76.997
968,5D70500,Multiple_Gunshots,2017-02-19,22:16:13,WashingtonDC5D,38.904,-77.011
969,5D70502,Single_Gunshot,2017-02-19,22:30:17,WashingtonDC5D,38.91,-76.977
970,3D61981,Multiple_Gunshots,2017-02-19,23:47:16,WashingtonDC3D,38.914,-77.028
971,4D58621,Multiple_Gunshots,2017-02-20,01:05:22,WashingtonDC4D,38.958,-77.021
972,6D175984,Single_Gunshot,2017-02-20,01:32:41,WashingtonDC6D,38.898,-76.922
973,6D175985,Single_Gunshot,2017-02-20,01:58:19,WashingtonDC6D,38.87,-76.949
974,7D217210,Single_Gunshot,2017-02-20,02:07:44,WashingtonDC7D,38.835,-77.005
975,7D217234,Single_Gunshot,2017-02-20,04:53:57,WashingtonDC7D,38.842,-76.992
976,4D58622,Single_Gunshot,2017-02-20,16:15:03,WashingtonDC4D,38.951,-77.022
977,6D176024,Multiple_Gunshots,2017-02-20,20:21:16,WashingtonDC6D,38.882,-76.936
978,5D70510,Multiple_Gunshots,2017-02-20,20:31:45,WashingtonDC5D,38.9,-76.983
979,7D217272,Single_Gunshot,2017-02-20,22:00:10,WashingtonDC7D,38.867,-76.97
980,6D176029,Multiple_Gunshots,2017-02-21,06:46:23,WashingtonDC6D,38.901,-76.923
981,7D217286,Multiple_Gunshots,2017-02-21,13:42:23,WashingtonDC7D,38.839,-76.99
982,5D70519,Multiple_Gunshots,2017-02-21,16:49:27,WashingtonDC5D,38.908,-76.985
983,7D217293,Multiple_Gunshots,2017-02-21,18:43:42,WashingtonDC7D,38.829,-76.993
984,7D217296,Multiple_Gunshots,2017-02-21,20:56:26,WashingtonDC7D,38.828,-76.998
985,7D217297,Multiple_Gunshots,2017-02-21,21:27:53,WashingtonDC7D,38.836,-76.99
986,6D176051,Multiple_Gunshots,2017-02-21,21:33:59,WashingtonDC6D,38.886,-76.923
987,6D176052,Multiple_Gunshots,2017-02-21,23:33:12,WashingtonDC6D,38.876,-76.94
988,6D176053,Multiple_Gunshots,2017-02-21,23:58:34,WashingtonDC6D,38.886,-76.911
989,7D217300,Multiple_Gunshots,2017-02-22,00:08:11,WashingtonDC7D,38.826,-76.991
990,7D217301,Single_Gunshot,2017-02-22,01:59:24,WashingtonDC7D,38.842,-76.987
991,6D176054,Single_Gunshot,2017-02-22,02:43:39,WashingtonDC6D,38.898,-76.937
992,7D217308,Multiple_Gunshots,2017-02-22,09:58:24,WashingtonDC7D,38.844,-76.993
993,7D217309,Multiple_Gunshots,2017-02-22,11:03:47,WashingtonDC7D,38.834,-76.99
994,1D84938,Multiple_Gunshots,2017-02-22,12:24:07,WashingtonDC1D,38.875,-77.013
995,,Single_Gunshot,2017-02-22,17:10:13,WashingtonDC7D,38.841,-76.976
996,7D217315,Gunshot_or_Firecracker,2017-02-22,17:52:43,WashingtonDC7D,38.832,-77.007
997,7D217319,Single_Gunshot,2017-02-22,19:09:02,WashingtonDC7D,38.828,-77.007
998,7D217321,Multiple_Gunshots,2017-02-22,21:10:35,WashingtonDC7D,38.828,-77.001
999,7D217322,Multiple_Gunshots,2017-02-22,21:10:47,WashingtonDC7D,38.829,-77.001
1000,7D217323,Multiple_Gunshots,2017-02-22,21:10:52,WashingtonDC7D,38.845,-76.974
1001,7D217324,Single_Gunshot,2017-02-22,21:19:43,WashingtonDC7D,38.863,-76.988
1002,7D217326,Multiple_Gunshots,2017-02-22,22:04:54,WashingtonDC7D,38.834,-76.998
1003,6D176063,Multiple_Gunshots,2017-02-22,23:17:32,WashingtonDC6D,38.862,-76.964
1004,6D176066,Multiple_Gunshots,2017-02-23,01:59:32,WashingtonDC6D,38.872,-76.975
1005,5D70524,Single_Gunshot,2017-02-23,02:31:54,WashingtonDC5D,38.908,-76.984
1006,6D176067,Single_Gunshot,2017-02-23,03:21:30,WashingtonDC6D,38.899,-76.936
1007,7D217330,Multiple_Gunshots,2017-02-23,03:40:48,WashingtonDC7D,38.861,-76.991
1008,7D217354,Multiple_Gunshots,2017-02-23,04:56:00,WashingtonDC7D,38.825,-76.994
1009,6D176078,Multiple_Gunshots,2017-02-23,13:21:10,WashingtonDC6D,38.887,-76.951
1010,7D217384,Multiple_Gunshots,2017-02-23,18:01:44,WashingtonDC7D,38.841,-76.993
1011,7D217388,Multiple_Gunshots,2017-02-23,19:42:53,WashingtonDC7D,38.834,-76.99
1012,7D217389,Multiple_Gunshots,2017-02-23,19:43:02,WashingtonDC7D,38.833,-76.99
1013,7D217390,Multiple_Gunshots,2017-02-23,19:43:10,WashingtonDC7D,38.833,-76.99
1014,6D176081,Multiple_Gunshots,2017-02-23,21:13:47,WashingtonDC6D,38.885,-76.958
1015,4D58658,Single_Gunshot,2017-02-23,21:39:09,WashingtonDC4D,38.949,-77.03
1016,5D70527,Multiple_Gunshots,2017-02-23,22:39:42,WashingtonDC5D,38.902,-76.984
1017,5D70528,Multiple_Gunshots,2017-02-23,22:39:50,WashingtonDC5D,38.902,-76.984
1018,7D217395,Single_Gunshot,2017-02-23,23:10:55,WashingtonDC7D,38.848,-76.968
1019,7D217396,Multiple_Gunshots,2017-02-23,23:32:12,WashingtonDC7D,38.848,-77.0
1020,6D176082,Multiple_Gunshots,2017-02-24,00:08:59,WashingtonDC6D,38.882,-76.926
1021,6D176083,Multiple_Gunshots,2017-02-24,00:10:48,WashingtonDC6D,38.895,-76.955
1022,6D176086,Single_Gunshot,2017-02-24,01:07:25,WashingtonDC6D,38.896,-76.925
1023,7D217397,Multiple_Gunshots,2017-02-24,02:27:51,WashingtonDC7D,38.842,-76.986
1024,7D217398,Multiple_Gunshots,2017-02-24,02:27:54,WashingtonDC7D,38.842,-76.985
1025,6D176089,Single_Gunshot,2017-02-24,02:40:22,WashingtonDC6D,38.884,-76.922
1026,6D176102,Multiple_Gunshots,2017-02-24,18:55:17,WashingtonDC6D,38.88,-76.929
1027,7D217450,Multiple_Gunshots,2017-02-24,21:45:32,WashingtonDC7D,38.842,-76.992
1028,6D176105,Multiple_Gunshots,2017-02-24,21:50:12,WashingtonDC6D,38.887,-76.952
1029,6D176107,Multiple_Gunshots,2017-02-24,21:50:42,WashingtonDC6D,38.887,-76.951
1030,6D176108,Multiple_Gunshots,2017-02-24,21:50:56,WashingtonDC6D,38.886,-76.951
1031,6D176109,Multiple_Gunshots,2017-02-24,21:52:07,WashingtonDC6D,38.887,-76.953
1032,6D176110,Single_Gunshot,2017-02-24,22:04:54,WashingtonDC6D,38.869,-76.984
1033,6D176111,Single_Gunshot,2017-02-24,22:05:23,WashingtonDC6D,38.869,-76.985
1034,6D176112,Multiple_Gunshots,2017-02-24,23:23:23,WashingtonDC6D,38.884,-76.948
1035,6D176113,Multiple_Gunshots,2017-02-24,23:53:24,WashingtonDC6D,38.883,-76.938
1036,6D176115,Multiple_Gunshots,2017-02-24,23:53:32,WashingtonDC6D,38.882,-76.94
1037,6D176116,Multiple_Gunshots,2017-02-25,00:05:03,WashingtonDC6D,38.895,-76.922
1038,7D217455,Multiple_Gunshots,2017-02-25,00:35:54,WashingtonDC7D,38.851,-76.954
1039,6D176117,Single_Gunshot,2017-02-25,00:43:28,WashingtonDC6D,38.883,-76.925
1040,6D176118,Multiple_Gunshots,2017-02-25,01:47:01,WashingtonDC6D,38.874,-76.976
1041,7D217458,Multiple_Gunshots,2017-02-25,02:05:27,WashingtonDC7D,38.851,-76.956
1042,7D217459,Single_Gunshot,2017-02-25,02:52:14,WashingtonDC7D,38.844,-76.98
1043,6D176120,Single_Gunshot,2017-02-25,03:03:39,WashingtonDC6D,38.895,-76.926
1044,7D217460,Single_Gunshot,2017-02-25,03:19:58,WashingtonDC7D,38.858,-77.0
1045,6D176121,Single_Gunshot,2017-02-25,03:33:36,WashingtonDC6D,38.873,-76.93
1046,7D217461,Single_Gunshot,2017-02-25,03:46:53,WashingtonDC7D,38.848,-76.975
1047,7D217462,Multiple_Gunshots,2017-02-25,03:59:09,WashingtonDC7D,38.844,-76.969
1048,7D217463,Multiple_Gunshots,2017-02-25,05:13:19,WashingtonDC7D,38.848,-77.0
1049,7D217487,Multiple_Gunshots,2017-02-25,12:41:15,WashingtonDC7D,38.839,-76.998
1050,6D176138,Single_Gunshot,2017-02-25,20:16:01,WashingtonDC6D,38.894,-76.917
1051,3D62024,Single_Gunshot,2017-02-25,21:05:43,WashingtonDC3D,38.912,-77.024
1052,6D176139,Multiple_Gunshots,2017-02-26,00:24:29,WashingtonDC6D,38.892,-76.937
1053,7D217498,Multiple_Gunshots,2017-02-26,03:06:27,WashingtonDC7D,38.862,-76.999
1054,7D217499,Single_Gunshot,2017-02-26,04:06:50,WashingtonDC7D,38.865,-76.981
1055,7D217502,Multiple_Gunshots,2017-02-26,16:17:53,WashingtonDC7D,38.853,-76.976
1056,5D70538,Single_Gunshot,2017-02-26,16:51:32,WashingtonDC5D,38.913,-76.985
1057,6D176141,Multiple_Gunshots,2017-02-26,19:33:04,WashingtonDC6D,38.912,-76.941
1058,6D176142,Multiple_Gunshots,2017-02-26,19:58:38,WashingtonDC6D,38.893,-76.936
1059,6D176143,Multiple_Gunshots,2017-02-26,20:27:49,WashingtonDC6D,38.893,-76.937
1060,6D176144,Single_Gunshot,2017-02-26,21:01:27,WashingtonDC6D,38.885,-76.955
1061,7D217505,Single_Gunshot,2017-02-26,21:05:50,WashingtonDC7D,38.83,-76.983
1062,6D176145,Single_Gunshot,2017-02-26,22:12:09,WashingtonDC6D,38.89,-76.954
1063,6D176146,Multiple_Gunshots,2017-02-26,23:08:09,WashingtonDC6D,38.905,-76.952
1064,6D176147,Multiple_Gunshots,2017-02-27,00:47:00,WashingtonDC6D,38.878,-76.954
1065,7D217506,Single_Gunshot,2017-02-27,01:54:29,WashingtonDC7D,38.859,-76.993
1066,7D217507,Single_Gunshot,2017-02-27,01:54:52,WashingtonDC7D,38.858,-76.992
1067,7D217509,Multiple_Gunshots,2017-02-27,04:51:03,WashingtonDC7D,38.823,-77.006
1068,7D217510,Multiple_Gunshots,2017-02-27,04:51:38,WashingtonDC7D,38.823,-77.006
1069,5D70545,Single_Gunshot,2017-02-27,13:31:13,WashingtonDC5D,38.903,-76.99
1070,7D217533,Single_Gunshot,2017-02-27,18:58:11,WashingtonDC7D,38.856,-76.973
1071,6D176167,Single_Gunshot,2017-02-27,19:27:16,WashingtonDC6D,38.892,-76.92
1072,7D217537,Multiple_Gunshots,2017-02-27,22:25:52,WashingtonDC7D,38.836,-76.992
1073,6D176168,Gunshot_or_Firecracker,2017-02-27,22:50:57,WashingtonDC6D,38.893,-76.936
1074,6D176169,Multiple_Gunshots,2017-02-27,22:51:16,WashingtonDC6D,38.893,-76.936
1075,5D70547,Multiple_Gunshots,2017-02-27,23:06:30,WashingtonDC5D,38.908,-77.01
1076,3D62031,Multiple_Gunshots,2017-02-27,23:06:30,WashingtonDC3D,38.908,-77.01
1077,3D62032,Multiple_Gunshots,2017-02-27,23:06:37,WashingtonDC3D,38.904,-77.001
1078,7D217541,Multiple_Gunshots,2017-02-27,23:28:52,WashingtonDC7D,38.86,-76.974
1079,6D176171,Multiple_Gunshots,2017-02-27,23:28:54,WashingtonDC6D,38.859,-76.974
1080,6D176175,Multiple_Gunshots,2017-02-28,01:49:37,WashingtonDC6D,38.905,-76.938
1081,6D176176,Multiple_Gunshots,2017-02-28,02:20:25,WashingtonDC6D,38.89,-76.956
1082,7D217558,Multiple_Gunshots,2017-02-28,14:40:27,WashingtonDC7D,38.835,-76.99
1083,6D176181,Multiple_Gunshots,2017-02-28,22:01:04,WashingtonDC6D,38.888,-76.917
1084,6D176182,Single_Gunshot,2017-02-28,22:01:10,WashingtonDC6D,38.888,-76.916
1085,6D176183,Multiple_Gunshots,2017-02-28,22:01:16,WashingtonDC6D,38.888,-76.917
1086,6D176184,Single_Gunshot,2017-02-28,22:01:26,WashingtonDC6D,38.888,-76.917
1087,6D176185,Multiple_Gunshots,2017-02-28,22:11:58,WashingtonDC6D,38.887,-76.921
1088,6D176187,Multiple_Gunshots,2017-03-01,01:11:25,WashingtonDC6D,38.873,-76.919
1089,6D176188,Multiple_Gunshots,2017-03-01,01:11:38,WashingtonDC6D,38.872,-76.919
1090,6D176189,Multiple_Gunshots,2017-03-01,04:18:16,WashingtonDC6D,38.861,-76.946
1091,6D176190,Multiple_Gunshots,2017-03-01,05:09:24,WashingtonDC6D,38.886,-76.93
1092,7D217573,Multiple_Gunshots,2017-03-01,10:49:36,WashingtonDC7D,38.84,-76.994
1093,7D217578,Multiple_Gunshots,2017-03-01,15:15:00,WashingtonDC7D,38.828,-77.008
1094,6D176192,Multiple_Gunshots,2017-03-01,16:27:42,WashingtonDC6D,38.885,-76.925
1095,6D176193,Gunshot_or_Firecracker,2017-03-01,17:54:40,WashingtonDC6D,38.889,-76.953
1096,6D176194,Multiple_Gunshots,2017-03-01,18:27:22,WashingtonDC6D,38.886,-76.918
1097,7D217580,Single_Gunshot,2017-03-01,18:49:33,WashingtonDC7D,38.827,-76.998
1098,6D176196,Multiple_Gunshots,2017-03-01,18:58:30,WashingtonDC6D,38.878,-76.929
1099,6D176197,Single_Gunshot,2017-03-01,18:58:42,WashingtonDC6D,38.878,-76.929
1100,7D217581,Multiple_Gunshots,2017-03-01,20:58:07,WashingtonDC7D,38.841,-76.969
1101,1D84977,Single_Gunshot,2017-03-01,22:13:35,WashingtonDC1D,38.889,-76.975
1102,4D58686,Single_Gunshot,2017-03-01,22:55:11,WashingtonDC4D,38.941,-77.029
1103,6D176200,Multiple_Gunshots,2017-03-01,23:55:44,WashingtonDC6D,38.886,-76.926
1104,7D217586,Single_Gunshot,2017-03-02,10:58:20,WashingtonDC7D,38.844,-77.0
1105,4D58687,Single_Gunshot,2017-03-02,19:28:19,WashingtonDC4D,38.957,-77.03
1106,7D217592,Multiple_Gunshots,2017-03-02,21:16:08,WashingtonDC7D,38.849,-77.005
1107,5D70560,Multiple_Gunshots,2017-03-02,21:25:24,WashingtonDC5D,38.925,-76.986
1108,5D70562,Multiple_Gunshots,2017-03-03,01:46:23,WashingtonDC5D,38.924,-77.003
1109,6D176213,Multiple_Gunshots,2017-03-03,12:03:59,WashingtonDC6D,38.889,-76.919
1110,6D176214,Multiple_Gunshots,2017-03-03,12:04:06,WashingtonDC6D,38.882,-76.911
1111,6D176215,Single_Gunshot,2017-03-03,12:04:09,WashingtonDC6D,38.889,-76.919
1112,3D62043,Multiple_Gunshots,2017-03-03,13:09:46,WashingtonDC3D,38.922,-77.026
1113,7D217603,Single_Gunshot,2017-03-03,18:54:53,WashingtonDC7D,38.84,-77.003
1114,7D217604,Single_Gunshot,2017-03-03,19:47:18,WashingtonDC7D,38.856,-76.972
1115,7D217606,Multiple_Gunshots,2017-03-03,21:36:01,WashingtonDC7D,38.847,-76.998
1116,5D70568,Multiple_Gunshots,2017-03-03,21:41:30,WashingtonDC5D,38.902,-76.974
1117,5D70569,Single_Gunshot,2017-03-03,21:46:16,WashingtonDC5D,38.92,-76.98
1118,6D176217,Multiple_Gunshots,2017-03-03,21:49:44,WashingtonDC6D,38.893,-76.941
1119,7D217607,Multiple_Gunshots,2017-03-03,22:51:18,WashingtonDC7D,38.833,-77.006
1120,6D176218,Multiple_Gunshots,2017-03-04,01:04:56,WashingtonDC6D,38.888,-76.958
1121,6D176219,Single_Gunshot,2017-03-04,01:16:38,WashingtonDC6D,38.905,-76.925
1122,6D176221,Multiple_Gunshots,2017-03-04,01:21:39,WashingtonDC6D,38.879,-76.927
1123,7D217610,Single_Gunshot,2017-03-04,03:11:36,WashingtonDC7D,38.848,-77.001
1124,7D217611,Multiple_Gunshots,2017-03-04,03:13:01,WashingtonDC7D,38.847,-77.0
1125,7D217612,Multiple_Gunshots,2017-03-04,03:13:31,WashingtonDC7D,38.847,-77.0
1126,7D217613,Multiple_Gunshots,2017-03-04,03:59:33,WashingtonDC7D,38.873,-76.977
1127,6D176222,Multiple_Gunshots,2017-03-04,03:59:33,WashingtonDC6D,38.874,-76.977
1128,7D217614,Multiple_Gunshots,2017-03-04,04:55:45,WashingtonDC7D,38.825,-77.012
1129,6D176223,Gunshot_or_Firecracker,2017-03-04,06:00:20,WashingtonDC6D,38.882,-76.945
1130,3D62045,Single_Gunshot,2017-03-04,17:11:04,WashingtonDC3D,38.923,-77.032
1131,7D217619,Multiple_Gunshots,2017-03-04,18:21:33,WashingtonDC7D,38.849,-77.001
1132,6D176230,Single_Gunshot,2017-03-04,20:09:33,WashingtonDC6D,38.893,-76.942
1133,6D176232,Multiple_Gunshots,2017-03-04,21:02:18,WashingtonDC6D,38.88,-76.929
1134,6D176233,Multiple_Gunshots,2017-03-04,22:21:22,WashingtonDC6D,38.895,-76.925
1135,6D176234,Multiple_Gunshots,2017-03-04,23:08:49,WashingtonDC6D,38.894,-76.931
1136,6D176235,Single_Gunshot,2017-03-04,23:10:39,WashingtonDC6D,38.903,-76.943
1137,7D217622,Multiple_Gunshots,2017-03-05,00:49:39,WashingtonDC7D,38.874,-76.974
1138,6D176237,Single_Gunshot,2017-03-05,01:00:32,WashingtonDC6D,38.904,-76.933
1139,5D70575,Multiple_Gunshots,2017-03-05,02:05:53,WashingtonDC5D,38.92,-76.98
1140,5D70576,Multiple_Gunshots,2017-03-05,02:06:27,WashingtonDC5D,38.92,-76.98
1141,6D176238,Single_Gunshot,2017-03-05,03:51:19,WashingtonDC6D,38.903,-76.943
1142,1D84988,Single_Gunshot,2017-03-05,16:25:26,WashingtonDC1D,38.878,-77.014
1143,6D176242,Multiple_Gunshots,2017-03-05,17:40:39,WashingtonDC6D,38.886,-76.953
1144,6D176243,Multiple_Gunshots,2017-03-05,19:54:53,WashingtonDC6D,38.879,-76.949
1145,7D217627,Multiple_Gunshots,2017-03-05,20:08:25,WashingtonDC7D,38.856,-76.992
1146,4D58691,Single_Gunshot,2017-03-05,20:22:44,WashingtonDC4D,38.952,-77.03
1147,7D217630,Single_Gunshot,2017-03-05,23:32:11,WashingtonDC7D,38.831,-76.993
1148,6D176244,Multiple_Gunshots,2017-03-05,23:55:49,WashingtonDC6D,38.88,-76.926
1149,7D217631,Single_Gunshot,2017-03-06,00:31:09,WashingtonDC7D,38.847,-76.977
1150,7D217632,Single_Gunshot,2017-03-06,00:31:22,WashingtonDC7D,38.847,-76.977
1151,7D217634,Single_Gunshot,2017-03-06,02:21:10,WashingtonDC7D,38.836,-76.979
1152,7D217635,Multiple_Gunshots,2017-03-06,02:55:41,WashingtonDC7D,38.843,-77.002
1153,6D176245,Multiple_Gunshots,2017-03-06,02:59:08,WashingtonDC6D,38.899,-76.945
1154,7D217636,Single_Gunshot,2017-03-06,04:52:39,WashingtonDC7D,38.848,-76.955
1155,5D70587,Multiple_Gunshots,2017-03-06,15:02:06,WashingtonDC5D,38.924,-76.965
1156,6D176263,Multiple_Gunshots,2017-03-06,19:46:00,WashingtonDC6D,38.881,-76.936
1157,7D217642,Multiple_Gunshots,2017-03-06,20:16:49,WashingtonDC7D,38.859,-76.997
1158,6D176264,Single_Gunshot,2017-03-06,20:54:54,WashingtonDC6D,38.892,-76.94
1159,5D70589,Multiple_Gunshots,2017-03-06,21:03:37,WashingtonDC5D,38.906,-77.01
1160,3D62060,Multiple_Gunshots,2017-03-06,21:03:37,WashingtonDC3D,38.906,-77.01
1161,5D70590,Multiple_Gunshots,2017-03-06,21:03:44,WashingtonDC5D,38.907,-77.01
1162,3D62061,Multiple_Gunshots,2017-03-06,21:03:49,WashingtonDC3D,38.907,-77.013
1163,4D58705,Multiple_Gunshots,2017-03-06,21:03:50,WashingtonDC4D,38.948,-77.027
1164,5D70591,Multiple_Gunshots,2017-03-06,21:03:58,WashingtonDC5D,38.904,-77.008
1165,7D217644,Multiple_Gunshots,2017-03-06,23:03:10,WashingtonDC7D,38.83,-77.002
1166,7D217645,Single_Gunshot,2017-03-07,01:52:49,WashingtonDC7D,38.852,-76.964
1167,7D217646,Multiple_Gunshots,2017-03-07,02:03:03,WashingtonDC7D,38.87,-76.978
1168,7D217652,Multiple_Gunshots,2017-03-07,09:44:04,WashingtonDC7D,38.853,-76.961
1169,7D217655,Single_Gunshot,2017-03-07,10:48:54,WashingtonDC7D,38.839,-76.993
1170,7D217657,Multiple_Gunshots,2017-03-07,15:04:17,WashingtonDC7D,38.853,-76.982
1171,7D217658,Gunshot_or_Firecracker,2017-03-07,16:01:35,WashingtonDC7D,38.846,-76.982
1172,7D217659,Single_Gunshot,2017-03-07,19:43:23,WashingtonDC7D,38.857,-76.988
1173,6D176275,Single_Gunshot,2017-03-07,19:51:01,WashingtonDC6D,38.881,-76.932
1174,6D176277,Multiple_Gunshots,2017-03-07,20:23:14,WashingtonDC6D,38.881,-76.962
1175,4D58714,Gunshot_or_Firecracker,2017-03-07,20:45:09,WashingtonDC4D,38.942,-77.029
1176,6D176278,Multiple_Gunshots,2017-03-07,20:59:49,WashingtonDC6D,38.881,-76.927
1177,5D70601,Multiple_Gunshots,2017-03-07,22:11:47,WashingtonDC5D,38.895,-76.978
1178,7D217663,Single_Gunshot,2017-03-08,01:09:14,WashingtonDC7D,38.846,-76.979
1179,6D176283,Multiple_Gunshots,2017-03-08,02:58:02,WashingtonDC6D,38.875,-76.939
1180,7D217667,Multiple_Gunshots,2017-03-08,14:47:29,WashingtonDC7D,38.826,-77.007
1181,7D217668,Multiple_Gunshots,2017-03-08,14:47:32,WashingtonDC7D,38.828,-77.003
1182,4D58723,Gunshot_or_Firecracker,2017-03-08,23:09:16,WashingtonDC4D,38.942,-77.029
1183,7D217683,Multiple_Gunshots,2017-03-09,02:32:38,WashingtonDC7D,38.822,-76.994
1184,6D176289,Multiple_Gunshots,2017-03-09,02:44:51,WashingtonDC6D,38.876,-76.932
1185,7D217684,Multiple_Gunshots,2017-03-09,09:07:59,WashingtonDC7D,38.838,-76.997
1186,1D84999,Multiple_Gunshots,2017-03-09,11:54:29,WashingtonDC1D,38.875,-77.012
1187,6D176295,Multiple_Gunshots,2017-03-09,19:12:55,WashingtonDC6D,38.87,-76.945
1188,6D176296,Multiple_Gunshots,2017-03-09,22:52:11,WashingtonDC6D,38.911,-76.93
1189,3D62080,Single_Gunshot,2017-03-09,23:04:44,WashingtonDC3D,38.916,-77.028
1190,6D176297,Multiple_Gunshots,2017-03-10,00:46:16,WashingtonDC6D,38.884,-76.904
1191,5D70610,Single_Gunshot,2017-03-10,02:12:24,WashingtonDC5D,38.91,-77.0
1192,7D217695,Multiple_Gunshots,2017-03-10,03:14:55,WashingtonDC7D,38.86,-76.971
1193,6D176298,Single_Gunshot,2017-03-10,05:10:51,WashingtonDC6D,38.889,-76.952
1194,6D176302,Multiple_Gunshots,2017-03-10,10:25:52,WashingtonDC6D,38.896,-76.928
1195,7D217696,Gunshot_or_Firecracker,2017-03-10,13:13:22,WashingtonDC7D,38.863,-76.982
1196,6D176303,Multiple_Gunshots,2017-03-10,16:43:50,WashingtonDC6D,38.908,-76.932
1197,7D217697,Single_Gunshot,2017-03-10,17:48:38,WashingtonDC7D,38.851,-76.973
1198,7D217702,Single_Gunshot,2017-03-10,22:45:30,WashingtonDC7D,38.869,-76.981
1199,7D217703,Gunshot_or_Firecracker,2017-03-10,22:45:41,WashingtonDC7D,38.869,-76.981
1200,4D58728,Multiple_Gunshots,2017-03-11,00:12:00,WashingtonDC4D,38.941,-77.022
1201,7D217704,Single_Gunshot,2017-03-11,00:33:55,WashingtonDC7D,38.831,-76.994
1202,7D217705,Multiple_Gunshots,2017-03-11,00:35:15,WashingtonDC7D,38.831,-76.994
1203,7D217706,Multiple_Gunshots,2017-03-11,00:37:38,WashingtonDC7D,38.821,-77.009
1204,7D217708,Multiple_Gunshots,2017-03-11,01:41:59,WashingtonDC7D,38.833,-77.006
1205,6D176312,Multiple_Gunshots,2017-03-11,20:09:27,WashingtonDC6D,38.904,-76.924
1206,7D217714,Single_Gunshot,2017-03-11,21:39:54,WashingtonDC7D,38.828,-76.994
1207,7D217716,Single_Gunshot,2017-03-12,03:09:09,WashingtonDC7D,38.834,-76.984
1208,7D217718,Multiple_Gunshots,2017-03-12,03:49:11,WashingtonDC7D,38.824,-77.008
1209,7D217722,Multiple_Gunshots,2017-03-12,14:20:08,WashingtonDC7D,38.853,-76.98
1210,7D217727,Single_Gunshot,2017-03-12,18:37:03,WashingtonDC7D,38.83,-76.999
1211,7D217728,Single_Gunshot,2017-03-12,22:53:02,WashingtonDC7D,38.848,-76.976
1212,7D217729,Multiple_Gunshots,2017-03-12,23:33:14,WashingtonDC7D,38.832,-76.992
1213,7D217730,Multiple_Gunshots,2017-03-12,23:59:03,WashingtonDC7D,38.852,-76.981
1214,4D58730,Multiple_Gunshots,2017-03-13,00:38:15,WashingtonDC4D,38.939,-77.031
1215,6D176320,Multiple_Gunshots,2017-03-13,01:50:06,WashingtonDC6D,38.895,-76.92
1216,3D62090,Single_Gunshot,2017-03-13,16:31:33,WashingtonDC3D,38.912,-77.019
1217,5D70630,Gunshot_or_Firecracker,2017-03-13,16:52:19,WashingtonDC5D,38.898,-76.97
1218,7D217736,Single_Gunshot,2017-03-13,18:49:03,WashingtonDC7D,38.86,-76.99
1219,6D176328,Gunshot_or_Firecracker,2017-03-13,20:36:08,WashingtonDC6D,38.908,-76.918
1220,4D58734,Multiple_Gunshots,2017-03-13,23:16:38,WashingtonDC4D,38.952,-77.015
1221,3D62095,Multiple_Gunshots,2017-03-14,00:31:08,WashingtonDC3D,38.926,-77.035
1222,4D58735,Multiple_Gunshots,2017-03-14,00:31:09,WashingtonDC4D,38.926,-77.035
1223,7D217738,Multiple_Gunshots,2017-03-14,12:48:14,WashingtonDC7D,38.847,-76.999
1224,7D217739,Multiple_Gunshots,2017-03-14,12:48:26,WashingtonDC7D,38.847,-76.999
1225,5D70635,Multiple_Gunshots,2017-03-14,23:31:12,WashingtonDC5D,38.938,-76.968
1226,7D217740,Single_Gunshot,2017-03-15,00:15:22,WashingtonDC7D,38.844,-76.991
1227,7D217741,Multiple_Gunshots,2017-03-15,00:15:51,WashingtonDC7D,38.841,-76.991
1228,6D176335,Multiple_Gunshots,2017-03-15,10:11:27,WashingtonDC6D,38.894,-76.926
1229,6D176336,Multiple_Gunshots,2017-03-15,10:11:32,WashingtonDC6D,38.894,-76.926
1230,,Single_Gunshot,2017-03-15,20:08:03,WashingtonDC7D,38.84,-76.988
1231,7D217750,Single_Gunshot,2017-03-15,20:46:45,WashingtonDC7D,38.837,-77.004
1232,7D217752,Multiple_Gunshots,2017-03-15,21:50:01,WashingtonDC7D,38.832,-77.006
1233,7D217753,Multiple_Gunshots,2017-03-15,21:50:10,WashingtonDC7D,38.832,-77.006
1234,5D70639,Multiple_Gunshots,2017-03-15,22:44:55,WashingtonDC5D,38.92,-76.98
1235,5D70640,Multiple_Gunshots,2017-03-15,22:54:37,WashingtonDC5D,38.937,-76.968
1236,6D176341,Multiple_Gunshots,2017-03-15,23:40:05,WashingtonDC6D,38.884,-76.936
1237,6D176342,Single_Gunshot,2017-03-16,00:45:15,WashingtonDC6D,38.912,-76.939
1238,6D176343,Single_Gunshot,2017-03-16,00:46:12,WashingtonDC6D,38.912,-76.94
1239,5D70641,Multiple_Gunshots,2017-03-16,01:09:19,WashingtonDC5D,38.924,-77.002
1240,6D176344,Multiple_Gunshots,2017-03-16,01:11:04,WashingtonDC6D,38.889,-76.96
1241,6D176345,Single_Gunshot,2017-03-16,03:47:26,WashingtonDC6D,38.887,-76.961
1242,7D217757,Multiple_Gunshots,2017-03-16,10:26:18,WashingtonDC7D,38.859,-76.996
1243,5D70643,Gunshot_or_Firecracker,2017-03-16,11:47:33,WashingtonDC5D,38.899,-76.976
1244,6D176349,Multiple_Gunshots,2017-03-16,17:20:22,WashingtonDC6D,38.882,-76.932
1245,6D176350,Multiple_Gunshots,2017-03-16,18:11:31,WashingtonDC6D,38.886,-76.951
1246,6D176351,Multiple_Gunshots,2017-03-16,18:12:09,WashingtonDC6D,38.886,-76.951
1247,6D176352,Multiple_Gunshots,2017-03-16,18:31:03,WashingtonDC6D,38.89,-76.94
1248,6D176354,Multiple_Gunshots,2017-03-16,22:22:20,WashingtonDC6D,38.866,-76.97
1249,7D217760,Single_Gunshot,2017-03-16,23:24:33,WashingtonDC7D,38.865,-76.979
1250,6D176355,Multiple_Gunshots,2017-03-17,00:35:21,WashingtonDC6D,38.884,-76.929
1251,6D176357,Multiple_Gunshots,2017-03-17,02:28:39,WashingtonDC6D,38.912,-76.94
1252,7D217762,Gunshot_or_Firecracker,2017-03-17,04:20:20,WashingtonDC7D,38.845,-76.982
1253,5D70648,Single_Gunshot,2017-03-17,07:09:49,WashingtonDC5D,38.901,-76.984
1254,3D62104,Multiple_Gunshots,2017-03-17,12:03:52,WashingtonDC3D,38.929,-77.027
1255,7D217773,Single_Gunshot,2017-03-17,19:18:41,WashingtonDC7D,38.855,-76.978
1256,7D217774,Gunshot_or_Firecracker,2017-03-17,20:24:48,WashingtonDC7D,38.822,-76.998
1257,7D217775,Single_Gunshot,2017-03-17,20:28:02,WashingtonDC7D,38.822,-76.998
1258,7D217776,Single_Gunshot,2017-03-17,20:32:04,WashingtonDC7D,38.822,-76.998
1259,7D217778,Multiple_Gunshots,2017-03-17,23:00:01,WashingtonDC7D,38.859,-76.986
1260,6D176371,Multiple_Gunshots,2017-03-17,23:43:03,WashingtonDC6D,38.891,-76.941
1261,7D217779,Multiple_Gunshots,2017-03-18,00:31:35,WashingtonDC7D,38.818,-76.999
1262,5D70657,Multiple_Gunshots,2017-03-18,00:35:20,WashingtonDC5D,38.902,-76.975
1263,7D217780,Multiple_Gunshots,2017-03-18,01:25:59,WashingtonDC7D,38.828,-76.997
1264,7D217781,Multiple_Gunshots,2017-03-18,01:46:03,WashingtonDC7D,38.85,-76.971
1265,6D176374,Multiple_Gunshots,2017-03-18,02:29:54,WashingtonDC6D,38.883,-76.928
1266,6D176375,Multiple_Gunshots,2017-03-18,02:30:06,WashingtonDC6D,38.883,-76.928
1267,5D70659,Single_Gunshot,2017-03-18,03:16:28,WashingtonDC5D,38.904,-77.012
1268,7D217786,Multiple_Gunshots,2017-03-18,03:33:11,WashingtonDC7D,38.84,-76.994
1269,7D217787,Multiple_Gunshots,2017-03-18,05:56:32,WashingtonDC7D,38.86,-76.978
1270,7D217795,Multiple_Gunshots,2017-03-18,19:24:57,WashingtonDC7D,38.844,-76.973
1271,7D217796,Single_Gunshot,2017-03-18,20:40:20,WashingtonDC7D,38.848,-76.976
1272,7D217797,Multiple_Gunshots,2017-03-18,21:14:25,WashingtonDC7D,38.85,-76.969
1273,6D176390,Multiple_Gunshots,2017-03-18,23:14:14,WashingtonDC6D,38.901,-76.937
1274,6D176394,Multiple_Gunshots,2017-03-19,00:16:54,WashingtonDC6D,38.893,-76.919
1275,7D217802,Single_Gunshot,2017-03-19,02:52:03,WashingtonDC7D,38.841,-76.993
1276,6D176400,Gunshot_or_Firecracker,2017-03-19,19:15:28,WashingtonDC6D,38.911,-76.939
1277,7D217807,Multiple_Gunshots,2017-03-19,20:49:04,WashingtonDC7D,38.832,-76.993
1278,3D62113,Multiple_Gunshots,2017-03-19,21:17:40,WashingtonDC3D,38.925,-77.022
1279,7D217809,Single_Gunshot,2017-03-19,21:28:42,WashingtonDC7D,38.844,-76.997
1280,6D176402,Single_Gunshot,2017-03-19,23:02:42,WashingtonDC6D,38.884,-76.939
1281,5D70686,Single_Gunshot,2017-03-19,23:09:15,WashingtonDC5D,38.919,-77.017
1282,3D62114,Single_Gunshot,2017-03-19,23:09:15,WashingtonDC3D,38.919,-77.017
1283,7D217810,Multiple_Gunshots,2017-03-20,00:40:19,WashingtonDC7D,38.843,-77.003
1284,7D217812,Multiple_Gunshots,2017-03-20,02:42:28,WashingtonDC7D,38.846,-77.005
1285,7D217813,Multiple_Gunshots,2017-03-20,02:42:56,WashingtonDC7D,38.845,-77.005
1286,5D70694,Multiple_Gunshots,2017-03-20,10:33:33,WashingtonDC5D,38.907,-76.978
1287,5D70695,Multiple_Gunshots,2017-03-20,10:33:40,WashingtonDC5D,38.905,-76.978
1288,4D58755,Single_Gunshot,2017-03-20,19:05:22,WashingtonDC4D,38.952,-77.028
1289,7D217820,Multiple_Gunshots,2017-03-20,19:21:46,WashingtonDC7D,38.845,-76.999
1290,6D176411,Multiple_Gunshots,2017-03-20,20:37:50,WashingtonDC6D,38.892,-76.941
1291,5D70700,Multiple_Gunshots,2017-03-20,21:35:28,WashingtonDC5D,38.915,-76.977
1292,6D176416,Single_Gunshot,2017-03-20,21:42:13,WashingtonDC6D,38.881,-76.928
1293,7D217825,Multiple_Gunshots,2017-03-20,21:49:54,WashingtonDC7D,38.837,-77.003
1294,6D176417,Single_Gunshot,2017-03-20,22:36:00,WashingtonDC6D,38.892,-76.914
1295,7D217830,Multiple_Gunshots,2017-03-20,23:03:23,WashingtonDC7D,38.844,-76.979
1296,6D176418,Multiple_Gunshots,2017-03-20,23:06:19,WashingtonDC6D,38.886,-76.951
1297,6D176420,Multiple_Gunshots,2017-03-21,01:09:19,WashingtonDC6D,38.883,-76.939
1298,6D176421,Multiple_Gunshots,2017-03-21,01:54:45,WashingtonDC6D,38.886,-76.955
1299,3D62127,Single_Gunshot,2017-03-21,01:56:45,WashingtonDC3D,38.919,-77.017
1300,5D70703,Single_Gunshot,2017-03-21,01:57:01,WashingtonDC5D,38.919,-77.017
1301,3D62128,Single_Gunshot,2017-03-21,01:57:01,WashingtonDC3D,38.919,-77.017
1302,5D70704,Multiple_Gunshots,2017-03-21,01:57:19,WashingtonDC5D,38.919,-77.017
1303,3D62129,Multiple_Gunshots,2017-03-21,01:57:19,WashingtonDC3D,38.919,-77.017
1304,7D217831,Single_Gunshot,2017-03-21,02:27:53,WashingtonDC7D,38.835,-77.004
1305,7D217840,Multiple_Gunshots,2017-03-21,15:47:16,WashingtonDC7D,38.838,-76.99
1306,7D217845,Single_Gunshot,2017-03-21,19:54:40,WashingtonDC7D,38.828,-77.006
1307,7D217846,Multiple_Gunshots,2017-03-21,19:54:47,WashingtonDC7D,38.829,-77.005
1308,6D176435,Multiple_Gunshots,2017-03-21,21:00:49,WashingtonDC6D,38.891,-76.954
1309,6D176436,Multiple_Gunshots,2017-03-21,21:00:59,WashingtonDC6D,38.889,-76.952
1310,7D217847,Multiple_Gunshots,2017-03-21,22:22:10,WashingtonDC7D,38.835,-76.986
1311,6D176438,Multiple_Gunshots,2017-03-21,22:57:54,WashingtonDC6D,38.893,-76.949
1312,5D70711,Single_Gunshot,2017-03-21,23:42:38,WashingtonDC5D,38.923,-76.968
1313,7D217848,Multiple_Gunshots,2017-03-21,23:44:22,WashingtonDC7D,38.865,-76.977
1314,6D176439,Multiple_Gunshots,2017-03-21,23:44:23,WashingtonDC6D,38.865,-76.977
1315,7D217849,Multiple_Gunshots,2017-03-21,23:46:11,WashingtonDC7D,38.849,-76.975
1316,7D217851,Multiple_Gunshots,2017-03-22,01:15:59,WashingtonDC7D,38.856,-76.97
1317,6D176440,Single_Gunshot,2017-03-22,01:44:33,WashingtonDC6D,38.884,-76.947
1318,6D176441,Single_Gunshot,2017-03-22,01:52:49,WashingtonDC6D,38.884,-76.952
1319,4D58768,Single_Gunshot,2017-03-22,02:00:45,WashingtonDC4D,38.945,-77.015
1320,7D217852,Multiple_Gunshots,2017-03-22,03:28:15,WashingtonDC7D,38.844,-77.007
1321,7D217853,Multiple_Gunshots,2017-03-22,03:29:20,WashingtonDC7D,38.852,-77.006
1322,7D217854,Multiple_Gunshots,2017-03-22,04:06:30,WashingtonDC7D,38.869,-76.977
1323,6D176442,Multiple_Gunshots,2017-03-22,06:31:40,WashingtonDC6D,38.89,-76.915
1324,6D176443,Gunshot_or_Firecracker,2017-03-22,09:18:17,WashingtonDC6D,38.892,-76.954
1325,5D70713,Gunshot_or_Firecracker,2017-03-22,14:28:37,WashingtonDC5D,38.909,-77.012
1326,6D176445,Single_Gunshot,2017-03-22,17:24:11,WashingtonDC6D,38.872,-76.982
1327,7D217860,Single_Gunshot,2017-03-22,18:13:37,WashingtonDC7D,38.844,-76.986
1328,7D217861,Multiple_Gunshots,2017-03-22,19:48:16,WashingtonDC7D,38.844,-76.978
1329,6D176446,Single_Gunshot,2017-03-22,22:24:46,WashingtonDC6D,38.899,-76.945
1330,7D217864,Multiple_Gunshots,2017-03-23,00:16:20,WashingtonDC7D,38.848,-76.977
1331,7D217866,Multiple_Gunshots,2017-03-23,03:13:40,WashingtonDC7D,38.844,-76.984
1332,6D176447,Multiple_Gunshots,2017-03-23,04:09:04,WashingtonDC6D,38.886,-76.959
1333,7D217867,Single_Gunshot,2017-03-23,06:35:37,WashingtonDC7D,38.856,-76.969
1334,6D176448,Multiple_Gunshots,2017-03-23,13:35:42,WashingtonDC6D,38.896,-76.928
1335,7D217872,Multiple_Gunshots,2017-03-23,18:19:13,WashingtonDC7D,38.85,-76.972
1336,7D217873,Multiple_Gunshots,2017-03-23,20:08:32,WashingtonDC7D,38.853,-76.971
1337,6D176455,Multiple_Gunshots,2017-03-23,21:02:49,WashingtonDC6D,38.894,-76.925
1338,6D176456,Single_Gunshot,2017-03-23,22:31:21,WashingtonDC6D,38.885,-76.925
1339,7D217883,Multiple_Gunshots,2017-03-23,23:41:19,WashingtonDC7D,38.82,-76.999
1340,7D217884,Multiple_Gunshots,2017-03-23,23:41:24,WashingtonDC7D,38.819,-76.999
1341,7D217885,Single_Gunshot,2017-03-23,23:43:13,WashingtonDC7D,38.82,-76.999
1342,6D176457,Single_Gunshot,2017-03-24,03:41:51,WashingtonDC6D,38.869,-76.966
1343,7D217887,Single_Gunshot,2017-03-24,05:44:24,WashingtonDC7D,38.856,-76.981
1344,3D62148,Single_Gunshot,2017-03-24,07:19:54,WashingtonDC3D,38.918,-77.034
1345,7D217894,Single_Gunshot,2017-03-24,12:17:01,WashingtonDC7D,38.83,-77.002
1346,6D176459,Gunshot_or_Firecracker,2017-03-24,20:53:49,WashingtonDC6D,38.892,-76.952
1347,5D70726,Gunshot_or_Firecracker,2017-03-24,21:47:41,WashingtonDC5D,38.904,-76.981
1348,6D176461,Multiple_Gunshots,2017-03-24,23:11:11,WashingtonDC6D,38.894,-76.951
1349,7D217904,Single_Gunshot,2017-03-25,00:10:03,WashingtonDC7D,38.837,-77.003
1350,7D217905,Multiple_Gunshots,2017-03-25,00:10:55,WashingtonDC7D,38.855,-76.992
1351,6D176463,Multiple_Gunshots,2017-03-25,03:23:24,WashingtonDC6D,38.879,-76.924
1352,6D176464,Multiple_Gunshots,2017-03-25,03:23:51,WashingtonDC6D,38.879,-76.925
1353,6D176465,Single_Gunshot,2017-03-25,04:03:39,WashingtonDC6D,38.881,-76.932
1354,6D176466,Single_Gunshot,2017-03-25,04:08:58,WashingtonDC6D,38.901,-76.946
1355,6D176467,Multiple_Gunshots,2017-03-25,07:52:24,WashingtonDC6D,38.88,-76.926
1356,4D58788,Multiple_Gunshots,2017-03-25,16:01:25,WashingtonDC4D,38.947,-77.021
1357,7D217916,Multiple_Gunshots,2017-03-25,19:01:21,WashingtonDC7D,38.871,-76.978
1358,6D176469,Multiple_Gunshots,2017-03-25,19:01:21,WashingtonDC6D,38.871,-76.978
1359,7D217917,Multiple_Gunshots,2017-03-25,19:51:01,WashingtonDC7D,38.831,-77.0
1360,7D217918,Multiple_Gunshots,2017-03-25,20:04:49,WashingtonDC7D,38.859,-76.993
1361,1D85089,Gunshot_or_Firecracker,2017-03-25,20:16:14,WashingtonDC1D,38.874,-77.012
1362,7D217919,Single_Gunshot,2017-03-25,20:20:00,WashingtonDC7D,38.837,-76.982
1363,7D217921,Multiple_Gunshots,2017-03-25,21:10:16,WashingtonDC7D,38.833,-77.003
1364,7D217922,Multiple_Gunshots,2017-03-25,21:10:24,WashingtonDC7D,38.832,-77.003
1365,7D217923,Multiple_Gunshots,2017-03-25,21:10:29,WashingtonDC7D,38.834,-77.003
1366,7D217924,Multiple_Gunshots,2017-03-25,21:10:55,WashingtonDC7D,38.836,-77.004
1367,7D217930,Gunshot_or_Firecracker,2017-03-25,22:16:11,WashingtonDC7D,38.833,-76.995
1368,7D217936,Multiple_Gunshots,2017-03-25,22:45:52,WashingtonDC7D,38.835,-76.988
1369,7D217937,Multiple_Gunshots,2017-03-25,22:47:01,WashingtonDC7D,38.834,-76.988
1370,7D217943,Multiple_Gunshots,2017-03-25,23:19:39,WashingtonDC7D,38.832,-76.994
1371,6D176471,Single_Gunshot,2017-03-26,00:09:49,WashingtonDC6D,38.884,-76.922
1372,5D70735,Single_Gunshot,2017-03-26,02:05:33,WashingtonDC5D,38.905,-77.011
1373,6D176473,Multiple_Gunshots,2017-03-26,02:38:19,WashingtonDC6D,38.895,-76.923
1374,6D176474,Single_Gunshot,2017-03-26,02:51:30,WashingtonDC6D,38.898,-76.919
1375,7D217944,Multiple_Gunshots,2017-03-26,03:03:11,WashingtonDC7D,38.851,-76.968
1376,5D70736,Multiple_Gunshots,2017-03-26,03:06:22,WashingtonDC5D,38.921,-76.972
1377,5D70737,Single_Gunshot,2017-03-26,03:07:17,WashingtonDC5D,38.921,-76.972
1378,5D70738,Multiple_Gunshots,2017-03-26,03:07:47,WashingtonDC5D,38.921,-76.972
1379,5D70739,Single_Gunshot,2017-03-26,04:04:56,WashingtonDC5D,38.905,-77.009
1380,6D176475,Single_Gunshot,2017-03-26,04:09:33,WashingtonDC6D,38.88,-76.922
1381,1D85095,Multiple_Gunshots,2017-03-26,20:55:13,WashingtonDC1D,38.882,-77.018
1382,7D217954,Single_Gunshot,2017-03-26,21:50:17,WashingtonDC7D,38.842,-76.987
1383,3D62161,Single_Gunshot,2017-03-26,22:21:18,WashingtonDC3D,38.921,-77.026
1384,7D217955,Gunshot_or_Firecracker,2017-03-26,22:56:42,WashingtonDC7D,38.866,-76.98
1385,6D176484,Multiple_Gunshots,2017-03-27,01:39:48,WashingtonDC6D,38.89,-76.956
1386,5D70744,Single_Gunshot,2017-03-27,02:05:21,WashingtonDC5D,38.903,-76.98
1387,5D70745,Single_Gunshot,2017-03-27,02:07:29,WashingtonDC5D,38.903,-76.98
1388,7D217957,Single_Gunshot,2017-03-27,03:04:21,WashingtonDC7D,38.844,-76.991
1389,6D176489,Multiple_Gunshots,2017-03-27,16:59:53,WashingtonDC6D,38.893,-76.925
1390,1D85103,Single_Gunshot,2017-03-27,17:13:25,WashingtonDC1D,38.876,-77.018
1391,7D217967,Single_Gunshot,2017-03-27,17:50:33,WashingtonDC7D,38.853,-76.966
1392,7D217968,Single_Gunshot,2017-03-27,18:11:36,WashingtonDC7D,38.844,-76.986
1393,7D217969,Single_Gunshot,2017-03-27,18:11:45,WashingtonDC7D,38.844,-76.986
1394,7D217970,Multiple_Gunshots,2017-03-27,19:34:52,WashingtonDC7D,38.831,-76.996
1395,5D70752,Gunshot_or_Firecracker,2017-03-27,20:45:10,WashingtonDC5D,38.9,-76.978
1396,6D176491,Single_Gunshot,2017-03-27,20:47:55,WashingtonDC6D,38.876,-76.953
1397,7D217974,Multiple_Gunshots,2017-03-27,21:48:42,WashingtonDC7D,38.855,-76.969
1398,7D217975,Single_Gunshot,2017-03-27,21:55:47,WashingtonDC7D,38.837,-77.002
1399,6D176493,Multiple_Gunshots,2017-03-27,22:56:42,WashingtonDC6D,38.887,-76.937
1400,6D176494,Multiple_Gunshots,2017-03-27,23:15:45,WashingtonDC6D,38.898,-76.949
1401,4D58804,Multiple_Gunshots,2017-03-28,00:16:36,WashingtonDC4D,38.937,-77.026
1402,3D62165,Multiple_Gunshots,2017-03-28,00:16:36,WashingtonDC3D,38.937,-77.026
1403,7D217976,Single_Gunshot,2017-03-28,01:10:07,WashingtonDC7D,38.827,-76.99
1404,6D176497,Single_Gunshot,2017-03-28,03:24:28,WashingtonDC6D,38.906,-76.951
1405,7D217977,Multiple_Gunshots,2017-03-28,03:26:18,WashingtonDC7D,38.855,-76.976
1406,7D217978,Single_Gunshot,2017-03-28,03:29:45,WashingtonDC7D,38.85,-76.97
1407,7D217979,Multiple_Gunshots,2017-03-28,03:35:18,WashingtonDC7D,38.823,-77.008
1408,1D85109,Single_Gunshot,2017-03-28,05:58:16,WashingtonDC1D,38.888,-76.981
1409,7D217984,Multiple_Gunshots,2017-03-28,15:45:30,WashingtonDC7D,38.851,-76.974
1410,7D217985,Multiple_Gunshots,2017-03-28,15:45:45,WashingtonDC7D,38.851,-76.974
1411,7D217986,Multiple_Gunshots,2017-03-28,15:45:48,WashingtonDC7D,38.854,-76.979
1412,7D217987,Multiple_Gunshots,2017-03-28,15:45:51,WashingtonDC7D,38.851,-76.974
1413,5D70765,Single_Gunshot,2017-03-28,22:07:37,WashingtonDC5D,38.9,-76.974
1414,7D217993,Gunshot_or_Firecracker,2017-03-29,11:04:45,WashingtonDC7D,38.861,-76.993
1415,6D176518,Multiple_Gunshots,2017-03-29,11:23:23,WashingtonDC6D,38.887,-76.937
1416,6D176523,Multiple_Gunshots,2017-03-29,18:55:55,WashingtonDC6D,38.877,-76.97
1417,7D217994,Single_Gunshot,2017-03-29,20:47:37,WashingtonDC7D,38.87,-76.98
1418,6D176525,Gunshot_or_Firecracker,2017-03-29,22:57:28,WashingtonDC6D,38.903,-76.943
1419,7D217998,Multiple_Gunshots,2017-03-29,23:16:17,WashingtonDC7D,38.842,-76.997
1420,6D176526,Single_Gunshot,2017-03-30,01:13:36,WashingtonDC6D,38.893,-76.951
1421,6D176528,Single_Gunshot,2017-03-30,02:32:05,WashingtonDC6D,38.894,-76.95
1422,5D70775,Single_Gunshot,2017-03-30,03:20:36,WashingtonDC5D,38.907,-77.014
1423,6D176529,Single_Gunshot,2017-03-30,03:25:30,WashingtonDC6D,38.893,-76.929
1424,6D176530,Multiple_Gunshots,2017-03-30,03:50:13,WashingtonDC6D,38.878,-76.935
1425,7D217999,Single_Gunshot,2017-03-30,05:33:26,WashingtonDC7D,38.869,-76.98
1426,7D218008,Multiple_Gunshots,2017-03-30,11:42:34,WashingtonDC7D,38.835,-76.986
1427,7D218017,Multiple_Gunshots,2017-03-30,20:05:36,WashingtonDC7D,38.837,-77.003
1428,7D218018,Multiple_Gunshots,2017-03-30,20:05:59,WashingtonDC7D,38.837,-77.003
1429,6D176541,Multiple_Gunshots,2017-03-30,20:19:03,WashingtonDC6D,38.894,-76.96
1430,5D70785,Multiple_Gunshots,2017-03-30,20:19:07,WashingtonDC5D,38.894,-76.96
1431,6D176543,Multiple_Gunshots,2017-03-30,21:16:08,WashingtonDC6D,38.891,-76.946
1432,6D176545,Multiple_Gunshots,2017-03-31,00:47:59,WashingtonDC6D,38.884,-76.947
1433,6D176546,Multiple_Gunshots,2017-03-31,00:48:08,WashingtonDC6D,38.884,-76.948
1434,6D176547,Single_Gunshot,2017-03-31,02:53:01,WashingtonDC6D,38.875,-76.952
1435,7D218021,Gunshot_or_Firecracker,2017-03-31,07:53:05,WashingtonDC7D,38.842,-76.988
1436,6D176555,Multiple_Gunshots,2017-03-31,16:50:35,WashingtonDC6D,38.892,-76.949
1437,7D218030,Multiple_Gunshots,2017-03-31,18:43:57,WashingtonDC7D,38.829,-77.0
1438,7D218031,Multiple_Gunshots,2017-03-31,18:44:08,WashingtonDC7D,38.829,-77.001
1439,6D176563,Single_Gunshot,2017-03-31,22:08:47,WashingtonDC6D,38.889,-76.919
1440,7D218034,Multiple_Gunshots,2017-04-01,00:46:03,WashingtonDC7D,38.869,-76.984
1441,7D218035,Single_Gunshot,2017-04-01,01:31:03,WashingtonDC7D,38.829,-76.997
1442,7D218036,Single_Gunshot,2017-04-01,02:11:15,WashingtonDC7D,38.858,-76.99
1443,7D218037,Multiple_Gunshots,2017-04-01,05:03:49,WashingtonDC7D,38.871,-76.968
1444,5D70789,Gunshot_or_Firecracker,2017-04-01,14:31:04,WashingtonDC5D,38.908,-77.014
1445,6D176570,Multiple_Gunshots,2017-04-01,21:04:20,WashingtonDC6D,38.897,-76.921
1446,7D218045,Single_Gunshot,2017-04-01,21:52:38,WashingtonDC7D,38.846,-76.974
1447,5D70790,Multiple_Gunshots,2017-04-01,22:15:20,WashingtonDC5D,38.911,-77.012
1448,7D218047,Single_Gunshot,2017-04-01,23:52:33,WashingtonDC7D,38.853,-76.964
1449,7D218048,Multiple_Gunshots,2017-04-02,00:45:11,WashingtonDC7D,38.861,-76.997
1450,6D176572,Single_Gunshot,2017-04-02,03:48:19,WashingtonDC6D,38.901,-76.956
1451,6D176573,Single_Gunshot,2017-04-02,04:05:32,WashingtonDC6D,38.886,-76.955
1452,6D176574,Single_Gunshot,2017-04-02,04:05:42,WashingtonDC6D,38.886,-76.955
1453,6D176575,Single_Gunshot,2017-04-02,06:13:51,WashingtonDC6D,38.891,-76.933
1454,4D58836,Single_Gunshot,2017-04-02,17:18:54,WashingtonDC4D,38.946,-77.025
1455,5D70795,Multiple_Gunshots,2017-04-02,18:01:40,WashingtonDC5D,38.907,-77.01
1456,7D218052,Multiple_Gunshots,2017-04-02,21:40:06,WashingtonDC7D,38.856,-76.969
1457,7D218053,Multiple_Gunshots,2017-04-02,21:40:20,WashingtonDC7D,38.856,-76.969
1458,7D218054,Multiple_Gunshots,2017-04-02,22:16:19,WashingtonDC7D,38.83,-77.002
1459,6D176578,Multiple_Gunshots,2017-04-02,23:48:12,WashingtonDC6D,38.887,-76.954
1460,5D70798,Multiple_Gunshots,2017-04-03,01:37:22,WashingtonDC5D,38.9,-76.989
1461,1D85136,Multiple_Gunshots,2017-04-03,01:37:22,WashingtonDC1D,38.901,-76.989
1462,7D218064,Multiple_Gunshots,2017-04-03,14:09:03,WashingtonDC7D,38.832,-76.991
1463,7D218066,Gunshot_or_Firecracker,2017-04-03,18:02:54,WashingtonDC7D,38.828,-77.001
1464,6D176581,Multiple_Gunshots,2017-04-03,18:08:39,WashingtonDC6D,38.893,-76.926
1465,6D176582,Multiple_Gunshots,2017-04-03,18:08:47,WashingtonDC6D,38.895,-76.929
1466,6D176583,Multiple_Gunshots,2017-04-03,18:08:53,WashingtonDC6D,38.895,-76.928
1467,6D176584,Multiple_Gunshots,2017-04-03,18:08:54,WashingtonDC6D,38.894,-76.928
1468,6D176585,Multiple_Gunshots,2017-04-03,18:08:58,WashingtonDC6D,38.893,-76.927
1469,7D218067,Single_Gunshot,2017-04-03,19:16:29,WashingtonDC7D,38.853,-76.966
1470,7D218073,Single_Gunshot,2017-04-03,23:45:43,WashingtonDC7D,38.862,-76.974
1471,6D176590,Multiple_Gunshots,2017-04-04,02:13:27,WashingtonDC6D,38.895,-76.938
1472,6D176591,Multiple_Gunshots,2017-04-04,02:13:34,WashingtonDC6D,38.894,-76.938
1473,7D218075,Single_Gunshot,2017-04-04,02:23:01,WashingtonDC7D,38.838,-77.006
1474,7D218077,Single_Gunshot,2017-04-04,06:06:21,WashingtonDC7D,38.845,-76.989
1475,7D218078,Multiple_Gunshots,2017-04-04,07:22:58,WashingtonDC7D,38.82,-76.993
1476,5D70801,Multiple_Gunshots,2017-04-04,09:01:20,WashingtonDC5D,38.907,-77.017
1477,3D62197,Multiple_Gunshots,2017-04-04,09:01:20,WashingtonDC3D,38.907,-77.017
1478,7D218081,Multiple_Gunshots,2017-04-04,10:57:20,WashingtonDC7D,38.851,-76.975
1479,6D176595,Multiple_Gunshots,2017-04-04,14:13:49,WashingtonDC6D,38.892,-76.95
1480,5D70803,Single_Gunshot,2017-04-04,20:08:02,WashingtonDC5D,38.911,-76.998
1481,6D176596,Gunshot_or_Firecracker,2017-04-04,20:28:24,WashingtonDC6D,38.902,-76.911
1482,3D62200,Multiple_Gunshots,2017-04-04,20:44:58,WashingtonDC3D,38.909,-77.02
1483,7D218087,Single_Gunshot,2017-04-04,22:26:10,WashingtonDC7D,38.845,-76.977
1484,6D176599,Multiple_Gunshots,2017-04-04,22:28:55,WashingtonDC6D,38.893,-76.949
1485,6D176600,Multiple_Gunshots,2017-04-04,22:28:59,WashingtonDC6D,38.889,-76.939
1486,6D176601,Multiple_Gunshots,2017-04-04,22:29:13,WashingtonDC6D,38.893,-76.949
1487,6D176602,Multiple_Gunshots,2017-04-04,22:29:22,WashingtonDC6D,38.893,-76.95
1488,6D176603,Multiple_Gunshots,2017-04-04,22:29:26,WashingtonDC6D,38.893,-76.948
1489,4D58868,Multiple_Gunshots,2017-04-04,22:42:27,WashingtonDC4D,38.95,-77.026
1490,7D218088,Multiple_Gunshots,2017-04-05,02:36:56,WashingtonDC7D,38.86,-76.991
1491,7D218089,Multiple_Gunshots,2017-04-05,02:37:03,WashingtonDC7D,38.854,-76.985
1492,7D218090,Single_Gunshot,2017-04-05,02:37:15,WashingtonDC7D,38.86,-76.99
1493,3D62202,Single_Gunshot,2017-04-05,03:14:45,WashingtonDC3D,38.929,-77.038
1494,6D176605,Multiple_Gunshots,2017-04-05,04:08:25,WashingtonDC6D,38.909,-76.926
1495,6D176606,Multiple_Gunshots,2017-04-05,04:08:30,WashingtonDC6D,38.908,-76.926
1496,6D176607,Multiple_Gunshots,2017-04-05,04:08:39,WashingtonDC6D,38.91,-76.926
1497,7D218104,Single_Gunshot,2017-04-05,18:49:56,WashingtonDC7D,38.83,-77.003
1498,6D176612,Single_Gunshot,2017-04-05,19:39:01,WashingtonDC6D,38.861,-76.99
1499,5D70812,Multiple_Gunshots,2017-04-05,20:37:51,WashingtonDC5D,38.909,-77.017
1500,3D62211,Multiple_Gunshots,2017-04-05,20:37:51,WashingtonDC3D,38.909,-77.018
1501,3D62212,Multiple_Gunshots,2017-04-05,21:31:34,WashingtonDC3D,38.907,-77.022
1502,6D176617,Single_Gunshot,2017-04-05,22:27:14,WashingtonDC6D,38.885,-76.956
1503,7D218107,Single_Gunshot,2017-04-05,22:56:24,WashingtonDC7D,38.821,-76.999
1504,7D218108,Multiple_Gunshots,2017-04-05,23:05:21,WashingtonDC7D,38.855,-76.971
1505,6D176628,Single_Gunshot,2017-04-06,00:15:18,WashingtonDC6D,38.883,-76.932
1506,6D176633,Multiple_Gunshots,2017-04-06,02:16:09,WashingtonDC6D,38.886,-76.948
1507,7D218129,Single_Gunshot,2017-04-06,17:07:14,WashingtonDC7D,38.828,-76.998
1508,7D218130,Multiple_Gunshots,2017-04-06,22:33:46,WashingtonDC7D,38.828,-76.998
1509,6D176647,Multiple_Gunshots,2017-04-06,23:31:23,WashingtonDC6D,38.863,-76.989
1510,6D176648,Multiple_Gunshots,2017-04-07,00:00:35,WashingtonDC6D,38.902,-76.943
1511,7D218140,Multiple_Gunshots,2017-04-07,14:42:54,WashingtonDC7D,38.827,-76.998
1512,7D218144,Multiple_Gunshots,2017-04-07,23:04:48,WashingtonDC7D,38.835,-76.984
1513,6D176650,Multiple_Gunshots,2017-04-07,23:51:03,WashingtonDC6D,38.875,-76.969
1514,7D218147,Multiple_Gunshots,2017-04-08,01:24:40,WashingtonDC7D,38.869,-76.979
1515,5D70827,Multiple_Gunshots,2017-04-08,01:50:19,WashingtonDC5D,38.901,-76.976
1516,7D218148,Single_Gunshot,2017-04-08,02:29:47,WashingtonDC7D,38.825,-77.009
1517,1D85165,Multiple_Gunshots,2017-04-08,02:32:33,WashingtonDC1D,38.879,-77.023
1518,7D218149,Multiple_Gunshots,2017-04-08,03:21:08,WashingtonDC7D,38.855,-76.972
1519,6D176651,Multiple_Gunshots,2017-04-08,03:56:39,WashingtonDC6D,38.881,-76.935
1520,6D176652,Multiple_Gunshots,2017-04-08,04:23:47,WashingtonDC6D,38.884,-76.924
1521,7D218150,Multiple_Gunshots,2017-04-08,05:13:39,WashingtonDC7D,38.847,-76.977
1522,5D70828,Single_Gunshot,2017-04-08,05:52:21,WashingtonDC5D,38.905,-76.98
1523,7D218152,Multiple_Gunshots,2017-04-08,13:46:09,WashingtonDC7D,38.846,-77.004
1524,7D218154,Multiple_Gunshots,2017-04-08,16:32:46,WashingtonDC7D,38.839,-76.997
1525,7D218155,Multiple_Gunshots,2017-04-08,16:32:57,WashingtonDC7D,38.839,-76.997
1526,7D218156,Multiple_Gunshots,2017-04-08,16:33:04,WashingtonDC7D,38.838,-76.996
1527,6D176662,Multiple_Gunshots,2017-04-08,23:32:51,WashingtonDC6D,38.89,-76.951
1528,7D218170,Multiple_Gunshots,2017-04-09,00:20:48,WashingtonDC7D,38.827,-76.996
1529,7D218172,Multiple_Gunshots,2017-04-09,01:36:45,WashingtonDC7D,38.827,-76.999
1530,4D58883,Single_Gunshot,2017-04-09,02:19:05,WashingtonDC4D,38.95,-77.028
1531,6D176667,Single_Gunshot,2017-04-09,03:11:12,WashingtonDC6D,38.902,-76.945
1532,6D176669,Multiple_Gunshots,2017-04-09,03:28:29,WashingtonDC6D,38.911,-76.932
1533,6D176675,Single_Gunshot,2017-04-09,17:56:59,WashingtonDC6D,38.886,-76.92
1534,7D218177,Multiple_Gunshots,2017-04-09,18:34:15,WashingtonDC7D,38.848,-76.969
1535,7D218178,Gunshot_or_Firecracker,2017-04-09,18:41:48,WashingtonDC7D,38.844,-76.987
1536,5D70835,Multiple_Gunshots,2017-04-09,19:16:39,WashingtonDC5D,38.911,-77.013
1537,3D62239,Multiple_Gunshots,2017-04-09,19:16:39,WashingtonDC3D,38.911,-77.013
1538,5D70836,Multiple_Gunshots,2017-04-09,19:16:47,WashingtonDC5D,38.913,-77.014
1539,7D218181,Single_Gunshot,2017-04-09,19:32:24,WashingtonDC7D,38.831,-77.001
1540,6D176676,Multiple_Gunshots,2017-04-09,19:38:09,WashingtonDC6D,38.889,-76.956
1541,7D218183,Single_Gunshot,2017-04-09,20:22:40,WashingtonDC7D,38.853,-76.964
1542,6D176677,Single_Gunshot,2017-04-09,20:39:27,WashingtonDC6D,38.893,-76.952
1543,6D176678,Multiple_Gunshots,2017-04-09,20:43:47,WashingtonDC6D,38.893,-76.952
1544,7D218184,Single_Gunshot,2017-04-09,21:06:21,WashingtonDC7D,38.835,-76.983
1545,6D176680,Multiple_Gunshots,2017-04-09,21:18:28,WashingtonDC6D,38.887,-76.957
1546,7D218185,Multiple_Gunshots,2017-04-09,21:51:03,WashingtonDC7D,38.843,-76.985
1547,5D70840,Single_Gunshot,2017-04-09,22:43:09,WashingtonDC5D,38.905,-76.983
1548,6D176681,Multiple_Gunshots,2017-04-09,23:01:40,WashingtonDC6D,38.893,-76.951
1549,6D176682,Multiple_Gunshots,2017-04-10,00:16:47,WashingtonDC6D,38.885,-76.953
1550,6D176683,Multiple_Gunshots,2017-04-10,00:16:58,WashingtonDC6D,38.885,-76.952
1551,7D218187,Single_Gunshot,2017-04-10,00:44:33,WashingtonDC7D,38.846,-76.979
1552,7D218188,Multiple_Gunshots,2017-04-10,00:45:09,WashingtonDC7D,38.846,-76.978
1553,3D62240,Multiple_Gunshots,2017-04-10,02:16:50,WashingtonDC3D,38.923,-77.034
1554,4D58888,Multiple_Gunshots,2017-04-10,02:16:52,WashingtonDC4D,38.923,-77.034
1555,6D176685,Single_Gunshot,2017-04-10,06:27:28,WashingtonDC6D,38.902,-76.942
1556,7D218195,Gunshot_or_Firecracker,2017-04-10,12:47:26,WashingtonDC7D,38.829,-77.006
1557,7D218197,Single_Gunshot,2017-04-10,17:38:31,WashingtonDC7D,38.842,-76.988
1558,7D218198,Single_Gunshot,2017-04-10,19:36:42,WashingtonDC7D,38.828,-76.998
1559,6D176693,Single_Gunshot,2017-04-10,20:41:37,WashingtonDC6D,38.87,-76.945
1560,6D176697,Multiple_Gunshots,2017-04-10,20:50:09,WashingtonDC6D,38.884,-76.93
1561,6D176700,Multiple_Gunshots,2017-04-10,22:57:20,WashingtonDC6D,38.893,-76.91
1562,6D176701,Multiple_Gunshots,2017-04-10,23:31:03,WashingtonDC6D,38.888,-76.915
1563,7D218201,Single_Gunshot,2017-04-10,23:38:23,WashingtonDC7D,38.842,-76.988
1564,7D218202,Single_Gunshot,2017-04-11,00:11:58,WashingtonDC7D,38.851,-76.976
1565,7D218203,Single_Gunshot,2017-04-11,00:42:31,WashingtonDC7D,38.864,-76.987
1566,6D176702,Single_Gunshot,2017-04-11,00:42:31,WashingtonDC6D,38.864,-76.986
1567,3D62246,Single_Gunshot,2017-04-11,01:24:28,WashingtonDC3D,38.908,-77.012
1568,5D70846,Single_Gunshot,2017-04-11,01:24:29,WashingtonDC5D,38.91,-77.013
1569,6D176703,Single_Gunshot,2017-04-11,01:27:12,WashingtonDC6D,38.893,-76.926
1570,6D176704,Multiple_Gunshots,2017-04-11,01:42:48,WashingtonDC6D,38.904,-76.942
1571,6D176705,Multiple_Gunshots,2017-04-11,04:30:18,WashingtonDC6D,38.886,-76.954
1572,7D218210,Single_Gunshot,2017-04-11,17:46:07,WashingtonDC7D,38.845,-76.973
1573,7D218214,Multiple_Gunshots,2017-04-11,21:10:50,WashingtonDC7D,38.857,-76.973
1574,7D218215,Multiple_Gunshots,2017-04-11,21:11:05,WashingtonDC7D,38.857,-76.974
1575,5D70852,Multiple_Gunshots,2017-04-11,21:14:57,WashingtonDC5D,38.905,-76.976
1576,6D176716,Multiple_Gunshots,2017-04-11,23:38:40,WashingtonDC6D,38.894,-76.95
1577,6D176717,Multiple_Gunshots,2017-04-11,23:39:06,WashingtonDC6D,38.893,-76.952
1578,6D176718,Multiple_Gunshots,2017-04-11,23:39:20,WashingtonDC6D,38.893,-76.953
1579,7D218224,Single_Gunshot,2017-04-12,00:18:23,WashingtonDC7D,38.843,-76.988
1580,7D218225,Single_Gunshot,2017-04-12,00:18:29,WashingtonDC7D,38.843,-76.988
1581,7D218226,Single_Gunshot,2017-04-12,00:33:58,WashingtonDC7D,38.854,-76.977
1582,5D70853,Multiple_Gunshots,2017-04-12,01:52:44,WashingtonDC5D,38.909,-77.02
1583,3D62254,Multiple_Gunshots,2017-04-12,01:52:44,WashingtonDC3D,38.908,-77.02
1584,6D176720,Multiple_Gunshots,2017-04-12,01:59:28,WashingtonDC6D,38.885,-76.925
1585,5D70854,Single_Gunshot,2017-04-12,07:31:36,WashingtonDC5D,38.939,-76.967
1586,5D70856,Gunshot_or_Firecracker,2017-04-12,15:06:30,WashingtonDC5D,38.924,-77.013
1587,5D70857,Single_Gunshot,2017-04-12,18:56:54,WashingtonDC5D,38.921,-76.983
1588,1D85192,Multiple_Gunshots,2017-04-12,20:25:47,WashingtonDC1D,38.903,-76.995
1589,7D218244,Multiple_Gunshots,2017-04-12,21:30:50,WashingtonDC7D,38.862,-76.991
1590,5D70859,Single_Gunshot,2017-04-12,23:04:26,WashingtonDC5D,38.923,-77.003
1591,6D176725,Multiple_Gunshots,2017-04-12,23:35:19,WashingtonDC6D,38.898,-76.946
1592,6D176726,Multiple_Gunshots,2017-04-12,23:50:22,WashingtonDC6D,38.893,-76.951
1593,6D176727,Multiple_Gunshots,2017-04-13,00:37:11,WashingtonDC6D,38.901,-76.94
1594,7D218248,Multiple_Gunshots,2017-04-13,00:42:25,WashingtonDC7D,38.828,-77.006
1595,7D218249,Multiple_Gunshots,2017-04-13,01:04:08,WashingtonDC7D,38.829,-76.999
1596,6D176728,Multiple_Gunshots,2017-04-13,01:46:44,WashingtonDC6D,38.889,-76.95
1597,6D176729,Single_Gunshot,2017-04-13,01:47:02,WashingtonDC6D,38.889,-76.95
1598,6D176730,Single_Gunshot,2017-04-13,01:48:26,WashingtonDC6D,38.89,-76.948
1599,6D176731,Multiple_Gunshots,2017-04-13,02:05:28,WashingtonDC6D,38.905,-76.92
1600,6D176732,Single_Gunshot,2017-04-13,02:05:49,WashingtonDC6D,38.905,-76.92
1601,6D176733,Gunshot_or_Firecracker,2017-04-13,02:20:59,WashingtonDC6D,38.89,-76.954
1602,6D176734,Multiple_Gunshots,2017-04-13,02:26:29,WashingtonDC6D,38.92,-76.932
1603,7D218254,Single_Gunshot,2017-04-13,06:06:32,WashingtonDC7D,38.857,-76.97
1604,7D218262,Multiple_Gunshots,2017-04-13,11:16:01,WashingtonDC7D,38.83,-77.007
1605,6D176743,Multiple_Gunshots,2017-04-13,17:05:12,WashingtonDC6D,38.893,-76.949
1606,7D218266,Single_Gunshot,2017-04-13,20:57:22,WashingtonDC7D,38.862,-76.979
1607,7D218267,Single_Gunshot,2017-04-13,20:58:05,WashingtonDC7D,38.862,-76.98
1608,7D218269,Multiple_Gunshots,2017-04-13,22:13:25,WashingtonDC7D,38.862,-76.982
1609,5D70864,Multiple_Gunshots,2017-04-13,22:35:36,WashingtonDC5D,38.925,-76.979
1610,7D218278,Single_Gunshot,2017-04-14,02:00:08,WashingtonDC7D,38.845,-76.987
1611,7D218279,Multiple_Gunshots,2017-04-14,02:43:53,WashingtonDC7D,38.857,-76.99
1612,5D70866,Multiple_Gunshots,2017-04-14,02:56:26,WashingtonDC5D,38.906,-77.012
1613,7D218281,Single_Gunshot,2017-04-14,07:18:00,WashingtonDC7D,38.842,-76.987
1614,7D218286,Single_Gunshot,2017-04-14,17:01:30,WashingtonDC7D,38.842,-76.993
1615,7D218288,Multiple_Gunshots,2017-04-14,17:02:59,WashingtonDC7D,38.833,-76.992
1616,7D218289,Multiple_Gunshots,2017-04-14,17:03:06,WashingtonDC7D,38.833,-76.992
1617,3D62263,Single_Gunshot,2017-04-14,18:56:38,WashingtonDC3D,38.925,-77.026
1618,7D218292,Single_Gunshot,2017-04-14,19:24:10,WashingtonDC7D,38.856,-76.973
1619,7D218294,Multiple_Gunshots,2017-04-14,20:04:42,WashingtonDC7D,38.845,-76.979
1620,7D218295,Multiple_Gunshots,2017-04-14,20:04:47,WashingtonDC7D,38.845,-76.979
1621,7D218296,Multiple_Gunshots,2017-04-14,20:52:08,WashingtonDC7D,38.857,-76.975
1622,7D218297,Multiple_Gunshots,2017-04-14,20:53:16,WashingtonDC7D,38.857,-76.991
1623,5D70871,Single_Gunshot,2017-04-14,20:54:35,WashingtonDC5D,38.911,-76.999
1624,7D218298,Single_Gunshot,2017-04-14,21:09:54,WashingtonDC7D,38.833,-76.983
1625,6D176758,Single_Gunshot,2017-04-14,21:10:01,WashingtonDC6D,38.884,-76.941
1626,6D176761,Single_Gunshot,2017-04-14,21:13:31,WashingtonDC6D,38.884,-76.942
1627,6D176766,Single_Gunshot,2017-04-14,21:56:18,WashingtonDC6D,38.881,-76.926
1628,7D218306,Multiple_Gunshots,2017-04-15,01:03:19,WashingtonDC7D,38.863,-76.982
1629,4D58914,Single_Gunshot,2017-04-15,01:23:47,WashingtonDC4D,38.942,-77.017
1630,5D70873,Multiple_Gunshots,2017-04-15,01:34:05,WashingtonDC5D,38.897,-76.976
1631,6D176767,Multiple_Gunshots,2017-04-15,02:18:35,WashingtonDC6D,38.887,-76.937
1632,6D176768,Single_Gunshot,2017-04-15,02:39:15,WashingtonDC6D,38.883,-76.951
1633,6D176769,Single_Gunshot,2017-04-15,02:39:50,WashingtonDC6D,38.883,-76.951
1634,6D176770,Single_Gunshot,2017-04-15,02:48:21,WashingtonDC6D,38.882,-76.936
1635,7D218307,Single_Gunshot,2017-04-15,04:22:31,WashingtonDC7D,38.852,-76.966
1636,6D176772,Single_Gunshot,2017-04-15,04:48:58,WashingtonDC6D,38.882,-76.936
1637,6D176774,Multiple_Gunshots,2017-04-15,05:00:09,WashingtonDC6D,38.875,-76.965
1638,6D176775,Single_Gunshot,2017-04-15,07:15:06,WashingtonDC6D,38.881,-76.936
1639,7D218319,Single_Gunshot,2017-04-15,16:59:57,WashingtonDC7D,38.856,-76.991
1640,6D176788,Multiple_Gunshots,2017-04-15,23:02:49,WashingtonDC6D,38.886,-76.958
1641,4D58937,Multiple_Gunshots,2017-04-15,23:14:19,WashingtonDC4D,38.932,-77.021
1642,3D62267,Multiple_Gunshots,2017-04-15,23:14:19,WashingtonDC3D,38.932,-77.024
1643,6D176789,Multiple_Gunshots,2017-04-15,23:16:09,WashingtonDC6D,38.906,-76.937
1644,6D176790,Multiple_Gunshots,2017-04-15,23:24:03,WashingtonDC6D,38.878,-76.931
1645,6D176792,Multiple_Gunshots,2017-04-15,23:24:08,WashingtonDC6D,38.879,-76.931
1646,6D176794,Multiple_Gunshots,2017-04-15,23:55:17,WashingtonDC6D,38.891,-76.924
1647,7D218330,Multiple_Gunshots,2017-04-16,00:15:23,WashingtonDC7D,38.837,-76.981
1648,6D176796,Multiple_Gunshots,2017-04-16,00:56:01,WashingtonDC6D,38.871,-76.977
1649,6D176797,Multiple_Gunshots,2017-04-16,01:06:59,WashingtonDC6D,38.882,-76.92
1650,7D218331,Single_Gunshot,2017-04-16,01:28:42,WashingtonDC7D,38.855,-76.991
1651,7D218332,Multiple_Gunshots,2017-04-16,01:29:27,WashingtonDC7D,38.856,-76.992
1652,7D218333,Multiple_Gunshots,2017-04-16,01:29:38,WashingtonDC7D,38.855,-76.99
1653,3D62268,Single_Gunshot,2017-04-16,01:38:46,WashingtonDC3D,38.925,-77.027
1654,7D218335,Multiple_Gunshots,2017-04-16,01:59:48,WashingtonDC7D,38.845,-76.972
1655,7D218336,Multiple_Gunshots,2017-04-16,02:03:14,WashingtonDC7D,38.848,-76.969
1656,7D218337,Multiple_Gunshots,2017-04-16,02:25:23,WashingtonDC7D,38.844,-76.977
1657,5D70883,Multiple_Gunshots,2017-04-16,02:43:09,WashingtonDC5D,38.905,-77.01
1658,7D218338,Multiple_Gunshots,2017-04-16,02:49:34,WashingtonDC7D,38.861,-76.984
1659,6D176798,Multiple_Gunshots,2017-04-16,02:49:35,WashingtonDC6D,38.861,-76.983
1660,7D218345,Single_Gunshot,2017-04-16,18:55:05,WashingtonDC7D,38.824,-77.006
1661,7D218347,Single_Gunshot,2017-04-16,19:31:09,WashingtonDC7D,38.863,-76.973
1662,6D176801,Single_Gunshot,2017-04-16,19:31:10,WashingtonDC6D,38.863,-76.973
1663,7D218350,Gunshot_or_Firecracker,2017-04-16,19:34:12,WashingtonDC7D,38.822,-76.996
1664,7D218352,Gunshot_or_Firecracker,2017-04-16,20:07:31,WashingtonDC7D,38.867,-76.986
1665,3D62269,Multiple_Gunshots,2017-04-16,20:33:23,WashingtonDC3D,38.926,-77.025
1666,6D176806,Multiple_Gunshots,2017-04-16,20:39:06,WashingtonDC6D,38.886,-76.926
1667,4D58939,Single_Gunshot,2017-04-16,21:02:13,WashingtonDC4D,38.949,-77.017
1668,7D218359,Multiple_Gunshots,2017-04-17,00:27:15,WashingtonDC7D,38.829,-76.995
1669,7D218360,Multiple_Gunshots,2017-04-17,00:27:31,WashingtonDC7D,38.829,-76.995
1670,6D176808,Multiple_Gunshots,2017-04-17,01:16:54,WashingtonDC6D,38.892,-76.941
1671,7D218361,Multiple_Gunshots,2017-04-17,02:15:25,WashingtonDC7D,38.848,-76.977
1672,6D176809,Multiple_Gunshots,2017-04-17,03:50:23,WashingtonDC6D,38.896,-76.914
1673,6D176815,Single_Gunshot,2017-04-17,16:04:12,WashingtonDC6D,38.901,-76.94
1674,7D218371,Multiple_Gunshots,2017-04-17,16:48:13,WashingtonDC7D,38.843,-76.987
1675,7D218373,Multiple_Gunshots,2017-04-17,20:32:58,WashingtonDC7D,38.861,-76.985
1676,7D218375,Multiple_Gunshots,2017-04-17,22:08:54,WashingtonDC7D,38.849,-76.983
1677,4D58946,Single_Gunshot,2017-04-17,22:44:24,WashingtonDC4D,38.941,-77.025
1678,7D218376,Multiple_Gunshots,2017-04-17,23:03:33,WashingtonDC7D,38.853,-76.966
1679,5D70902,Multiple_Gunshots,2017-04-18,00:29:53,WashingtonDC5D,38.931,-76.959
1680,7D218377,Single_Gunshot,2017-04-18,00:32:10,WashingtonDC7D,38.831,-76.996
1681,6D176821,Single_Gunshot,2017-04-18,00:51:45,WashingtonDC6D,38.882,-76.935
1682,6D176822,Multiple_Gunshots,2017-04-18,01:48:03,WashingtonDC6D,38.878,-76.931
1683,6D176823,Single_Gunshot,2017-04-18,02:27:41,WashingtonDC6D,38.911,-76.937
1684,5D70903,Multiple_Gunshots,2017-04-18,03:32:31,WashingtonDC5D,38.937,-76.969
1685,6D176824,Multiple_Gunshots,2017-04-18,03:43:20,WashingtonDC6D,38.891,-76.924
1686,7D218388,Single_Gunshot,2017-04-18,13:41:37,WashingtonDC7D,38.828,-76.995
1687,7D218393,Multiple_Gunshots,2017-04-18,18:12:47,WashingtonDC7D,38.856,-76.968
1688,7D218394,Multiple_Gunshots,2017-04-18,19:17:45,WashingtonDC7D,38.829,-76.993
1689,6D176832,Multiple_Gunshots,2017-04-18,21:03:35,WashingtonDC6D,38.906,-76.944
1690,6D176833,Multiple_Gunshots,2017-04-18,21:51:33,WashingtonDC6D,38.866,-76.967
1691,5D70909,Multiple_Gunshots,2017-04-18,22:59:23,WashingtonDC5D,38.92,-76.964
1692,7D218396,Single_Gunshot,2017-04-18,23:10:33,WashingtonDC7D,38.818,-76.998
1693,7D218413,Multiple_Gunshots,2017-04-19,16:58:03,WashingtonDC7D,38.828,-76.992
1694,6D176839,Single_Gunshot,2017-04-19,20:15:33,WashingtonDC6D,38.89,-76.946
1695,6D176840,Multiple_Gunshots,2017-04-19,20:17:46,WashingtonDC6D,38.891,-76.946
1696,7D218416,Multiple_Gunshots,2017-04-20,00:00:44,WashingtonDC7D,38.85,-76.961
1697,6D176841,Single_Gunshot,2017-04-20,00:04:47,WashingtonDC6D,38.882,-76.935
1698,6D176843,Multiple_Gunshots,2017-04-20,00:33:08,WashingtonDC6D,38.886,-76.926
1699,7D218417,Single_Gunshot,2017-04-20,02:20:59,WashingtonDC7D,38.845,-76.999
1700,7D218418,Multiple_Gunshots,2017-04-20,02:21:11,WashingtonDC7D,38.844,-76.999
1701,5D70919,Single_Gunshot,2017-04-20,17:28:38,WashingtonDC5D,38.902,-76.974
1702,7D218421,Multiple_Gunshots,2017-04-20,19:00:25,WashingtonDC7D,38.828,-77.003
1703,6D176856,Multiple_Gunshots,2017-04-21,03:02:31,WashingtonDC6D,38.894,-76.915
1704,6D176857,Multiple_Gunshots,2017-04-21,03:02:33,WashingtonDC6D,38.893,-76.922
1705,6D176858,Multiple_Gunshots,2017-04-21,03:02:38,WashingtonDC6D,38.898,-76.935
1706,6D176860,Multiple_Gunshots,2017-04-21,03:14:46,WashingtonDC6D,38.916,-76.936
1707,6D176861,Multiple_Gunshots,2017-04-21,03:28:34,WashingtonDC6D,38.911,-76.933
1708,7D218430,Single_Gunshot,2017-04-21,03:37:42,WashingtonDC7D,38.855,-76.968
1709,7D218437,Single_Gunshot,2017-04-21,13:33:57,WashingtonDC7D,38.846,-77.004
1710,7D218442,Multiple_Gunshots,2017-04-21,22:45:43,WashingtonDC7D,38.836,-77.005
1711,7D218443,Multiple_Gunshots,2017-04-21,22:50:57,WashingtonDC7D,38.839,-76.999
1712,7D218444,Single_Gunshot,2017-04-21,23:08:38,WashingtonDC7D,38.859,-76.97
1713,6D176876,Gunshot_or_Firecracker,2017-04-21,23:34:05,WashingtonDC6D,38.906,-76.932
1714,6D176890,Single_Gunshot,2017-04-22,01:32:21,WashingtonDC6D,38.88,-76.947
1715,5D70930,Multiple_Gunshots,2017-04-22,01:56:20,WashingtonDC5D,38.938,-76.968
1716,6D176891,Multiple_Gunshots,2017-04-22,01:58:55,WashingtonDC6D,38.889,-76.925
1717,6D176893,Multiple_Gunshots,2017-04-22,02:39:28,WashingtonDC6D,38.892,-76.952
1718,7D218450,Multiple_Gunshots,2017-04-22,03:20:15,WashingtonDC7D,38.831,-77.001
1719,3D62287,Multiple_Gunshots,2017-04-22,03:42:07,WashingtonDC3D,38.934,-77.023
1720,3D62288,Multiple_Gunshots,2017-04-22,03:42:13,WashingtonDC3D,38.934,-77.023
1721,6D176894,Single_Gunshot,2017-04-22,03:52:02,WashingtonDC6D,38.895,-76.928
1722,7D218453,Multiple_Gunshots,2017-04-22,04:41:02,WashingtonDC7D,38.834,-76.994
1723,1D85260,Gunshot_or_Firecracker,2017-04-22,10:59:35,WashingtonDC1D,38.876,-77.014
1724,7D218455,Single_Gunshot,2017-04-22,11:49:12,WashingtonDC7D,38.866,-76.98
1725,7D218456,Multiple_Gunshots,2017-04-22,11:49:18,WashingtonDC7D,38.866,-76.98
1726,7D218457,Gunshot_or_Firecracker,2017-04-22,11:49:24,WashingtonDC7D,38.862,-76.983
1727,7D218465,Multiple_Gunshots,2017-04-22,20:36:28,WashingtonDC7D,38.834,-76.991
1728,4D58968,Multiple_Gunshots,2017-04-22,22:04:23,WashingtonDC4D,38.956,-77.026
1729,5D70951,Multiple_Gunshots,2017-04-22,22:13:03,WashingtonDC5D,38.938,-76.969
1730,5D70952,Multiple_Gunshots,2017-04-23,00:50:16,WashingtonDC5D,38.903,-76.981
1731,7D218471,Multiple_Gunshots,2017-04-23,03:40:16,WashingtonDC7D,38.849,-76.985
1732,6D176900,Multiple_Gunshots,2017-04-23,03:47:50,WashingtonDC6D,38.88,-76.925
1733,6D176901,Multiple_Gunshots,2017-04-23,03:48:52,WashingtonDC6D,38.881,-76.927
1734,1D85266,Multiple_Gunshots,2017-04-23,04:53:50,WashingtonDC1D,38.875,-77.012
1735,7D218473,Multiple_Gunshots,2017-04-23,13:16:10,WashingtonDC7D,38.845,-76.978
1736,7D218478,Multiple_Gunshots,2017-04-23,19:34:53,WashingtonDC7D,38.856,-76.972
1737,7D218480,Multiple_Gunshots,2017-04-23,19:35:04,WashingtonDC7D,38.856,-76.972
1738,7D218488,Multiple_Gunshots,2017-04-23,19:38:05,WashingtonDC7D,38.85,-76.979
1739,5D70955,Multiple_Gunshots,2017-04-23,20:47:09,WashingtonDC5D,38.908,-76.972
1740,1D85277,Multiple_Gunshots,2017-04-23,21:01:14,WashingtonDC1D,38.893,-76.981
1741,5D70959,Multiple_Gunshots,2017-04-23,22:50:48,WashingtonDC5D,38.91,-77.008
1742,5D70960,Multiple_Gunshots,2017-04-23,22:50:51,WashingtonDC5D,38.908,-77.015
1743,5D70961,Multiple_Gunshots,2017-04-23,22:50:52,WashingtonDC5D,38.91,-77.01
1744,3D62295,Multiple_Gunshots,2017-04-23,22:50:53,WashingtonDC3D,38.909,-77.01
1745,5D70962,Multiple_Gunshots,2017-04-23,22:50:59,WashingtonDC5D,38.91,-77.008
1746,6D176911,Single_Gunshot,2017-04-23,23:14:06,WashingtonDC6D,38.896,-76.901
1747,6D176912,Single_Gunshot,2017-04-23,23:15:11,WashingtonDC6D,38.896,-76.901
1748,6D176913,Single_Gunshot,2017-04-23,23:17:25,WashingtonDC6D,38.872,-76.941
1749,6D176914,Multiple_Gunshots,2017-04-23,23:37:30,WashingtonDC6D,38.882,-76.932
1750,7D218500,Multiple_Gunshots,2017-04-24,00:28:34,WashingtonDC7D,38.832,-76.99
1751,7D218501,Multiple_Gunshots,2017-04-24,01:06:14,WashingtonDC7D,38.844,-76.978
1752,6D176918,Gunshot_or_Firecracker,2017-04-24,01:45:43,WashingtonDC6D,38.881,-76.937
1753,7D218502,Single_Gunshot,2017-04-24,03:02:49,WashingtonDC7D,38.845,-76.977
1754,6D176921,Gunshot_or_Firecracker,2017-04-24,07:07:52,WashingtonDC6D,38.897,-76.956
1755,6D176923,Multiple_Gunshots,2017-04-24,09:16:58,WashingtonDC6D,38.89,-76.954
1756,6D176931,Single_Gunshot,2017-04-24,21:33:01,WashingtonDC6D,38.887,-76.924
1757,6D176932,Single_Gunshot,2017-04-24,21:57:00,WashingtonDC6D,38.893,-76.926
1758,6D176933,Multiple_Gunshots,2017-04-24,22:32:49,WashingtonDC6D,38.893,-76.925
1759,7D218513,Multiple_Gunshots,2017-04-24,22:45:53,WashingtonDC7D,38.83,-77.003
1760,6D176934,Single_Gunshot,2017-04-24,22:46:10,WashingtonDC6D,38.876,-76.951
1761,5D70970,Multiple_Gunshots,2017-04-25,00:23:58,WashingtonDC5D,38.899,-76.975
1762,6D176936,Gunshot_or_Firecracker,2017-04-25,01:13:20,WashingtonDC6D,38.896,-76.93
1763,7D218514,Gunshot_or_Firecracker,2017-04-25,01:19:18,WashingtonDC7D,38.852,-76.953
1764,7D218515,Multiple_Gunshots,2017-04-25,01:21:25,WashingtonDC7D,38.83,-76.991
1765,6D176938,Multiple_Gunshots,2017-04-25,15:36:55,WashingtonDC6D,38.869,-76.945
1766,6D176939,Single_Gunshot,2017-04-25,19:18:35,WashingtonDC6D,38.904,-76.923
1767,7D218531,Single_Gunshot,2017-04-25,22:11:03,WashingtonDC7D,38.838,-76.998
1768,6D176944,Multiple_Gunshots,2017-04-25,22:59:52,WashingtonDC6D,38.878,-76.943
1769,1D85287,Multiple_Gunshots,2017-04-26,16:38:26,WashingtonDC1D,38.877,-77.019
1770,7D218550,Multiple_Gunshots,2017-04-26,19:06:55,WashingtonDC7D,38.829,-76.991
1771,6D176952,Multiple_Gunshots,2017-04-26,19:56:47,WashingtonDC6D,38.89,-76.954
1772,6D176953,Multiple_Gunshots,2017-04-26,22:07:09,WashingtonDC6D,38.884,-76.951
1773,6D176955,Single_Gunshot,2017-04-26,23:22:05,WashingtonDC6D,38.905,-76.938
1774,6D176956,Multiple_Gunshots,2017-04-26,23:25:31,WashingtonDC6D,38.888,-76.923
1775,6D176957,Multiple_Gunshots,2017-04-27,00:26:33,WashingtonDC6D,38.9,-76.935
1776,7D218566,Multiple_Gunshots,2017-04-27,00:30:49,WashingtonDC7D,38.834,-76.993
1777,7D218567,Single_Gunshot,2017-04-27,01:50:32,WashingtonDC7D,38.848,-76.976
1778,7D218568,Multiple_Gunshots,2017-04-27,02:30:54,WashingtonDC7D,38.853,-76.964
1779,7D218569,Multiple_Gunshots,2017-04-27,02:30:58,WashingtonDC7D,38.857,-76.969
1780,7D218570,Multiple_Gunshots,2017-04-27,02:53:45,WashingtonDC7D,38.836,-76.982
1781,7D218571,Single_Gunshot,2017-04-27,03:48:53,WashingtonDC7D,38.857,-76.974
1782,6D176960,Single_Gunshot,2017-04-27,13:12:35,WashingtonDC6D,38.911,-76.94
1783,7D218586,Multiple_Gunshots,2017-04-27,16:11:22,WashingtonDC7D,38.844,-77.003
1784,6D176963,Single_Gunshot,2017-04-27,17:01:25,WashingtonDC6D,38.894,-76.927
1785,5D70985,Multiple_Gunshots,2017-04-27,20:09:26,WashingtonDC5D,38.922,-76.973
1786,7D218593,Gunshot_or_Firecracker,2017-04-27,21:41:31,WashingtonDC7D,38.821,-77.001
1787,6D176966,Multiple_Gunshots,2017-04-27,21:51:37,WashingtonDC6D,38.889,-76.955
1788,6D176967,Multiple_Gunshots,2017-04-27,21:51:50,WashingtonDC6D,38.89,-76.954
1789,6D176970,Multiple_Gunshots,2017-04-27,23:00:01,WashingtonDC6D,38.891,-76.959
1790,6D176971,Multiple_Gunshots,2017-04-27,23:00:15,WashingtonDC6D,38.89,-76.959
1791,7D218594,Single_Gunshot,2017-04-27,23:22:47,WashingtonDC7D,38.864,-76.983
1792,7D218595,Single_Gunshot,2017-04-28,00:21:57,WashingtonDC7D,38.83,-76.999
1793,5D70986,Multiple_Gunshots,2017-04-28,00:57:19,WashingtonDC5D,38.896,-76.982
1794,5D70987,Multiple_Gunshots,2017-04-28,00:59:10,WashingtonDC5D,38.897,-76.982
1795,5D70988,Multiple_Gunshots,2017-04-28,03:11:50,WashingtonDC5D,38.895,-76.978
1796,7D218597,Multiple_Gunshots,2017-04-28,03:53:20,WashingtonDC7D,38.827,-76.997
1797,7D218598,Multiple_Gunshots,2017-04-28,03:53:24,WashingtonDC7D,38.826,-76.997
1798,6D176979,Single_Gunshot,2017-04-28,04:12:53,WashingtonDC6D,38.875,-76.968
1799,3D62315,Multiple_Gunshots,2017-04-28,07:32:33,WashingtonDC3D,38.922,-77.037
1800,7D218603,Gunshot_or_Firecracker,2017-04-28,15:46:51,WashingtonDC7D,38.838,-77.004
1801,5D70995,Multiple_Gunshots,2017-04-28,20:23:25,WashingtonDC5D,38.898,-76.976
1802,4D58999,Multiple_Gunshots,2017-04-28,21:32:37,WashingtonDC4D,38.934,-77.004
1803,4D59025,Multiple_Gunshots,2017-04-28,21:37:05,WashingtonDC4D,38.934,-77.004
1804,4D59026,Multiple_Gunshots,2017-04-28,21:37:15,WashingtonDC4D,38.934,-77.004
1805,4D59050,Multiple_Gunshots,2017-04-28,21:41:12,WashingtonDC4D,38.934,-77.005
1806,7D218617,Multiple_Gunshots,2017-04-28,22:13:56,WashingtonDC7D,38.861,-76.98
1807,4D59051,Single_Gunshot,2017-04-28,22:59:32,WashingtonDC4D,38.932,-77.028
1808,7D218618,Multiple_Gunshots,2017-04-28,23:19:58,WashingtonDC7D,38.85,-76.982
1809,7D218621,Multiple_Gunshots,2017-04-29,00:32:32,WashingtonDC7D,38.832,-77.005
1810,6D176991,Single_Gunshot,2017-04-29,01:46:10,WashingtonDC6D,38.879,-76.932
1811,7D218625,Multiple_Gunshots,2017-04-29,02:25:28,WashingtonDC7D,38.857,-76.973
1812,5D71045,Single_Gunshot,2017-04-29,02:29:49,WashingtonDC5D,38.922,-76.969
1813,6D176993,Single_Gunshot,2017-04-29,03:03:36,WashingtonDC6D,38.881,-76.94
1814,7D218626,Single_Gunshot,2017-04-29,03:09:15,WashingtonDC7D,38.832,-76.993
1815,6D176994,Multiple_Gunshots,2017-04-29,03:30:38,WashingtonDC6D,38.879,-76.93
1816,6D176995,Single_Gunshot,2017-04-29,03:54:10,WashingtonDC6D,38.902,-76.924
1817,7D218627,Multiple_Gunshots,2017-04-29,05:00:43,WashingtonDC7D,38.846,-76.973
1818,7D218628,Single_Gunshot,2017-04-29,05:02:37,WashingtonDC7D,38.866,-76.977
1819,7D218629,Multiple_Gunshots,2017-04-29,05:04:49,WashingtonDC7D,38.838,-77.005
1820,7D218630,Multiple_Gunshots,2017-04-29,05:39:53,WashingtonDC7D,38.853,-76.975
1821,6D177007,Multiple_Gunshots,2017-04-29,22:25:26,WashingtonDC6D,38.889,-76.924
1822,7D218642,Multiple_Gunshots,2017-04-30,00:07:33,WashingtonDC7D,38.829,-77.004
1823,6D177011,Multiple_Gunshots,2017-04-30,00:49:45,WashingtonDC6D,38.895,-76.927
1824,6D177012,Multiple_Gunshots,2017-04-30,00:50:01,WashingtonDC6D,38.895,-76.928
1825,6D177013,Multiple_Gunshots,2017-04-30,00:50:07,WashingtonDC6D,38.899,-76.926
1826,6D177014,Multiple_Gunshots,2017-04-30,00:50:08,WashingtonDC6D,38.895,-76.928
1827,6D177016,Multiple_Gunshots,2017-04-30,00:50:17,WashingtonDC6D,38.895,-76.928
1828,4D59056,Multiple_Gunshots,2017-04-30,00:50:19,WashingtonDC4D,38.949,-77.025
1829,6D177017,Multiple_Gunshots,2017-04-30,00:50:23,WashingtonDC6D,38.895,-76.929
1830,6D177018,Multiple_Gunshots,2017-04-30,00:50:30,WashingtonDC6D,38.895,-76.928
1831,6D177019,Multiple_Gunshots,2017-04-30,00:50:33,WashingtonDC6D,38.895,-76.929
1832,6D177022,Multiple_Gunshots,2017-04-30,01:02:00,WashingtonDC6D,38.873,-76.934
1833,6D177028,Multiple_Gunshots,2017-04-30,02:06:29,WashingtonDC6D,38.876,-76.932
1834,7D218646,Multiple_Gunshots,2017-04-30,02:49:33,WashingtonDC7D,38.827,-77.002
1835,6D177030,Multiple_Gunshots,2017-04-30,03:05:24,WashingtonDC6D,38.896,-76.942
1836,7D218648,Multiple_Gunshots,2017-04-30,04:07:31,WashingtonDC7D,38.857,-76.974
1837,7D218649,Multiple_Gunshots,2017-04-30,04:07:49,WashingtonDC7D,38.857,-76.974
1838,7D218650,Multiple_Gunshots,2017-04-30,04:08:22,WashingtonDC7D,38.857,-76.974
1839,6D177031,Single_Gunshot,2017-04-30,04:23:54,WashingtonDC6D,38.877,-76.968
1840,6D177032,Multiple_Gunshots,2017-04-30,04:56:12,WashingtonDC6D,38.89,-76.962
1841,6D177038,Single_Gunshot,2017-04-30,19:13:36,WashingtonDC6D,38.894,-76.928
1842,1D85308,Multiple_Gunshots,2017-04-30,20:58:10,WashingtonDC1D,38.866,-77.011
1843,1D85309,Gunshot_or_Firecracker,2017-04-30,22:38:51,WashingtonDC1D,38.876,-77.009
1844,6D177042,Multiple_Gunshots,2017-04-30,22:43:41,WashingtonDC6D,38.896,-76.938
1845,3D62367,Multiple_Gunshots,2017-05-01,00:17:19,WashingtonDC3D,38.928,-77.026
1846,7D218661,Multiple_Gunshots,2017-05-01,00:50:07,WashingtonDC7D,38.827,-76.999
1847,6D177043,Multiple_Gunshots,2017-05-01,01:04:07,WashingtonDC6D,38.886,-76.957
1848,6D177044,Multiple_Gunshots,2017-05-01,01:04:24,WashingtonDC6D,38.885,-76.958
1849,7D218662,Single_Gunshot,2017-05-01,01:16:40,WashingtonDC7D,38.851,-76.959
1850,6D177045,Multiple_Gunshots,2017-05-01,01:16:54,WashingtonDC6D,38.88,-76.925
1851,6D177046,Multiple_Gunshots,2017-05-01,01:17:00,WashingtonDC6D,38.884,-76.927
1852,7D218663,Multiple_Gunshots,2017-05-01,01:23:08,WashingtonDC7D,38.849,-76.959
1853,7D218664,Single_Gunshot,2017-05-01,01:34:38,WashingtonDC7D,38.849,-76.956
1854,7D218665,Single_Gunshot,2017-05-01,03:26:59,WashingtonDC7D,38.847,-76.955
1855,4D59058,Multiple_Gunshots,2017-05-01,04:40:54,WashingtonDC4D,38.954,-77.01
1856,7D218670,Multiple_Gunshots,2017-05-01,18:53:15,WashingtonDC7D,38.854,-76.986
1857,6D177056,Multiple_Gunshots,2017-05-01,19:32:11,WashingtonDC6D,38.894,-76.919
1858,6D177057,Multiple_Gunshots,2017-05-01,19:32:27,WashingtonDC6D,38.894,-76.919
1859,6D177058,Multiple_Gunshots,2017-05-01,19:32:36,WashingtonDC6D,38.894,-76.918
1860,6D177059,Single_Gunshot,2017-05-01,19:32:48,WashingtonDC6D,38.896,-76.918
1861,6D177060,Gunshot_or_Firecracker,2017-05-01,19:33:41,WashingtonDC6D,38.892,-76.922
1862,7D218674,Multiple_Gunshots,2017-05-01,19:44:56,WashingtonDC7D,38.849,-76.965
1863,6D177061,Multiple_Gunshots,2017-05-01,20:05:00,WashingtonDC6D,38.907,-76.941
1864,6D177062,Gunshot_or_Firecracker,2017-05-01,21:30:44,WashingtonDC6D,38.884,-76.938
1865,6D177063,Single_Gunshot,2017-05-02,00:25:59,WashingtonDC6D,38.885,-76.954
1866,6D177064,Multiple_Gunshots,2017-05-02,01:16:20,WashingtonDC6D,38.895,-76.927
1867,7D218677,Multiple_Gunshots,2017-05-02,02:27:21,WashingtonDC7D,38.83,-76.996
1868,7D218678,Multiple_Gunshots,2017-05-02,02:27:34,WashingtonDC7D,38.83,-76.996
1869,7D218679,Multiple_Gunshots,2017-05-02,02:27:48,WashingtonDC7D,38.83,-76.996
1870,5D71062,Gunshot_or_Firecracker,2017-05-02,18:25:52,WashingtonDC5D,38.92,-76.98
1871,5D71063,Multiple_Gunshots,2017-05-02,20:53:28,WashingtonDC5D,38.922,-77.005
1872,6D177078,Multiple_Gunshots,2017-05-02,21:07:48,WashingtonDC6D,38.894,-76.956
1873,6D177086,Multiple_Gunshots,2017-05-03,00:10:13,WashingtonDC6D,38.898,-76.919
1874,5D71066,Multiple_Gunshots,2017-05-03,01:33:35,WashingtonDC5D,38.923,-76.972
1875,6D177088,Single_Gunshot,2017-05-03,01:34:33,WashingtonDC6D,38.894,-76.923
1876,7D218720,Multiple_Gunshots,2017-05-03,11:35:26,WashingtonDC7D,38.844,-76.999
1877,4D59075,Single_Gunshot,2017-05-03,18:59:28,WashingtonDC4D,38.945,-77.024
1878,7D218724,Multiple_Gunshots,2017-05-03,20:35:34,WashingtonDC7D,38.862,-76.982
1879,5D71070,Multiple_Gunshots,2017-05-03,21:44:45,WashingtonDC5D,38.898,-76.977
1880,7D218731,Multiple_Gunshots,2017-05-03,22:09:12,WashingtonDC7D,38.844,-76.998
1881,6D177108,Single_Gunshot,2017-05-04,02:09:53,WashingtonDC6D,38.902,-76.924
1882,6D177110,Single_Gunshot,2017-05-04,16:12:41,WashingtonDC6D,38.884,-76.935
1883,6D177115,Multiple_Gunshots,2017-05-04,23:10:57,WashingtonDC6D,38.882,-76.935
1884,7D218735,Single_Gunshot,2017-05-04,23:21:24,WashingtonDC7D,38.835,-77.005
1885,6D177117,Single_Gunshot,2017-05-05,01:25:47,WashingtonDC6D,38.892,-76.945
1886,7D218741,Single_Gunshot,2017-05-05,16:39:25,WashingtonDC7D,38.841,-77.002
1887,7D218742,Single_Gunshot,2017-05-05,16:40:16,WashingtonDC7D,38.836,-77.004
1888,7D218746,Multiple_Gunshots,2017-05-05,17:10:06,WashingtonDC7D,38.837,-77.006
1889,6D177121,Multiple_Gunshots,2017-05-05,19:07:37,WashingtonDC6D,38.885,-76.942
1890,6D177126,Single_Gunshot,2017-05-06,00:15:52,WashingtonDC6D,38.89,-76.946
1891,7D218757,Multiple_Gunshots,2017-05-06,00:29:49,WashingtonDC7D,38.845,-76.977
1892,7D218759,Multiple_Gunshots,2017-05-06,00:38:24,WashingtonDC7D,38.837,-77.003
1893,7D218761,Multiple_Gunshots,2017-05-06,00:45:45,WashingtonDC7D,38.83,-77.004
1894,1D85332,Multiple_Gunshots,2017-05-06,00:54:21,WashingtonDC1D,38.875,-77.008
1895,6D177129,Multiple_Gunshots,2017-05-06,01:14:05,WashingtonDC6D,38.889,-76.919
1896,7D218763,Single_Gunshot,2017-05-06,01:34:29,WashingtonDC7D,38.863,-76.982
1897,6D177130,Multiple_Gunshots,2017-05-06,04:25:44,WashingtonDC6D,38.887,-76.958
1898,6D177131,Multiple_Gunshots,2017-05-06,05:23:43,WashingtonDC6D,38.89,-76.958
1899,6D177143,Multiple_Gunshots,2017-05-06,11:56:29,WashingtonDC6D,38.89,-76.921
1900,6D177147,Multiple_Gunshots,2017-05-06,13:31:09,WashingtonDC6D,38.89,-76.955
1901,5D71091,Single_Gunshot,2017-05-06,17:54:07,WashingtonDC5D,38.921,-76.983
1902,6D177155,Multiple_Gunshots,2017-05-06,19:30:12,WashingtonDC6D,38.887,-76.951
1903,7D218773,Multiple_Gunshots,2017-05-06,22:09:08,WashingtonDC7D,38.848,-76.983
1904,6D177157,Gunshot_or_Firecracker,2017-05-06,23:34:29,WashingtonDC6D,38.884,-76.925
1905,7D218776,Single_Gunshot,2017-05-07,01:14:43,WashingtonDC7D,38.834,-77.006
1906,7D218777,Single_Gunshot,2017-05-07,02:08:22,WashingtonDC7D,38.832,-76.992
1907,1D85336,Multiple_Gunshots,2017-05-07,02:34:08,WashingtonDC1D,38.877,-77.014
1908,5D71096,Multiple_Gunshots,2017-05-07,14:08:51,WashingtonDC5D,38.905,-77.011
1909,5D71097,Multiple_Gunshots,2017-05-07,14:09:10,WashingtonDC5D,38.905,-77.011
1910,5D71101,Gunshot_or_Firecracker,2017-05-07,14:14:31,WashingtonDC5D,38.903,-77.014
1911,3D62388,Multiple_Gunshots,2017-05-07,16:37:08,WashingtonDC3D,38.913,-77.019
1912,1D85342,Single_Gunshot,2017-05-07,20:51:29,WashingtonDC1D,38.894,-76.984
1913,5D71117,Single_Gunshot,2017-05-07,21:10:01,WashingtonDC5D,38.907,-76.979
1914,7D218792,Gunshot_or_Firecracker,2017-05-07,23:32:52,WashingtonDC7D,38.844,-76.978
1915,5D71118,Single_Gunshot,2017-05-08,00:13:01,WashingtonDC5D,38.906,-76.987
1916,6D177168,Multiple_Gunshots,2017-05-08,01:09:51,WashingtonDC6D,38.906,-76.937
1917,5D71119,Gunshot_or_Firecracker,2017-05-08,01:46:17,WashingtonDC5D,38.92,-76.98
1918,5D71120,Single_Gunshot,2017-05-08,01:47:31,WashingtonDC5D,38.92,-76.98
1919,6D177172,Multiple_Gunshots,2017-05-08,17:49:09,WashingtonDC6D,38.894,-76.937
1920,6D177175,Single_Gunshot,2017-05-08,20:43:27,WashingtonDC6D,38.885,-76.956
1921,5D71123,Single_Gunshot,2017-05-08,21:56:18,WashingtonDC5D,38.918,-77.004
1922,7D218827,Multiple_Gunshots,2017-05-08,23:16:02,WashingtonDC7D,38.83,-76.998
1923,1D85345,Multiple_Gunshots,2017-05-08,23:51:50,WashingtonDC1D,38.872,-77.008
1924,1D85346,Single_Gunshot,2017-05-08,23:52:06,WashingtonDC1D,38.873,-77.01
1925,7D218828,Multiple_Gunshots,2017-05-09,00:09:23,WashingtonDC7D,38.838,-76.991
1926,7D218829,Multiple_Gunshots,2017-05-09,00:09:27,WashingtonDC7D,38.839,-76.989
1927,7D218830,Multiple_Gunshots,2017-05-09,00:09:28,WashingtonDC7D,38.838,-76.992
1928,6D177177,Multiple_Gunshots,2017-05-09,00:19:59,WashingtonDC6D,38.895,-76.927
1929,7D218831,Single_Gunshot,2017-05-09,00:47:39,WashingtonDC7D,38.834,-76.997
1930,6D177182,Multiple_Gunshots,2017-05-09,08:14:21,WashingtonDC6D,38.89,-76.954
1931,6D177203,Multiple_Gunshots,2017-05-09,21:03:18,WashingtonDC6D,38.879,-76.932
1932,6D177205,Multiple_Gunshots,2017-05-09,23:59:07,WashingtonDC6D,38.891,-76.931
1933,7D218864,Multiple_Gunshots,2017-05-10,00:20:52,WashingtonDC7D,38.833,-76.989
1934,7D218866,Single_Gunshot,2017-05-10,00:47:55,WashingtonDC7D,38.862,-76.986
1935,7D218868,Multiple_Gunshots,2017-05-10,00:48:27,WashingtonDC7D,38.862,-76.986
1936,7D218869,Multiple_Gunshots,2017-05-10,00:48:31,WashingtonDC7D,38.861,-76.985
1937,7D218870,Multiple_Gunshots,2017-05-10,00:48:32,WashingtonDC7D,38.862,-76.986
1938,1D85364,Multiple_Gunshots,2017-05-10,00:48:40,WashingtonDC1D,38.876,-77.017
1939,6D177211,Single_Gunshot,2017-05-10,17:57:06,WashingtonDC6D,38.9,-76.923
1940,6D177212,Single_Gunshot,2017-05-10,19:22:28,WashingtonDC6D,38.877,-76.931
1941,5D71141,Single_Gunshot,2017-05-10,20:17:08,WashingtonDC5D,38.92,-76.98
1942,7D218903,Multiple_Gunshots,2017-05-10,20:32:39,WashingtonDC7D,38.866,-76.982
1943,6D177215,Multiple_Gunshots,2017-05-10,20:32:40,WashingtonDC6D,38.865,-76.982
1944,6D177216,Multiple_Gunshots,2017-05-10,20:43:46,WashingtonDC6D,38.892,-76.912
1945,6D177217,Multiple_Gunshots,2017-05-10,20:43:52,WashingtonDC6D,38.882,-76.934
1946,6D177218,Single_Gunshot,2017-05-10,21:09:24,WashingtonDC6D,38.878,-76.93
1947,6D177223,Multiple_Gunshots,2017-05-11,00:32:01,WashingtonDC6D,38.911,-76.937
1948,6D177224,Single_Gunshot,2017-05-11,00:32:39,WashingtonDC6D,38.911,-76.937
1949,6D177225,Multiple_Gunshots,2017-05-11,03:40:18,WashingtonDC6D,38.9,-76.941
1950,6D177228,Single_Gunshot,2017-05-11,14:52:01,WashingtonDC6D,38.89,-76.921
1951,6D177230,Multiple_Gunshots,2017-05-11,21:33:13,WashingtonDC6D,38.895,-76.919
1952,6D177231,Single_Gunshot,2017-05-11,21:33:25,WashingtonDC6D,38.895,-76.918
1953,7D218919,Single_Gunshot,2017-05-11,22:54:49,WashingtonDC7D,38.845,-76.973
1954,6D177232,Multiple_Gunshots,2017-05-12,00:06:29,WashingtonDC6D,38.889,-76.916
1955,6D177233,Single_Gunshot,2017-05-12,00:06:38,WashingtonDC6D,38.891,-76.917
1956,6D177239,Multiple_Gunshots,2017-05-12,11:36:28,WashingtonDC6D,38.884,-76.947
1957,6D177240,Multiple_Gunshots,2017-05-12,12:44:07,WashingtonDC6D,38.884,-76.959
1958,6D177245,Single_Gunshot,2017-05-12,18:25:08,WashingtonDC6D,38.901,-76.937
1959,5D71154,Multiple_Gunshots,2017-05-12,18:36:57,WashingtonDC5D,38.903,-76.975
1960,5D71155,Multiple_Gunshots,2017-05-12,21:27:24,WashingtonDC5D,38.911,-77.012
1961,7D218935,Multiple_Gunshots,2017-05-12,23:42:18,WashingtonDC7D,38.829,-77.004
1962,7D218937,Single_Gunshot,2017-05-12,23:59:03,WashingtonDC7D,38.834,-76.994
1963,7D218939,Single_Gunshot,2017-05-13,00:04:09,WashingtonDC7D,38.834,-76.994
1964,6D177254,Multiple_Gunshots,2017-05-13,03:36:22,WashingtonDC6D,38.894,-76.927
1965,7D218944,Single_Gunshot,2017-05-13,13:26:53,WashingtonDC7D,38.844,-76.991
1966,1D85386,Single_Gunshot,2017-05-13,20:05:01,WashingtonDC1D,38.877,-77.015
1967,6D177268,Single_Gunshot,2017-05-13,22:32:45,WashingtonDC6D,38.893,-76.928
1968,4D59136,Multiple_Gunshots,2017-05-13,23:22:32,WashingtonDC4D,38.945,-77.027
1969,4D59137,Multiple_Gunshots,2017-05-13,23:22:45,WashingtonDC4D,38.946,-77.027
1970,7D218951,Multiple_Gunshots,2017-05-13,23:29:24,WashingtonDC7D,38.839,-76.997
1971,7D218952,Multiple_Gunshots,2017-05-13,23:29:57,WashingtonDC7D,38.84,-76.997
1972,6D177272,Single_Gunshot,2017-05-14,00:17:17,WashingtonDC6D,38.894,-76.93
1973,7D218955,Multiple_Gunshots,2017-05-14,02:50:36,WashingtonDC7D,38.839,-76.991
1974,7D218956,Multiple_Gunshots,2017-05-14,02:50:53,WashingtonDC7D,38.84,-76.99
1975,7D218958,Single_Gunshot,2017-05-14,03:24:47,WashingtonDC7D,38.861,-76.996
1976,6D177274,Single_Gunshot,2017-05-14,04:03:33,WashingtonDC6D,38.884,-76.938
1977,4D59138,Multiple_Gunshots,2017-05-14,08:04:33,WashingtonDC4D,38.945,-77.03
1978,7D218962,Gunshot_or_Firecracker,2017-05-14,10:50:27,WashingtonDC7D,38.828,-77.006
1979,1D85399,Single_Gunshot,2017-05-14,15:27:32,WashingtonDC1D,38.878,-77.014
1980,6D177283,Single_Gunshot,2017-05-14,16:03:03,WashingtonDC6D,38.906,-76.927
1981,1D85400,Single_Gunshot,2017-05-14,16:25:06,WashingtonDC1D,38.878,-77.014
1982,1D85406,Single_Gunshot,2017-05-14,21:11:42,WashingtonDC1D,38.879,-77.014
1983,1D85407,Single_Gunshot,2017-05-14,21:12:53,WashingtonDC1D,38.879,-77.013
1984,7D219005,Multiple_Gunshots,2017-05-14,21:16:48,WashingtonDC7D,38.867,-76.981
1985,7D219007,Multiple_Gunshots,2017-05-14,21:37:46,WashingtonDC7D,38.837,-76.992
1986,6D177304,Single_Gunshot,2017-05-14,22:07:20,WashingtonDC6D,38.893,-76.929
1987,6D177305,Multiple_Gunshots,2017-05-14,22:07:59,WashingtonDC6D,38.898,-76.937
1988,6D177306,Single_Gunshot,2017-05-14,22:11:56,WashingtonDC6D,38.906,-76.932
1989,6D177307,Multiple_Gunshots,2017-05-14,22:13:04,WashingtonDC6D,38.893,-76.929
1990,6D177308,Multiple_Gunshots,2017-05-14,22:45:38,WashingtonDC6D,38.896,-76.938
1991,6D177309,Multiple_Gunshots,2017-05-14,22:51:55,WashingtonDC6D,38.896,-76.941
1992,6D177313,Multiple_Gunshots,2017-05-15,00:29:35,WashingtonDC6D,38.88,-76.93
1993,1D85414,Single_Gunshot,2017-05-15,16:17:27,WashingtonDC1D,38.877,-77.015
1994,1D85415,Gunshot_or_Firecracker,2017-05-15,16:17:47,WashingtonDC1D,38.878,-77.016
1995,6D177317,Gunshot_or_Firecracker,2017-05-15,18:16:47,WashingtonDC6D,38.895,-76.924
1996,1D85417,Single_Gunshot,2017-05-15,19:27:11,WashingtonDC1D,38.877,-77.015
1997,7D219021,Single_Gunshot,2017-05-15,19:31:00,WashingtonDC7D,38.824,-77.002
1998,7D219033,Multiple_Gunshots,2017-05-15,23:23:41,WashingtonDC7D,38.845,-76.977
1999,7D219036,Single_Gunshot,2017-05-16,00:08:23,WashingtonDC7D,38.834,-76.998
2000,7D219039,Multiple_Gunshots,2017-05-16,00:08:57,WashingtonDC7D,38.834,-76.998
2001,5D71171,Multiple_Gunshots,2017-05-16,00:35:30,WashingtonDC5D,38.902,-76.979
2002,6D177324,Multiple_Gunshots,2017-05-16,00:35:35,WashingtonDC6D,38.892,-76.959
2003,6D177326,Single_Gunshot,2017-05-16,00:51:17,WashingtonDC6D,38.874,-76.966
2004,5D71172,Single_Gunshot,2017-05-16,02:07:08,WashingtonDC5D,38.924,-77.008
2005,7D219046,Multiple_Gunshots,2017-05-16,02:08:21,WashingtonDC7D,38.845,-76.971
2006,7D219047,Multiple_Gunshots,2017-05-16,02:08:27,WashingtonDC7D,38.845,-76.971
2007,6D177329,Multiple_Gunshots,2017-05-16,02:10:59,WashingtonDC6D,38.882,-76.935
2008,4D59149,Multiple_Gunshots,2017-05-16,03:41:12,WashingtonDC4D,38.929,-77.01
2009,6D177330,Single_Gunshot,2017-05-16,04:12:55,WashingtonDC6D,38.911,-76.936
2010,7D219048,Single_Gunshot,2017-05-16,04:48:22,WashingtonDC7D,38.845,-76.972
2011,6D177335,Multiple_Gunshots,2017-05-16,11:41:20,WashingtonDC6D,38.892,-76.959
2012,6D177336,Multiple_Gunshots,2017-05-16,12:09:27,WashingtonDC6D,38.886,-76.926
2013,7D219070,Multiple_Gunshots,2017-05-16,19:38:54,WashingtonDC7D,38.834,-76.992
2014,7D219075,Multiple_Gunshots,2017-05-16,21:01:13,WashingtonDC7D,38.829,-76.995
2015,7D219084,Multiple_Gunshots,2017-05-16,22:52:17,WashingtonDC7D,38.851,-76.977
2016,7D219085,Single_Gunshot,2017-05-16,22:52:26,WashingtonDC7D,38.851,-76.977
2017,6D177351,Multiple_Gunshots,2017-05-16,23:04:50,WashingtonDC6D,38.885,-76.954
2018,6D177352,Multiple_Gunshots,2017-05-16,23:47:59,WashingtonDC6D,38.895,-76.92
2019,6D177355,Multiple_Gunshots,2017-05-17,01:49:58,WashingtonDC6D,38.889,-76.93
2020,6D177357,Single_Gunshot,2017-05-17,02:18:36,WashingtonDC6D,38.886,-76.918
2021,6D177366,Single_Gunshot,2017-05-17,16:20:44,WashingtonDC6D,38.893,-76.93
2022,6D177378,Single_Gunshot,2017-05-17,19:59:01,WashingtonDC6D,38.894,-76.93
2023,7D219098,Single_Gunshot,2017-05-17,20:43:20,WashingtonDC7D,38.845,-76.972
2024,6D177384,Single_Gunshot,2017-05-17,23:06:14,WashingtonDC6D,38.894,-76.951
2025,6D177385,Multiple_Gunshots,2017-05-17,23:17:14,WashingtonDC6D,38.887,-76.924
2026,6D177386,Multiple_Gunshots,2017-05-17,23:29:56,WashingtonDC6D,38.889,-76.925
2027,7D219101,Single_Gunshot,2017-05-18,01:08:35,WashingtonDC7D,38.844,-76.979
2028,6D177389,Single_Gunshot,2017-05-18,01:58:11,WashingtonDC6D,38.882,-76.932
2029,7D219103,Multiple_Gunshots,2017-05-18,02:16:26,WashingtonDC7D,38.842,-76.99
2030,7D219104,Multiple_Gunshots,2017-05-18,02:17:56,WashingtonDC7D,38.844,-76.999
2031,6D177390,Single_Gunshot,2017-05-18,02:31:00,WashingtonDC6D,38.893,-76.94
2032,6D177391,Single_Gunshot,2017-05-18,04:23:57,WashingtonDC6D,38.89,-76.953
2033,7D219107,Multiple_Gunshots,2017-05-18,15:18:40,WashingtonDC7D,38.845,-76.973
2034,7D219108,Multiple_Gunshots,2017-05-18,17:57:35,WashingtonDC7D,38.833,-76.992
2035,4D59157,Single_Gunshot,2017-05-18,21:08:53,WashingtonDC4D,38.942,-77.026
2036,6D177395,Multiple_Gunshots,2017-05-18,21:43:30,WashingtonDC6D,38.885,-76.952
2037,7D219109,Single_Gunshot,2017-05-18,21:59:00,WashingtonDC7D,38.831,-77.002
2038,4D59160,Single_Gunshot,2017-05-18,23:08:08,WashingtonDC4D,38.946,-77.024
2039,7D219110,Multiple_Gunshots,2017-05-18,23:25:38,WashingtonDC7D,38.824,-77.0
2040,6D177396,Single_Gunshot,2017-05-19,00:36:10,WashingtonDC6D,38.884,-76.929
2041,6D177401,Single_Gunshot,2017-05-19,16:13:11,WashingtonDC6D,38.887,-76.957
2042,6D177402,Multiple_Gunshots,2017-05-19,17:27:47,WashingtonDC6D,38.892,-76.913
2043,1D85456,Single_Gunshot,2017-05-19,20:03:15,WashingtonDC1D,38.877,-77.014
2044,6D177414,Multiple_Gunshots,2017-05-19,22:03:24,WashingtonDC6D,38.897,-76.938
2045,7D219147,Multiple_Gunshots,2017-05-20,00:41:23,WashingtonDC7D,38.837,-76.994
2046,7D219148,Multiple_Gunshots,2017-05-20,00:41:28,WashingtonDC7D,38.837,-76.994
2047,7D219151,Single_Gunshot,2017-05-20,00:41:40,WashingtonDC7D,38.836,-76.996
2048,6D177418,Single_Gunshot,2017-05-20,00:48:00,WashingtonDC6D,38.91,-76.936
2049,6D177419,Single_Gunshot,2017-05-20,01:09:20,WashingtonDC6D,38.883,-76.957
2050,5D71198,Single_Gunshot,2017-05-20,01:18:00,WashingtonDC5D,38.903,-76.98
2051,7D219155,Multiple_Gunshots,2017-05-20,02:03:56,WashingtonDC7D,38.831,-76.992
2052,6D177421,Multiple_Gunshots,2017-05-20,02:11:38,WashingtonDC6D,38.895,-76.951
2053,7D219161,Multiple_Gunshots,2017-05-20,04:03:45,WashingtonDC7D,38.829,-76.997
2054,7D219162,Multiple_Gunshots,2017-05-20,04:03:52,WashingtonDC7D,38.827,-76.997
2055,7D219164,Single_Gunshot,2017-05-20,05:39:04,WashingtonDC7D,38.829,-77.003
2056,7D219199,Multiple_Gunshots,2017-05-20,18:31:22,WashingtonDC7D,38.842,-76.987
2057,6D177433,Gunshot_or_Firecracker,2017-05-20,19:01:27,WashingtonDC6D,38.881,-76.926
2058,7D219227,Single_Gunshot,2017-05-20,21:48:20,WashingtonDC7D,38.846,-76.972
2059,6D177437,Multiple_Gunshots,2017-05-20,21:53:33,WashingtonDC6D,38.894,-76.952
2060,7D219233,Multiple_Gunshots,2017-05-20,22:19:01,WashingtonDC7D,38.853,-76.966
2061,5D71215,Gunshot_or_Firecracker,2017-05-20,23:14:41,WashingtonDC5D,38.91,-77.014
2062,6D177443,Multiple_Gunshots,2017-05-21,00:53:40,WashingtonDC6D,38.881,-76.937
2063,4D59174,Multiple_Gunshots,2017-05-21,01:06:41,WashingtonDC4D,38.95,-77.017
2064,4D59175,Multiple_Gunshots,2017-05-21,01:48:51,WashingtonDC4D,38.941,-77.017
2065,1D85470,Multiple_Gunshots,2017-05-21,02:38:46,WashingtonDC1D,38.871,-77.011
2066,1D85471,Multiple_Gunshots,2017-05-21,02:38:53,WashingtonDC1D,38.872,-77.013
2067,1D85472,Multiple_Gunshots,2017-05-21,03:01:44,WashingtonDC1D,38.9,-76.985
2068,5D71224,Single_Gunshot,2017-05-21,03:59:20,WashingtonDC5D,38.926,-76.969
2069,6D177447,Multiple_Gunshots,2017-05-21,15:55:06,WashingtonDC6D,38.895,-76.923
2070,6D177448,Single_Gunshot,2017-05-21,16:03:12,WashingtonDC6D,38.896,-76.948
2071,4D59176,Single_Gunshot,2017-05-21,16:31:24,WashingtonDC4D,38.956,-77.025
2072,7D219250,Multiple_Gunshots,2017-05-21,17:59:49,WashingtonDC7D,38.852,-76.972
2073,7D219253,Multiple_Gunshots,2017-05-21,18:02:38,WashingtonDC7D,38.844,-76.972
2074,7D219255,Single_Gunshot,2017-05-21,18:13:43,WashingtonDC7D,38.841,-76.987
2075,7D219262,Single_Gunshot,2017-05-21,18:31:34,WashingtonDC7D,38.846,-76.972
2076,7D219263,Single_Gunshot,2017-05-21,18:34:30,WashingtonDC7D,38.843,-76.985
2077,5D71233,Single_Gunshot,2017-05-21,19:06:15,WashingtonDC5D,38.908,-76.987
2078,7D219272,Single_Gunshot,2017-05-21,19:38:17,WashingtonDC7D,38.857,-76.973
2079,6D177471,Single_Gunshot,2017-05-21,21:39:25,WashingtonDC6D,38.879,-76.96
2080,4D59178,Single_Gunshot,2017-05-21,21:51:07,WashingtonDC4D,38.94,-77.03
2081,7D219290,Multiple_Gunshots,2017-05-21,22:34:39,WashingtonDC7D,38.837,-76.988
2082,4D59179,Single_Gunshot,2017-05-21,23:21:40,WashingtonDC4D,38.954,-77.027
2083,6D177473,Multiple_Gunshots,2017-05-22,00:13:09,WashingtonDC6D,38.894,-76.924
2084,6D177474,Multiple_Gunshots,2017-05-22,00:13:23,WashingtonDC6D,38.895,-76.927
2085,6D177480,Single_Gunshot,2017-05-22,17:48:07,WashingtonDC6D,38.901,-76.937
2086,5D71246,Single_Gunshot,2017-05-22,18:49:02,WashingtonDC5D,38.907,-77.01
2087,5D71247,Gunshot_or_Firecracker,2017-05-22,20:02:17,WashingtonDC5D,38.902,-76.986
2088,5D71255,Single_Gunshot,2017-05-22,20:41:57,WashingtonDC5D,38.905,-76.974
2089,5D71262,Multiple_Gunshots,2017-05-22,22:05:45,WashingtonDC5D,38.91,-77.01
2090,7D219341,Single_Gunshot,2017-05-23,01:54:13,WashingtonDC7D,38.856,-76.969
2091,7D219342,Multiple_Gunshots,2017-05-23,02:18:42,WashingtonDC7D,38.829,-77.002
2092,6D177494,Gunshot_or_Firecracker,2017-05-23,04:24:50,WashingtonDC6D,38.893,-76.953
2093,6D177495,Gunshot_or_Firecracker,2017-05-23,06:38:41,WashingtonDC6D,38.886,-76.956
2094,1D85490,Single_Gunshot,2017-05-23,07:51:53,WashingtonDC1D,38.88,-77.005
2095,7D219383,Multiple_Gunshots,2017-05-23,21:55:09,WashingtonDC7D,38.859,-76.997
2096,7D219388,Multiple_Gunshots,2017-05-24,01:13:02,WashingtonDC7D,38.863,-76.983
2097,5D71279,Multiple_Gunshots,2017-05-24,15:19:30,WashingtonDC5D,38.904,-76.98
2098,6D177542,Gunshot_or_Firecracker,2017-05-24,17:12:29,WashingtonDC6D,38.882,-76.935
2099,6D177545,Multiple_Gunshots,2017-05-24,17:49:09,WashingtonDC6D,38.882,-76.924
2100,6D177548,Single_Gunshot,2017-05-24,19:12:34,WashingtonDC6D,38.901,-76.934
2101,7D219421,Gunshot_or_Firecracker,2017-05-24,19:34:15,WashingtonDC7D,38.842,-76.985
2102,7D219447,Single_Gunshot,2017-05-24,20:02:47,WashingtonDC7D,38.842,-76.982
2103,6D177552,Multiple_Gunshots,2017-05-24,23:00:59,WashingtonDC6D,38.866,-76.948
2104,7D219462,Multiple_Gunshots,2017-05-25,01:23:10,WashingtonDC7D,38.83,-77.002
2105,6D177555,Multiple_Gunshots,2017-05-25,03:55:36,WashingtonDC6D,38.885,-76.931
2106,7D219466,Single_Gunshot,2017-05-25,11:04:08,WashingtonDC7D,38.826,-77.001
2107,7D219467,Multiple_Gunshots,2017-05-25,12:02:45,WashingtonDC7D,38.83,-77.003
2108,7D219468,Multiple_Gunshots,2017-05-25,12:02:47,WashingtonDC7D,38.833,-77.002
2109,1D85524,Gunshot_or_Firecracker,2017-05-25,16:29:10,WashingtonDC1D,38.879,-77.023
2110,4D59217,Gunshot_or_Firecracker,2017-05-25,18:02:12,WashingtonDC4D,38.938,-77.023
2111,7D219486,Multiple_Gunshots,2017-05-25,19:39:22,WashingtonDC7D,38.841,-76.994
2112,6D177564,Multiple_Gunshots,2017-05-25,19:57:42,WashingtonDC6D,38.882,-76.926
2113,6D177567,Multiple_Gunshots,2017-05-25,20:13:11,WashingtonDC6D,38.882,-76.935
2114,4D59223,Gunshot_or_Firecracker,2017-05-25,20:27:26,WashingtonDC4D,38.949,-77.027
2115,7D219493,Multiple_Gunshots,2017-05-25,20:27:38,WashingtonDC7D,38.846,-76.984
2116,7D219497,Gunshot_or_Firecracker,2017-05-25,20:48:34,WashingtonDC7D,38.843,-76.985
2117,7D219503,Single_Gunshot,2017-05-25,22:25:35,WashingtonDC7D,38.83,-77.004
2118,6D177582,Multiple_Gunshots,2017-05-26,00:02:19,WashingtonDC6D,38.911,-76.936
2119,6D177584,Multiple_Gunshots,2017-05-26,00:38:44,WashingtonDC6D,38.882,-76.926
2120,6D177585,Multiple_Gunshots,2017-05-26,00:39:02,WashingtonDC6D,38.882,-76.926
2121,7D219507,Multiple_Gunshots,2017-05-26,03:00:23,WashingtonDC7D,38.829,-77.002
2122,6D177596,Single_Gunshot,2017-05-26,13:57:00,WashingtonDC6D,38.884,-76.947
2123,6D177597,Single_Gunshot,2017-05-26,18:05:57,WashingtonDC6D,38.89,-76.956
2124,7D219527,Gunshot_or_Firecracker,2017-05-26,18:10:08,WashingtonDC7D,38.844,-76.973
2125,7D219532,Single_Gunshot,2017-05-26,19:02:39,WashingtonDC7D,38.845,-76.999
2126,7D219533,Gunshot_or_Firecracker,2017-05-26,19:02:51,WashingtonDC7D,38.846,-76.999
2127,1D85531,Single_Gunshot,2017-05-26,20:06:28,WashingtonDC1D,38.892,-76.984
2128,1D85533,Single_Gunshot,2017-05-26,20:17:32,WashingtonDC1D,38.877,-77.015
2129,7D219590,Gunshot_or_Firecracker,2017-05-26,21:50:38,WashingtonDC7D,38.845,-76.977
2130,6D177636,Multiple_Gunshots,2017-05-26,22:53:06,WashingtonDC6D,38.894,-76.92
2131,7D219624,Single_Gunshot,2017-05-26,23:49:20,WashingtonDC7D,38.83,-77.003
2132,7D219625,Single_Gunshot,2017-05-26,23:58:16,WashingtonDC7D,38.848,-76.977
2133,7D219627,Multiple_Gunshots,2017-05-27,00:07:34,WashingtonDC7D,38.849,-76.977
2134,3D62496,Single_Gunshot,2017-05-27,00:47:30,WashingtonDC3D,38.925,-77.032
2135,5D71370,Multiple_Gunshots,2017-05-27,00:59:31,WashingtonDC5D,38.912,-77.013
2136,5D71371,Multiple_Gunshots,2017-05-27,00:59:50,WashingtonDC5D,38.911,-77.013
2137,7D219632,Multiple_Gunshots,2017-05-27,01:03:16,WashingtonDC7D,38.828,-77.004
2138,7D219633,Single_Gunshot,2017-05-27,01:16:12,WashingtonDC7D,38.854,-76.974
2139,7D219634,Single_Gunshot,2017-05-27,01:16:38,WashingtonDC7D,38.856,-76.972
2140,5D71374,Multiple_Gunshots,2017-05-27,02:28:50,WashingtonDC5D,38.917,-76.979
2141,4D59228,Single_Gunshot,2017-05-27,02:50:59,WashingtonDC4D,38.936,-77.03
2142,6D177653,Multiple_Gunshots,2017-05-27,03:34:52,WashingtonDC6D,38.894,-76.922
2143,7D219642,Multiple_Gunshots,2017-05-27,03:50:12,WashingtonDC7D,38.86,-76.997
2144,5D71375,Single_Gunshot,2017-05-27,04:30:56,WashingtonDC5D,38.904,-77.011
2145,7D219646,Gunshot_or_Firecracker,2017-05-27,08:14:10,WashingtonDC7D,38.844,-76.987
2146,7D219657,Multiple_Gunshots,2017-05-27,12:44:46,WashingtonDC7D,38.829,-77.002
2147,7D219690,Multiple_Gunshots,2017-05-27,18:37:34,WashingtonDC7D,38.841,-76.987
2148,7D219697,Gunshot_or_Firecracker,2017-05-27,19:02:57,WashingtonDC7D,38.841,-76.987
2149,6D177688,Single_Gunshot,2017-05-27,19:41:38,WashingtonDC6D,38.89,-76.942
2150,7D219789,Multiple_Gunshots,2017-05-27,22:38:05,WashingtonDC7D,38.829,-77.0
2151,7D219790,Multiple_Gunshots,2017-05-27,22:38:15,WashingtonDC7D,38.829,-77.0
2152,7D219791,Multiple_Gunshots,2017-05-27,22:45:01,WashingtonDC7D,38.829,-76.996
2153,7D219792,Multiple_Gunshots,2017-05-27,22:45:12,WashingtonDC7D,38.829,-76.996
2154,5D71394,Multiple_Gunshots,2017-05-27,23:08:49,WashingtonDC5D,38.906,-76.978
2155,7D219799,Multiple_Gunshots,2017-05-28,00:55:50,WashingtonDC7D,38.846,-76.972
2156,7D219800,Single_Gunshot,2017-05-28,00:55:59,WashingtonDC7D,38.846,-76.972
2157,7D219801,Multiple_Gunshots,2017-05-28,00:56:01,WashingtonDC7D,38.846,-76.975
2158,7D219802,Multiple_Gunshots,2017-05-28,00:56:03,WashingtonDC7D,38.846,-76.972
2159,7D219803,Multiple_Gunshots,2017-05-28,00:56:13,WashingtonDC7D,38.846,-76.971
2160,7D219804,Multiple_Gunshots,2017-05-28,00:56:22,WashingtonDC7D,38.846,-76.973
2161,7D219821,Multiple_Gunshots,2017-05-28,02:52:40,WashingtonDC7D,38.848,-76.969
2162,1D85572,Single_Gunshot,2017-05-28,03:17:05,WashingtonDC1D,38.874,-77.015
2163,5D71399,Gunshot_or_Firecracker,2017-05-28,05:30:32,WashingtonDC5D,38.899,-76.976
2164,6D177794,Multiple_Gunshots,2017-05-28,14:32:42,WashingtonDC6D,38.895,-76.925
2165,7D219865,Multiple_Gunshots,2017-05-28,18:12:10,WashingtonDC7D,38.834,-76.991
2166,6D177843,Gunshot_or_Firecracker,2017-05-28,20:23:02,WashingtonDC6D,38.892,-76.952
2167,7D219891,Single_Gunshot,2017-05-28,21:26:48,WashingtonDC7D,38.83,-76.999
2168,6D177855,Multiple_Gunshots,2017-05-28,21:59:51,WashingtonDC6D,38.892,-76.952
2169,6D177865,Single_Gunshot,2017-05-28,23:19:49,WashingtonDC6D,38.891,-76.953
2170,6D177867,Multiple_Gunshots,2017-05-28,23:57:50,WashingtonDC6D,38.894,-76.93
2171,5D71407,Multiple_Gunshots,2017-05-29,01:14:45,WashingtonDC5D,38.902,-76.976
2172,7D219907,Multiple_Gunshots,2017-05-29,01:20:58,WashingtonDC7D,38.832,-77.002
2173,5D71410,Single_Gunshot,2017-05-29,03:06:39,WashingtonDC5D,38.907,-76.98
2174,7D219956,Gunshot_or_Firecracker,2017-05-29,16:03:38,WashingtonDC7D,38.863,-76.991
2175,6D177877,Gunshot_or_Firecracker,2017-05-29,16:48:52,WashingtonDC6D,38.878,-76.942
2176,6D177886,Gunshot_or_Firecracker,2017-05-29,17:01:58,WashingtonDC6D,38.88,-76.945
2177,5D71415,Multiple_Gunshots,2017-05-29,17:04:06,WashingtonDC5D,38.909,-77.01
2178,7D220019,Single_Gunshot,2017-05-29,18:01:52,WashingtonDC7D,38.846,-76.973
2179,7D220044,Single_Gunshot,2017-05-29,19:00:18,WashingtonDC7D,38.844,-76.987
2180,6D177899,Multiple_Gunshots,2017-05-29,19:42:09,WashingtonDC6D,38.879,-76.942
2181,6D177906,Multiple_Gunshots,2017-05-29,19:43:21,WashingtonDC6D,38.878,-76.941
2182,5D71421,Gunshot_or_Firecracker,2017-05-29,20:22:30,WashingtonDC5D,38.902,-76.985
2183,6D177952,Multiple_Gunshots,2017-05-29,22:44:09,WashingtonDC6D,38.897,-76.918
2184,6D177953,Multiple_Gunshots,2017-05-29,22:45:09,WashingtonDC6D,38.896,-76.923
2185,6D178020,Multiple_Gunshots,2017-05-29,23:23:57,WashingtonDC6D,38.901,-76.937
2186,6D178047,Gunshot_or_Firecracker,2017-05-29,23:59:10,WashingtonDC6D,38.899,-76.939
2187,6D178062,Single_Gunshot,2017-05-30,00:38:19,WashingtonDC6D,38.911,-76.938
2188,6D178064,Multiple_Gunshots,2017-05-30,01:41:51,WashingtonDC6D,38.88,-76.938
2189,6D178065,Multiple_Gunshots,2017-05-30,02:57:02,WashingtonDC6D,38.882,-76.932
2190,7D220204,Single_Gunshot,2017-05-30,18:30:56,WashingtonDC7D,38.845,-76.973
2191,7D220217,Single_Gunshot,2017-05-30,19:45:06,WashingtonDC7D,38.846,-76.973
2192,7D220229,Single_Gunshot,2017-05-30,20:50:16,WashingtonDC7D,38.848,-76.981
2193,7D220258,Multiple_Gunshots,2017-05-30,22:42:29,WashingtonDC7D,38.847,-76.971
2194,7D220270,Multiple_Gunshots,2017-05-31,00:50:56,WashingtonDC7D,38.825,-76.998
2195,7D220271,Gunshot_or_Firecracker,2017-05-31,00:53:45,WashingtonDC7D,38.831,-77.006
2196,7D220272,Single_Gunshot,2017-05-31,04:47:33,WashingtonDC7D,38.829,-77.0
2197,7D220273,Multiple_Gunshots,2017-05-31,04:48:28,WashingtonDC7D,38.828,-77.0
2198,7D220274,Single_Gunshot,2017-05-31,06:49:58,WashingtonDC7D,38.839,-77.002
2199,7D220291,Single_Gunshot,2017-05-31,17:30:40,WashingtonDC7D,38.849,-76.975
2200,3D62532,Single_Gunshot,2017-05-31,22:57:46,WashingtonDC3D,38.925,-77.027
2201,5D71481,Single_Gunshot,2017-06-01,01:22:15,WashingtonDC5D,38.923,-76.974
2202,6D178165,Multiple_Gunshots,2017-06-01,01:52:59,WashingtonDC6D,38.866,-76.983
2203,7D220340,Single_Gunshot,2017-06-01,02:09:56,WashingtonDC7D,38.846,-77.001
2204,6D178166,Single_Gunshot,2017-06-01,02:14:59,WashingtonDC6D,38.876,-76.932
2205,6D178177,Single_Gunshot,2017-06-01,14:11:40,WashingtonDC6D,38.895,-76.93
2206,7D220427,Multiple_Gunshots,2017-06-01,20:07:52,WashingtonDC7D,38.844,-76.978
2207,6D178208,Multiple_Gunshots,2017-06-01,22:44:47,WashingtonDC6D,38.883,-76.931
2208,7D220488,Single_Gunshot,2017-06-02,00:00:02,WashingtonDC7D,38.829,-76.993
2209,6D178215,Single_Gunshot,2017-06-02,02:25:28,WashingtonDC6D,38.894,-76.925
2210,7D220492,Single_Gunshot,2017-06-02,03:22:49,WashingtonDC7D,38.854,-76.97
2211,3D62538,Multiple_Gunshots,2017-06-02,13:45:05,WashingtonDC3D,38.925,-77.032
2212,6D178223,Gunshot_or_Firecracker,2017-06-02,15:58:25,WashingtonDC6D,38.911,-76.938
2213,6D178228,Single_Gunshot,2017-06-02,20:06:33,WashingtonDC6D,38.883,-76.936
2214,7D220631,Gunshot_or_Firecracker,2017-06-02,20:39:47,WashingtonDC7D,38.846,-76.984
2215,7D220637,Gunshot_or_Firecracker,2017-06-02,21:04:31,WashingtonDC7D,38.847,-76.98
2216,6D178247,Multiple_Gunshots,2017-06-02,21:22:46,WashingtonDC6D,38.877,-76.932
2217,6D178278,Multiple_Gunshots,2017-06-02,23:20:53,WashingtonDC6D,38.899,-76.938
2218,7D220993,Multiple_Gunshots,2017-06-03,03:21:08,WashingtonDC7D,38.843,-77.003
2219,7D221031,Gunshot_or_Firecracker,2017-06-03,13:03:42,WashingtonDC7D,38.854,-76.973
2220,6D178316,Multiple_Gunshots,2017-06-03,18:00:59,WashingtonDC6D,38.901,-76.937
2221,7D221061,Single_Gunshot,2017-06-03,18:09:26,WashingtonDC7D,38.847,-76.976
2222,7D221066,Multiple_Gunshots,2017-06-03,18:10:46,WashingtonDC7D,38.837,-76.989
2223,6D178319,Single_Gunshot,2017-06-03,18:33:42,WashingtonDC6D,38.896,-76.948
2224,7D221095,Gunshot_or_Firecracker,2017-06-03,19:21:29,WashingtonDC7D,38.864,-76.981
2225,7D221102,Gunshot_or_Firecracker,2017-06-03,19:32:33,WashingtonDC7D,38.846,-76.973
2226,6D178341,Multiple_Gunshots,2017-06-03,20:45:33,WashingtonDC6D,38.887,-76.928
2227,7D221140,Multiple_Gunshots,2017-06-03,20:54:24,WashingtonDC7D,38.839,-76.998
2228,6D178389,Multiple_Gunshots,2017-06-03,22:28:15,WashingtonDC6D,38.896,-76.936
2229,5D71533,Multiple_Gunshots,2017-06-03,23:16:08,WashingtonDC5D,38.922,-77.008
2230,7D221325,Multiple_Gunshots,2017-06-03,23:31:01,WashingtonDC7D,38.849,-76.975
2231,6D178425,Multiple_Gunshots,2017-06-04,00:43:07,WashingtonDC6D,38.894,-76.929
2232,7D221407,Multiple_Gunshots,2017-06-04,01:46:07,WashingtonDC7D,38.829,-76.997
2233,7D221408,Multiple_Gunshots,2017-06-04,01:46:15,WashingtonDC7D,38.829,-76.997
2234,7D221409,Multiple_Gunshots,2017-06-04,01:46:18,WashingtonDC7D,38.83,-76.996
2235,7D221427,Single_Gunshot,2017-06-04,01:59:37,WashingtonDC7D,38.85,-76.97
2236,6D178433,Multiple_Gunshots,2017-06-04,02:27:10,WashingtonDC6D,38.888,-76.95
2237,6D178434,Multiple_Gunshots,2017-06-04,02:27:23,WashingtonDC6D,38.887,-76.952
2238,6D178436,Multiple_Gunshots,2017-06-04,02:27:55,WashingtonDC6D,38.888,-76.951
2239,6D178437,Multiple_Gunshots,2017-06-04,02:28:00,WashingtonDC6D,38.888,-76.951
2240,7D221440,Single_Gunshot,2017-06-04,02:51:01,WashingtonDC7D,38.844,-76.978
2241,7D221449,Multiple_Gunshots,2017-06-04,10:55:50,WashingtonDC7D,38.862,-76.988
2242,7D221452,Gunshot_or_Firecracker,2017-06-04,11:33:41,WashingtonDC7D,38.861,-76.989
2243,3D62546,Single_Gunshot,2017-06-04,13:58:56,WashingtonDC3D,38.921,-77.027
2244,7D221501,Single_Gunshot,2017-06-04,16:56:22,WashingtonDC7D,38.844,-76.984
2245,6D178478,Single_Gunshot,2017-06-04,18:29:15,WashingtonDC6D,38.911,-76.938
2246,6D178522,Multiple_Gunshots,2017-06-04,22:22:10,WashingtonDC6D,38.877,-76.943
2247,6D178523,Multiple_Gunshots,2017-06-04,23:23:11,WashingtonDC6D,38.892,-76.95
2248,7D221674,Multiple_Gunshots,2017-06-04,23:23:18,WashingtonDC7D,38.848,-76.972
2249,5D71556,Gunshot_or_Firecracker,2017-06-05,01:49:43,WashingtonDC5D,38.923,-76.975
2250,5D71557,Multiple_Gunshots,2017-06-05,01:50:57,WashingtonDC5D,38.928,-76.974
2251,5D71565,Multiple_Gunshots,2017-06-05,14:19:01,WashingtonDC5D,38.924,-77.006
2252,7D221685,Multiple_Gunshots,2017-06-05,15:53:59,WashingtonDC7D,38.849,-76.971
2253,6D178539,Gunshot_or_Firecracker,2017-06-05,16:27:20,WashingtonDC6D,38.886,-76.929
2254,6D178565,Single_Gunshot,2017-06-05,19:53:16,WashingtonDC6D,38.893,-76.912
2255,7D221747,Gunshot_or_Firecracker,2017-06-05,20:03:21,WashingtonDC7D,38.843,-76.987
2256,7D221750,Single_Gunshot,2017-06-05,20:14:30,WashingtonDC7D,38.843,-76.988
2257,7D221753,Single_Gunshot,2017-06-05,20:23:54,WashingtonDC7D,38.843,-76.985
2258,7D221754,Single_Gunshot,2017-06-05,20:23:56,WashingtonDC7D,38.843,-76.985
2259,7D221784,Single_Gunshot,2017-06-05,20:34:06,WashingtonDC7D,38.844,-76.986
2260,7D221809,Multiple_Gunshots,2017-06-05,21:03:00,WashingtonDC7D,38.838,-76.99
2261,7D221811,Gunshot_or_Firecracker,2017-06-05,21:03:04,WashingtonDC7D,38.838,-76.99
2262,7D221812,Multiple_Gunshots,2017-06-05,21:03:07,WashingtonDC7D,38.838,-76.99
2263,6D178578,Single_Gunshot,2017-06-05,21:27:02,WashingtonDC6D,38.883,-76.957
2264,7D221838,Multiple_Gunshots,2017-06-05,22:38:44,WashingtonDC7D,38.837,-77.003
2265,6D178596,Gunshot_or_Firecracker,2017-06-05,23:42:08,WashingtonDC6D,38.911,-76.937
2266,7D221844,Multiple_Gunshots,2017-06-06,00:03:00,WashingtonDC7D,38.856,-76.973
2267,6D178598,Multiple_Gunshots,2017-06-06,00:26:45,WashingtonDC6D,38.906,-76.934
2268,1D85687,Single_Gunshot,2017-06-06,01:18:11,WashingtonDC1D,38.879,-77.015
2269,6D178599,Multiple_Gunshots,2017-06-06,01:30:28,WashingtonDC6D,38.886,-76.926
2270,4D59306,Multiple_Gunshots,2017-06-06,03:06:17,WashingtonDC4D,38.934,-77.033
2271,5D71576,Multiple_Gunshots,2017-06-06,14:00:38,WashingtonDC5D,38.919,-77.001
2272,6D178613,Multiple_Gunshots,2017-06-06,15:11:39,WashingtonDC6D,38.896,-76.928
2273,7D221872,Single_Gunshot,2017-06-06,16:07:23,WashingtonDC7D,38.843,-76.979
2274,6D178624,Gunshot_or_Firecracker,2017-06-06,18:03:21,WashingtonDC6D,38.903,-76.931
2275,6D178626,Multiple_Gunshots,2017-06-06,18:40:24,WashingtonDC6D,38.895,-76.926
2276,7D221896,Single_Gunshot,2017-06-06,19:27:06,WashingtonDC7D,38.841,-76.989
2277,7D221897,Gunshot_or_Firecracker,2017-06-06,19:54:06,WashingtonDC7D,38.846,-76.973
2278,6D178627,Multiple_Gunshots,2017-06-06,20:12:17,WashingtonDC6D,38.899,-76.922
2279,7D221908,Single_Gunshot,2017-06-06,20:16:45,WashingtonDC7D,38.843,-76.987
2280,7D222022,Gunshot_or_Firecracker,2017-06-06,22:18:15,WashingtonDC7D,38.862,-76.99
2281,7D222034,Gunshot_or_Firecracker,2017-06-06,23:00:07,WashingtonDC7D,38.833,-76.989
2282,6D178654,Single_Gunshot,2017-06-06,23:01:01,WashingtonDC6D,38.891,-76.918
2283,5D71615,Multiple_Gunshots,2017-06-07,00:50:41,WashingtonDC5D,38.904,-76.975
2284,7D222037,Multiple_Gunshots,2017-06-07,00:57:34,WashingtonDC7D,38.846,-76.981
2285,7D222039,Gunshot_or_Firecracker,2017-06-07,01:19:11,WashingtonDC7D,38.83,-76.993
2286,7D222055,Single_Gunshot,2017-06-07,16:04:02,WashingtonDC7D,38.847,-76.977
2287,5D71625,Single_Gunshot,2017-06-07,17:04:25,WashingtonDC5D,38.921,-76.994
2288,7D222084,Multiple_Gunshots,2017-06-07,18:43:28,WashingtonDC7D,38.828,-76.998
2289,7D222092,Single_Gunshot,2017-06-07,19:12:15,WashingtonDC7D,38.845,-76.978
2290,7D222093,Multiple_Gunshots,2017-06-07,19:12:16,WashingtonDC7D,38.845,-76.979
2291,7D222099,Gunshot_or_Firecracker,2017-06-07,19:23:00,WashingtonDC7D,38.851,-76.974
2292,7D222119,Gunshot_or_Firecracker,2017-06-07,19:39:36,WashingtonDC7D,38.846,-76.988
2293,7D222201,Multiple_Gunshots,2017-06-07,21:38:21,WashingtonDC7D,38.851,-76.976
2294,6D178691,Multiple_Gunshots,2017-06-07,21:38:41,WashingtonDC6D,38.877,-76.933
2295,7D222236,Multiple_Gunshots,2017-06-07,23:37:37,WashingtonDC7D,38.847,-76.976
2296,7D222252,Single_Gunshot,2017-06-08,15:51:03,WashingtonDC7D,38.835,-76.997
2297,7D222254,Single_Gunshot,2017-06-08,17:01:19,WashingtonDC7D,38.843,-76.987
2298,7D222258,Single_Gunshot,2017-06-08,17:44:58,WashingtonDC7D,38.843,-76.987
2299,7D222320,Single_Gunshot,2017-06-08,20:09:40,WashingtonDC7D,38.846,-76.995
2300,7D222335,Single_Gunshot,2017-06-08,20:40:25,WashingtonDC7D,38.842,-76.987
2301,7D222467,Single_Gunshot,2017-06-08,22:50:47,WashingtonDC7D,38.846,-76.977
2302,4D59315,Multiple_Gunshots,2017-06-08,23:13:38,WashingtonDC4D,38.946,-77.026
2303,5D71677,Gunshot_or_Firecracker,2017-06-08,23:18:28,WashingtonDC5D,38.903,-77.011
2304,7D222486,Multiple_Gunshots,2017-06-08,23:40:17,WashingtonDC7D,38.826,-76.997
2305,5D71678,Multiple_Gunshots,2017-06-09,00:20:17,WashingtonDC5D,38.896,-76.983
2306,5D71679,Multiple_Gunshots,2017-06-09,00:20:46,WashingtonDC5D,38.896,-76.982
2307,6D178768,Multiple_Gunshots,2017-06-09,01:21:55,WashingtonDC6D,38.893,-76.929
2308,6D178771,Multiple_Gunshots,2017-06-09,01:48:31,WashingtonDC6D,38.877,-76.932
2309,7D222496,Multiple_Gunshots,2017-06-09,02:37:48,WashingtonDC7D,38.854,-76.966
2310,7D222508,Multiple_Gunshots,2017-06-09,10:47:16,WashingtonDC7D,38.854,-76.972
2311,7D222509,Multiple_Gunshots,2017-06-09,10:47:23,WashingtonDC7D,38.853,-76.971
2312,7D222530,Gunshot_or_Firecracker,2017-06-09,17:33:00,WashingtonDC7D,38.844,-76.985
2313,7D222532,Single_Gunshot,2017-06-09,17:33:07,WashingtonDC7D,38.843,-76.985
2314,7D222559,Single_Gunshot,2017-06-09,18:57:01,WashingtonDC7D,38.843,-76.985
2315,7D222561,Single_Gunshot,2017-06-09,18:57:07,WashingtonDC7D,38.843,-76.985
2316,7D222565,Multiple_Gunshots,2017-06-09,19:05:06,WashingtonDC7D,38.83,-77.004
2317,7D222676,Multiple_Gunshots,2017-06-09,21:32:30,WashingtonDC7D,38.843,-76.986
2318,7D222695,Multiple_Gunshots,2017-06-09,21:50:35,WashingtonDC7D,38.838,-76.99
2319,7D222708,Multiple_Gunshots,2017-06-09,21:55:21,WashingtonDC7D,38.838,-76.99
2320,7D222709,Multiple_Gunshots,2017-06-09,21:55:25,WashingtonDC7D,38.838,-76.99
2321,7D222717,Multiple_Gunshots,2017-06-09,22:00:42,WashingtonDC7D,38.838,-76.99
2322,7D222718,Multiple_Gunshots,2017-06-09,22:00:44,WashingtonDC7D,38.838,-76.99
2323,6D178852,Multiple_Gunshots,2017-06-09,23:00:36,WashingtonDC6D,38.883,-76.929
2324,6D178864,Gunshot_or_Firecracker,2017-06-09,23:28:53,WashingtonDC6D,38.896,-76.932
2325,7D222806,Multiple_Gunshots,2017-06-09,23:53:38,WashingtonDC7D,38.837,-77.003
2326,7D222807,Multiple_Gunshots,2017-06-09,23:53:50,WashingtonDC7D,38.836,-77.003
2327,7D222808,Multiple_Gunshots,2017-06-09,23:53:58,WashingtonDC7D,38.837,-77.003
2328,6D178873,Single_Gunshot,2017-06-09,23:57:59,WashingtonDC6D,38.897,-76.943
2329,7D222813,Multiple_Gunshots,2017-06-10,00:15:53,WashingtonDC7D,38.859,-76.997
2330,6D178881,Multiple_Gunshots,2017-06-10,01:11:21,WashingtonDC6D,38.894,-76.925
2331,6D178882,Multiple_Gunshots,2017-06-10,01:11:25,WashingtonDC6D,38.898,-76.925
2332,6D178883,Multiple_Gunshots,2017-06-10,01:11:26,WashingtonDC6D,38.894,-76.925
2333,6D178884,Single_Gunshot,2017-06-10,01:12:08,WashingtonDC6D,38.894,-76.924
2334,6D178896,Multiple_Gunshots,2017-06-10,01:45:43,WashingtonDC6D,38.883,-76.931
2335,7D222830,Multiple_Gunshots,2017-06-10,01:56:23,WashingtonDC7D,38.865,-76.979
2336,6D178899,Multiple_Gunshots,2017-06-10,02:54:15,WashingtonDC6D,38.872,-76.976
2337,6D178904,Multiple_Gunshots,2017-06-10,03:08:01,WashingtonDC6D,38.894,-76.937
2338,3D62594,Single_Gunshot,2017-06-10,04:12:27,WashingtonDC3D,38.916,-77.02
2339,7D222846,Multiple_Gunshots,2017-06-10,04:54:12,WashingtonDC7D,38.855,-76.97
2340,7D222849,Multiple_Gunshots,2017-06-10,07:38:54,WashingtonDC7D,38.845,-77.0
2341,7D222871,Gunshot_or_Firecracker,2017-06-10,13:36:08,WashingtonDC7D,38.843,-76.979
2342,5D71754,Multiple_Gunshots,2017-06-10,17:58:45,WashingtonDC5D,38.932,-76.971
2343,5D71755,Multiple_Gunshots,2017-06-10,17:58:47,WashingtonDC5D,38.934,-76.967
2344,7D223022,Gunshot_or_Firecracker,2017-06-10,19:43:29,WashingtonDC7D,38.845,-76.98
2345,7D223032,Gunshot_or_Firecracker,2017-06-10,19:51:24,WashingtonDC7D,38.826,-77.003
2346,7D223061,Multiple_Gunshots,2017-06-10,20:14:38,WashingtonDC7D,38.834,-76.995
2347,6D178983,Gunshot_or_Firecracker,2017-06-10,20:37:52,WashingtonDC6D,38.911,-76.938
2348,6D179024,Multiple_Gunshots,2017-06-10,21:13:25,WashingtonDC6D,38.899,-76.939
2349,7D223143,Multiple_Gunshots,2017-06-10,21:16:59,WashingtonDC7D,38.826,-77.003
2350,6D179049,Gunshot_or_Firecracker,2017-06-10,22:07:29,WashingtonDC6D,38.899,-76.944
2351,7D223257,Multiple_Gunshots,2017-06-10,23:09:07,WashingtonDC7D,38.83,-77.001
2352,1D85810,Single_Gunshot,2017-06-10,23:12:30,WashingtonDC1D,38.875,-77.013
2353,7D223263,Multiple_Gunshots,2017-06-10,23:18:39,WashingtonDC7D,38.846,-76.984
2354,7D223291,Multiple_Gunshots,2017-06-11,00:26:14,WashingtonDC7D,38.85,-76.979
2355,6D179106,Multiple_Gunshots,2017-06-11,01:33:37,WashingtonDC6D,38.911,-76.937
2356,5D71816,Multiple_Gunshots,2017-06-11,03:40:30,WashingtonDC5D,38.911,-76.988
2357,7D223343,Multiple_Gunshots,2017-06-11,04:49:42,WashingtonDC7D,38.837,-77.003
2358,7D223366,Gunshot_or_Firecracker,2017-06-11,12:11:45,WashingtonDC7D,38.841,-76.987
2359,6D179120,Single_Gunshot,2017-06-11,15:51:39,WashingtonDC6D,38.894,-76.918
2360,6D179128,Gunshot_or_Firecracker,2017-06-11,17:55:48,WashingtonDC6D,38.9,-76.932
2361,5D71817,Multiple_Gunshots,2017-06-11,19:50:04,WashingtonDC5D,38.907,-77.01
2362,7D223466,Single_Gunshot,2017-06-11,20:33:06,WashingtonDC7D,38.844,-76.973
2363,6D179159,Gunshot_or_Firecracker,2017-06-11,21:38:28,WashingtonDC6D,38.883,-76.928
2364,7D223589,Multiple_Gunshots,2017-06-12,00:05:02,WashingtonDC7D,38.83,-76.997
2365,7D223600,Multiple_Gunshots,2017-06-12,02:42:24,WashingtonDC7D,38.856,-76.97
2366,6D179172,Single_Gunshot,2017-06-12,02:50:38,WashingtonDC6D,38.881,-76.934
2367,7D223619,Multiple_Gunshots,2017-06-12,17:01:56,WashingtonDC7D,38.83,-77.002
2368,7D223620,Multiple_Gunshots,2017-06-12,17:02:49,WashingtonDC7D,38.83,-77.002
2369,7D223625,Gunshot_or_Firecracker,2017-06-12,17:13:29,WashingtonDC7D,38.832,-76.989
2370,7D223631,Single_Gunshot,2017-06-12,17:51:37,WashingtonDC7D,38.827,-77.0
2371,6D179197,Multiple_Gunshots,2017-06-12,18:22:05,WashingtonDC6D,38.902,-76.943
2372,7D223808,Multiple_Gunshots,2017-06-12,21:29:34,WashingtonDC7D,38.845,-76.999
2373,7D223809,Multiple_Gunshots,2017-06-12,21:29:42,WashingtonDC7D,38.845,-76.999
2374,5D71855,Gunshot_or_Firecracker,2017-06-12,22:00:33,WashingtonDC5D,38.922,-76.988
2375,6D179244,Single_Gunshot,2017-06-12,22:51:53,WashingtonDC6D,38.896,-76.925
2376,7D223899,Single_Gunshot,2017-06-13,00:10:06,WashingtonDC7D,38.844,-76.978
2377,6D179249,Multiple_Gunshots,2017-06-13,00:58:17,WashingtonDC6D,38.893,-76.939
2378,5D71860,Multiple_Gunshots,2017-06-13,01:51:09,WashingtonDC5D,38.903,-77.009
2379,7D223916,Single_Gunshot,2017-06-13,03:02:27,WashingtonDC7D,38.847,-76.976
2380,6D179250,Single_Gunshot,2017-06-13,05:21:16,WashingtonDC6D,38.893,-76.924
2381,7D223924,Gunshot_or_Firecracker,2017-06-13,15:07:14,WashingtonDC7D,38.864,-76.979
2382,7D223925,Gunshot_or_Firecracker,2017-06-13,15:40:19,WashingtonDC7D,38.855,-76.969
2383,7D223959,Single_Gunshot,2017-06-13,18:58:53,WashingtonDC7D,38.845,-76.982
2384,7D224030,Gunshot_or_Firecracker,2017-06-13,21:22:05,WashingtonDC7D,38.848,-76.979
2385,6D179329,Multiple_Gunshots,2017-06-13,21:35:10,WashingtonDC6D,38.876,-76.932
2386,7D224057,Gunshot_or_Firecracker,2017-06-13,21:37:34,WashingtonDC7D,38.846,-76.98
2387,4D59361,Single_Gunshot,2017-06-13,21:57:46,WashingtonDC4D,38.956,-77.02
2388,4D59362,Single_Gunshot,2017-06-13,21:58:11,WashingtonDC4D,38.954,-77.02
2389,6D179364,Multiple_Gunshots,2017-06-13,23:21:09,WashingtonDC6D,38.896,-76.941
2390,6D179366,Multiple_Gunshots,2017-06-14,00:13:58,WashingtonDC6D,38.898,-76.917
2391,6D179367,Multiple_Gunshots,2017-06-14,00:18:25,WashingtonDC6D,38.898,-76.917
2392,7D224118,Single_Gunshot,2017-06-14,04:32:17,WashingtonDC7D,38.829,-77.006
2393,6D179369,Multiple_Gunshots,2017-06-14,11:01:55,WashingtonDC6D,38.876,-76.932
2394,6D179372,Multiple_Gunshots,2017-06-14,11:51:23,WashingtonDC6D,38.891,-76.953
2395,7D224153,Single_Gunshot,2017-06-14,16:32:57,WashingtonDC7D,38.848,-76.976
2396,5D71874,Single_Gunshot,2017-06-14,17:59:38,WashingtonDC5D,38.913,-76.985
2397,7D224215,Single_Gunshot,2017-06-14,18:31:35,WashingtonDC7D,38.845,-76.982
2398,7D224241,Gunshot_or_Firecracker,2017-06-14,19:07:19,WashingtonDC7D,38.843,-76.987
2399,6D179382,Multiple_Gunshots,2017-06-14,20:12:39,WashingtonDC6D,38.881,-76.932
2400,6D179385,Single_Gunshot,2017-06-14,20:37:02,WashingtonDC6D,38.895,-76.929
2401,7D224337,Multiple_Gunshots,2017-06-14,21:31:04,WashingtonDC7D,38.847,-76.969
2402,1D85844,Single_Gunshot,2017-06-14,21:42:55,WashingtonDC1D,38.876,-77.014
2403,7D224368,Multiple_Gunshots,2017-06-14,22:05:36,WashingtonDC7D,38.855,-76.971
2404,7D224400,Gunshot_or_Firecracker,2017-06-14,22:32:39,WashingtonDC7D,38.842,-76.988
2405,7D224427,Multiple_Gunshots,2017-06-14,23:13:58,WashingtonDC7D,38.842,-76.986
2406,6D179416,Multiple_Gunshots,2017-06-15,01:13:47,WashingtonDC6D,38.897,-76.935
2407,4D59370,Multiple_Gunshots,2017-06-15,01:30:56,WashingtonDC4D,38.936,-77.026
2408,4D59371,Multiple_Gunshots,2017-06-15,03:48:55,WashingtonDC4D,38.956,-77.027
2409,7D224486,Single_Gunshot,2017-06-15,04:26:19,WashingtonDC7D,38.839,-76.998
2410,7D224507,Multiple_Gunshots,2017-06-15,15:58:08,WashingtonDC7D,38.83,-77.003
2411,7D224508,Multiple_Gunshots,2017-06-15,15:58:22,WashingtonDC7D,38.83,-77.005
2412,7D224509,Multiple_Gunshots,2017-06-15,15:58:59,WashingtonDC7D,38.83,-77.004
2413,7D224542,Single_Gunshot,2017-06-15,18:06:28,WashingtonDC7D,38.856,-76.973
2414,6D179437,Multiple_Gunshots,2017-06-15,19:04:43,WashingtonDC6D,38.88,-76.928
2415,7D224562,Gunshot_or_Firecracker,2017-06-15,19:17:00,WashingtonDC7D,38.845,-76.985
2416,7D224615,Single_Gunshot,2017-06-15,19:47:59,WashingtonDC7D,38.845,-76.973
2417,7D224619,Single_Gunshot,2017-06-15,19:50:11,WashingtonDC7D,38.845,-76.973
2418,6D179446,Multiple_Gunshots,2017-06-15,20:32:07,WashingtonDC6D,38.896,-76.956
2419,7D224821,Multiple_Gunshots,2017-06-15,21:16:49,WashingtonDC7D,38.849,-76.979
2420,7D224831,Multiple_Gunshots,2017-06-15,21:23:45,WashingtonDC7D,38.845,-76.972
2421,7D224832,Multiple_Gunshots,2017-06-15,21:23:48,WashingtonDC7D,38.845,-76.973
2422,7D224833,Multiple_Gunshots,2017-06-15,21:23:53,WashingtonDC7D,38.845,-76.973
2423,7D224834,Multiple_Gunshots,2017-06-15,21:23:59,WashingtonDC7D,38.845,-76.972
2424,7D224851,Single_Gunshot,2017-06-15,21:30:45,WashingtonDC7D,38.841,-76.987
2425,5D71925,Gunshot_or_Firecracker,2017-06-15,22:55:51,WashingtonDC5D,38.906,-76.978
2426,7D224970,Single_Gunshot,2017-06-15,23:05:48,WashingtonDC7D,38.851,-76.971
2427,4D59379,Multiple_Gunshots,2017-06-15,23:28:31,WashingtonDC4D,38.948,-77.02
2428,7D224985,Multiple_Gunshots,2017-06-15,23:40:26,WashingtonDC7D,38.85,-76.977
2429,6D179499,Single_Gunshot,2017-06-16,00:32:48,WashingtonDC6D,38.899,-76.938
2430,5D71928,Single_Gunshot,2017-06-16,01:00:13,WashingtonDC5D,38.902,-76.985
2431,5D71929,Multiple_Gunshots,2017-06-16,01:35:17,WashingtonDC5D,38.897,-76.976
2432,6D179503,Multiple_Gunshots,2017-06-16,01:42:17,WashingtonDC6D,38.902,-76.943
2433,6D179504,Multiple_Gunshots,2017-06-16,01:42:52,WashingtonDC6D,38.901,-76.937
2434,6D179505,Multiple_Gunshots,2017-06-16,01:45:54,WashingtonDC6D,38.903,-76.925
2435,6D179515,Multiple_Gunshots,2017-06-16,07:07:01,WashingtonDC6D,38.891,-76.913
2436,6D179522,Gunshot_or_Firecracker,2017-06-16,11:57:07,WashingtonDC6D,38.902,-76.929
2437,6D179525,Gunshot_or_Firecracker,2017-06-16,13:23:36,WashingtonDC6D,38.902,-76.926
2438,6D179532,Gunshot_or_Firecracker,2017-06-16,14:53:21,WashingtonDC6D,38.878,-76.929
2439,6D179603,Multiple_Gunshots,2017-06-16,22:17:15,WashingtonDC6D,38.9,-76.941
2440,7D225296,Multiple_Gunshots,2017-06-16,22:41:36,WashingtonDC7D,38.856,-76.972
2441,7D225297,Multiple_Gunshots,2017-06-16,22:48:54,WashingtonDC7D,38.842,-76.981
2442,7D225322,Multiple_Gunshots,2017-06-16,23:36:43,WashingtonDC7D,38.843,-77.003
2443,5D72023,Multiple_Gunshots,2017-06-17,00:19:07,WashingtonDC5D,38.921,-76.984
2444,6D179642,Multiple_Gunshots,2017-06-17,00:48:12,WashingtonDC6D,38.87,-76.966
2445,6D179643,Multiple_Gunshots,2017-06-17,00:48:20,WashingtonDC6D,38.87,-76.966
2446,5D72025,Single_Gunshot,2017-06-17,05:57:13,WashingtonDC5D,38.92,-76.98
2447,6D179682,Single_Gunshot,2017-06-17,16:33:51,WashingtonDC6D,38.903,-76.926
2448,5D72036,Gunshot_or_Firecracker,2017-06-17,19:11:39,WashingtonDC5D,38.903,-76.988
2449,5D72037,Gunshot_or_Firecracker,2017-06-17,19:11:46,WashingtonDC5D,38.903,-76.988
2450,7D225568,Single_Gunshot,2017-06-17,19:40:21,WashingtonDC7D,38.858,-76.99
2451,6D179710,Gunshot_or_Firecracker,2017-06-17,20:24:32,WashingtonDC6D,38.899,-76.938
2452,7D225724,Single_Gunshot,2017-06-17,22:12:20,WashingtonDC7D,38.842,-76.986
2453,7D225725,Single_Gunshot,2017-06-17,22:12:22,WashingtonDC7D,38.842,-76.987
2454,7D225838,Multiple_Gunshots,2017-06-17,23:13:24,WashingtonDC7D,38.829,-77.002
2455,7D225853,Multiple_Gunshots,2017-06-17,23:17:40,WashingtonDC7D,38.847,-76.983
2456,7D225864,Multiple_Gunshots,2017-06-17,23:23:40,WashingtonDC7D,38.851,-76.967
2457,7D225873,Multiple_Gunshots,2017-06-17,23:45:57,WashingtonDC7D,38.862,-76.988
2458,7D225876,Single_Gunshot,2017-06-17,23:48:38,WashingtonDC7D,38.86,-76.997
2459,7D225891,Single_Gunshot,2017-06-18,00:20:24,WashingtonDC7D,38.86,-76.996
2460,1D85999,Single_Gunshot,2017-06-18,00:26:31,WashingtonDC1D,38.879,-77.015
2461,6D179841,Multiple_Gunshots,2017-06-18,00:41:01,WashingtonDC6D,38.879,-76.931
2462,5D72126,Gunshot_or_Firecracker,2017-06-18,00:58:24,WashingtonDC5D,38.895,-76.978
2463,5D72127,Single_Gunshot,2017-06-18,00:58:29,WashingtonDC5D,38.895,-76.978
2464,7D225903,Multiple_Gunshots,2017-06-18,01:32:16,WashingtonDC7D,38.851,-76.966
2465,7D225910,Multiple_Gunshots,2017-06-18,02:01:36,WashingtonDC7D,38.826,-76.999
2466,7D225911,Multiple_Gunshots,2017-06-18,02:03:09,WashingtonDC7D,38.839,-76.998
2467,6D179856,Single_Gunshot,2017-06-18,03:31:19,WashingtonDC6D,38.894,-76.919
2468,7D225914,Multiple_Gunshots,2017-06-18,03:49:24,WashingtonDC7D,38.858,-76.993
2469,7D225915,Multiple_Gunshots,2017-06-18,03:54:18,WashingtonDC7D,38.846,-76.972
2470,7D225932,Multiple_Gunshots,2017-06-18,14:17:40,WashingtonDC7D,38.839,-76.997
2471,7D225993,Single_Gunshot,2017-06-18,19:39:49,WashingtonDC7D,38.859,-76.99
2472,7D226040,Single_Gunshot,2017-06-18,20:52:33,WashingtonDC7D,38.86,-76.996
2473,7D226059,Multiple_Gunshots,2017-06-18,21:10:48,WashingtonDC7D,38.843,-76.988
2474,1D86012,Multiple_Gunshots,2017-06-18,21:16:43,WashingtonDC1D,38.888,-76.982
2475,7D226108,Single_Gunshot,2017-06-18,21:36:07,WashingtonDC7D,38.844,-77.002
2476,7D226123,Multiple_Gunshots,2017-06-18,21:58:04,WashingtonDC7D,38.827,-76.995
2477,7D226126,Multiple_Gunshots,2017-06-18,21:59:41,WashingtonDC7D,38.827,-76.995
2478,6D179946,Multiple_Gunshots,2017-06-18,22:01:16,WashingtonDC6D,38.893,-76.925
2479,6D179947,Multiple_Gunshots,2017-06-18,22:02:17,WashingtonDC6D,38.897,-76.918
2480,7D226203,Single_Gunshot,2017-06-18,23:17:32,WashingtonDC7D,38.844,-76.985
2481,5D72281,Single_Gunshot,2017-06-18,23:19:57,WashingtonDC5D,38.899,-76.974
2482,5D72282,Single_Gunshot,2017-06-18,23:29:28,WashingtonDC5D,38.894,-76.972
2483,5D72283,Single_Gunshot,2017-06-18,23:34:40,WashingtonDC5D,38.899,-76.974
2484,6D179966,Single_Gunshot,2017-06-19,00:03:38,WashingtonDC6D,38.882,-76.925
2485,6D179967,Multiple_Gunshots,2017-06-19,00:03:40,WashingtonDC6D,38.882,-76.925
2486,7D226249,Multiple_Gunshots,2017-06-19,01:03:26,WashingtonDC7D,38.831,-77.001
2487,6D179973,Multiple_Gunshots,2017-06-19,01:06:26,WashingtonDC6D,38.887,-76.951
2488,6D179974,Gunshot_or_Firecracker,2017-06-19,01:06:53,WashingtonDC6D,38.886,-76.948
2489,6D179978,Single_Gunshot,2017-06-19,03:56:27,WashingtonDC6D,38.895,-76.93
2490,6D179979,Single_Gunshot,2017-06-19,06:29:25,WashingtonDC6D,38.891,-76.958
2491,7D226267,Multiple_Gunshots,2017-06-19,08:09:24,WashingtonDC7D,38.834,-76.991
2492,6D179980,Multiple_Gunshots,2017-06-19,10:13:23,WashingtonDC6D,38.894,-76.923
2493,6D179981,Multiple_Gunshots,2017-06-19,10:13:34,WashingtonDC6D,38.897,-76.921
2494,7D226331,Single_Gunshot,2017-06-19,20:08:47,WashingtonDC7D,38.849,-76.979
2495,1D86019,Gunshot_or_Firecracker,2017-06-19,20:15:01,WashingtonDC1D,38.874,-77.014
2496,3D62685,Multiple_Gunshots,2017-06-19,21:53:06,WashingtonDC3D,38.931,-77.024
2497,7D226364,Gunshot_or_Firecracker,2017-06-19,22:01:45,WashingtonDC7D,38.832,-76.993
2498,7D226416,Single_Gunshot,2017-06-20,00:14:17,WashingtonDC7D,38.844,-76.973
2499,7D226417,Multiple_Gunshots,2017-06-20,00:14:19,WashingtonDC7D,38.844,-76.973
2500,6D180013,Multiple_Gunshots,2017-06-20,00:34:12,WashingtonDC6D,38.899,-76.938
2501,7D226425,Multiple_Gunshots,2017-06-20,00:40:06,WashingtonDC7D,38.854,-76.974
2502,7D226426,Multiple_Gunshots,2017-06-20,00:40:07,WashingtonDC7D,38.856,-76.972
2503,6D180019,Single_Gunshot,2017-06-20,00:46:53,WashingtonDC6D,38.881,-76.932
2504,6D180020,Multiple_Gunshots,2017-06-20,00:49:37,WashingtonDC6D,38.878,-76.93
2505,6D180023,Multiple_Gunshots,2017-06-20,01:39:01,WashingtonDC6D,38.893,-76.928
2506,7D226435,Single_Gunshot,2017-06-20,01:59:06,WashingtonDC7D,38.839,-76.999
2507,6D180040,Gunshot_or_Firecracker,2017-06-20,18:24:46,WashingtonDC6D,38.867,-76.981
2508,6D180042,Gunshot_or_Firecracker,2017-06-20,19:06:40,WashingtonDC6D,38.887,-76.926
2509,7D226565,Single_Gunshot,2017-06-20,19:56:11,WashingtonDC7D,38.866,-76.982
2510,7D226575,Single_Gunshot,2017-06-20,20:06:47,WashingtonDC7D,38.847,-76.983
2511,7D226634,Multiple_Gunshots,2017-06-20,20:41:58,WashingtonDC7D,38.844,-76.978
2512,7D226723,Multiple_Gunshots,2017-06-20,21:16:01,WashingtonDC7D,38.845,-76.973
2513,7D226776,Multiple_Gunshots,2017-06-20,21:46:58,WashingtonDC7D,38.852,-76.966
2514,7D226788,Single_Gunshot,2017-06-20,22:02:11,WashingtonDC7D,38.845,-76.973
2515,6D180099,Multiple_Gunshots,2017-06-20,22:57:36,WashingtonDC6D,38.882,-76.936
2516,1D86048,Single_Gunshot,2017-06-20,23:23:22,WashingtonDC1D,38.876,-77.012
2517,6D180103,Gunshot_or_Firecracker,2017-06-20,23:35:56,WashingtonDC6D,38.885,-76.949
2518,7D226893,Multiple_Gunshots,2017-06-21,02:13:24,WashingtonDC7D,38.845,-76.979
2519,7D226900,Multiple_Gunshots,2017-06-21,13:19:47,WashingtonDC7D,38.83,-77.003
2520,7D226903,Gunshot_or_Firecracker,2017-06-21,13:36:44,WashingtonDC7D,38.845,-76.978
2521,7D226909,Gunshot_or_Firecracker,2017-06-21,14:19:44,WashingtonDC7D,38.828,-77.002
2522,7D226919,Gunshot_or_Firecracker,2017-06-21,15:27:40,WashingtonDC7D,38.84,-76.995
2523,7D226968,Single_Gunshot,2017-06-21,17:57:33,WashingtonDC7D,38.848,-76.98
2524,7D226983,Multiple_Gunshots,2017-06-21,18:51:53,WashingtonDC7D,38.833,-76.99
2525,7D226988,Single_Gunshot,2017-06-21,19:06:17,WashingtonDC7D,38.855,-76.973
2526,6D180132,Multiple_Gunshots,2017-06-21,20:30:33,WashingtonDC6D,38.902,-76.935
2527,1D86059,Gunshot_or_Firecracker,2017-06-21,21:00:13,WashingtonDC1D,38.873,-77.013
2528,1D86072,Multiple_Gunshots,2017-06-21,22:20:30,WashingtonDC1D,38.879,-77.014
2529,1D86074,Multiple_Gunshots,2017-06-21,22:20:36,WashingtonDC1D,38.874,-77.015
2530,1D86075,Single_Gunshot,2017-06-21,22:20:37,WashingtonDC1D,38.879,-77.014
2531,7D227188,Multiple_Gunshots,2017-06-21,22:26:17,WashingtonDC7D,38.833,-77.003
2532,7D227190,Multiple_Gunshots,2017-06-21,22:35:53,WashingtonDC7D,38.832,-77.0
2533,6D180162,Multiple_Gunshots,2017-06-21,22:55:16,WashingtonDC6D,38.9,-76.938
2534,6D180163,Single_Gunshot,2017-06-21,23:28:58,WashingtonDC6D,38.885,-76.956
2535,5D72393,Gunshot_or_Firecracker,2017-06-22,01:15:57,WashingtonDC5D,38.911,-76.989
2536,6D180168,Multiple_Gunshots,2017-06-22,01:17:19,WashingtonDC6D,38.895,-76.922
2537,5D72394,Single_Gunshot,2017-06-22,01:18:40,WashingtonDC5D,38.899,-76.974
2538,5D72395,Multiple_Gunshots,2017-06-22,02:39:00,WashingtonDC5D,38.919,-76.987
2539,7D227217,Multiple_Gunshots,2017-06-22,03:54:48,WashingtonDC7D,38.855,-76.969
2540,7D227258,Gunshot_or_Firecracker,2017-06-22,16:26:55,WashingtonDC7D,38.833,-76.988
2541,7D227307,Single_Gunshot,2017-06-22,18:21:02,WashingtonDC7D,38.843,-76.985
2542,7D227308,Gunshot_or_Firecracker,2017-06-22,18:21:04,WashingtonDC7D,38.843,-76.985
2543,7D227388,Single_Gunshot,2017-06-22,19:31:24,WashingtonDC7D,38.845,-76.986
2544,6D180250,Multiple_Gunshots,2017-06-22,22:24:50,WashingtonDC6D,38.894,-76.925
2545,5D72436,Single_Gunshot,2017-06-22,23:38:01,WashingtonDC5D,38.909,-76.987
2546,1D86133,Multiple_Gunshots,2017-06-23,01:08:25,WashingtonDC1D,38.879,-77.014
2547,7D227622,Multiple_Gunshots,2017-06-23,01:16:53,WashingtonDC7D,38.827,-77.0
2548,6D180271,Single_Gunshot,2017-06-23,02:17:04,WashingtonDC6D,38.9,-76.939
2549,1D86134,Multiple_Gunshots,2017-06-23,02:20:21,WashingtonDC1D,38.872,-77.012
2550,6D180274,Single_Gunshot,2017-06-23,07:04:19,WashingtonDC6D,38.893,-76.951
2551,7D227685,Gunshot_or_Firecracker,2017-06-23,16:21:34,WashingtonDC7D,38.855,-76.971
2552,5D72442,Multiple_Gunshots,2017-06-23,16:31:11,WashingtonDC5D,38.905,-77.009
2553,7D227694,Single_Gunshot,2017-06-23,17:24:45,WashingtonDC7D,38.841,-76.989
2554,6D180309,Gunshot_or_Firecracker,2017-06-23,18:07:12,WashingtonDC6D,38.883,-76.954
2555,7D227743,Single_Gunshot,2017-06-23,18:17:09,WashingtonDC7D,38.845,-76.973
2556,7D227764,Multiple_Gunshots,2017-06-23,18:50:22,WashingtonDC7D,38.831,-77.001
2557,7D227825,Gunshot_or_Firecracker,2017-06-23,19:57:44,WashingtonDC7D,38.829,-77.004
2558,5D72446,Gunshot_or_Firecracker,2017-06-23,20:07:17,WashingtonDC5D,38.91,-76.987
2559,7D227912,Gunshot_or_Firecracker,2017-06-23,21:09:20,WashingtonDC7D,38.829,-76.992
2560,7D227942,Multiple_Gunshots,2017-06-23,21:32:27,WashingtonDC7D,38.86,-76.987
2561,7D227986,Multiple_Gunshots,2017-06-23,21:58:45,WashingtonDC7D,38.836,-77.005
2562,1D86181,Single_Gunshot,2017-06-23,22:52:24,WashingtonDC1D,38.879,-77.014
2563,6D180382,Gunshot_or_Firecracker,2017-06-23,23:10:44,WashingtonDC6D,38.888,-76.925
2564,6D180391,Multiple_Gunshots,2017-06-24,00:01:58,WashingtonDC6D,38.871,-76.977
2565,6D180395,Multiple_Gunshots,2017-06-24,00:04:39,WashingtonDC6D,38.871,-76.977
2566,6D180398,Multiple_Gunshots,2017-06-24,00:10:35,WashingtonDC6D,38.873,-76.973
2567,1D86202,Multiple_Gunshots,2017-06-24,00:29:01,WashingtonDC1D,38.879,-77.014
2568,7D228085,Single_Gunshot,2017-06-24,00:56:40,WashingtonDC7D,38.86,-76.997
2569,7D228087,Multiple_Gunshots,2017-06-24,00:58:20,WashingtonDC7D,38.828,-77.006
2570,6D180405,Multiple_Gunshots,2017-06-24,01:26:36,WashingtonDC6D,38.893,-76.929
2571,6D180406,Single_Gunshot,2017-06-24,01:26:44,WashingtonDC6D,38.893,-76.929
2572,6D180407,Multiple_Gunshots,2017-06-24,01:26:45,WashingtonDC6D,38.893,-76.929
2573,7D228105,Multiple_Gunshots,2017-06-24,01:27:52,WashingtonDC7D,38.85,-76.965
2574,7D228106,Multiple_Gunshots,2017-06-24,01:28:21,WashingtonDC7D,38.853,-76.966
2575,5D72499,Multiple_Gunshots,2017-06-24,01:36:47,WashingtonDC5D,38.91,-76.984
2576,1D86215,Gunshot_or_Firecracker,2017-06-24,01:42:20,WashingtonDC1D,38.879,-77.014
2577,1D86216,Multiple_Gunshots,2017-06-24,01:42:26,WashingtonDC1D,38.879,-77.014
2578,3D62740,Multiple_Gunshots,2017-06-24,02:30:50,WashingtonDC3D,38.917,-77.014
2579,7D228125,Multiple_Gunshots,2017-06-24,02:35:01,WashingtonDC7D,38.857,-76.972
2580,7D228126,Multiple_Gunshots,2017-06-24,02:35:07,WashingtonDC7D,38.857,-76.972
2581,7D228127,Multiple_Gunshots,2017-06-24,02:35:15,WashingtonDC7D,38.856,-76.972
2582,7D228128,Multiple_Gunshots,2017-06-24,02:36:36,WashingtonDC7D,38.857,-76.973
2583,7D228129,Multiple_Gunshots,2017-06-24,02:39:31,WashingtonDC7D,38.855,-76.969
2584,5D72502,Multiple_Gunshots,2017-06-24,02:39:40,WashingtonDC5D,38.905,-77.009
2585,6D180411,Single_Gunshot,2017-06-24,03:00:40,WashingtonDC6D,38.888,-76.938
2586,6D180412,Multiple_Gunshots,2017-06-24,03:10:24,WashingtonDC6D,38.887,-76.926
2587,6D180413,Multiple_Gunshots,2017-06-24,04:13:43,WashingtonDC6D,38.899,-76.942
2588,6D180421,Multiple_Gunshots,2017-06-24,11:20:20,WashingtonDC6D,38.893,-76.929
2589,7D228138,Gunshot_or_Firecracker,2017-06-24,12:35:42,WashingtonDC7D,38.849,-76.98
2590,7D228161,Gunshot_or_Firecracker,2017-06-24,16:08:37,WashingtonDC7D,38.831,-76.993
2591,6D180447,Single_Gunshot,2017-06-24,16:21:36,WashingtonDC6D,38.889,-76.952
2592,3D62741,Gunshot_or_Firecracker,2017-06-24,17:05:09,WashingtonDC3D,38.918,-77.033
2593,7D228181,Multiple_Gunshots,2017-06-24,18:29:52,WashingtonDC7D,38.839,-76.999
2594,7D228489,Multiple_Gunshots,2017-06-24,22:04:13,WashingtonDC7D,38.837,-77.005
2595,7D228490,Multiple_Gunshots,2017-06-24,22:04:15,WashingtonDC7D,38.837,-77.005
2596,7D228494,Multiple_Gunshots,2017-06-24,22:04:24,WashingtonDC7D,38.837,-77.005
2597,7D228495,Multiple_Gunshots,2017-06-24,22:04:27,WashingtonDC7D,38.837,-77.004
2598,7D228496,Multiple_Gunshots,2017-06-24,22:04:28,WashingtonDC7D,38.837,-77.005
2599,7D228497,Multiple_Gunshots,2017-06-24,22:04:29,WashingtonDC7D,38.837,-77.005
2600,6D180633,Multiple_Gunshots,2017-06-24,22:06:41,WashingtonDC6D,38.88,-76.939
2601,7D228530,Multiple_Gunshots,2017-06-24,22:16:15,WashingtonDC7D,38.852,-76.974
2602,1D86277,Multiple_Gunshots,2017-06-24,22:20:00,WashingtonDC1D,38.879,-77.014
2603,7D228622,Single_Gunshot,2017-06-24,23:11:10,WashingtonDC7D,38.848,-76.976
2604,7D228639,Multiple_Gunshots,2017-06-24,23:18:02,WashingtonDC7D,38.83,-76.996
2605,6D180743,Multiple_Gunshots,2017-06-24,23:25:07,WashingtonDC6D,38.881,-76.931
2606,6D180787,Multiple_Gunshots,2017-06-25,00:07:02,WashingtonDC6D,38.899,-76.924
2607,7D228706,Single_Gunshot,2017-06-25,00:13:26,WashingtonDC7D,38.846,-76.973
2608,6D180792,Multiple_Gunshots,2017-06-25,00:17:29,WashingtonDC6D,38.887,-76.924
2609,6D180796,Multiple_Gunshots,2017-06-25,00:20:53,WashingtonDC6D,38.885,-76.944
2610,7D228726,Multiple_Gunshots,2017-06-25,00:28:12,WashingtonDC7D,38.845,-76.973
2611,6D180808,Multiple_Gunshots,2017-06-25,00:46:54,WashingtonDC6D,38.867,-76.95
2612,5D72560,Multiple_Gunshots,2017-06-25,00:50:11,WashingtonDC5D,38.921,-76.984
2613,5D72561,Multiple_Gunshots,2017-06-25,00:50:19,WashingtonDC5D,38.922,-76.984
2614,7D228740,Multiple_Gunshots,2017-06-25,01:13:52,WashingtonDC7D,38.848,-76.98
2615,1D86291,Multiple_Gunshots,2017-06-25,01:39:00,WashingtonDC1D,38.872,-77.013
2616,5D72571,Multiple_Gunshots,2017-06-25,02:04:11,WashingtonDC5D,38.928,-76.973
2617,7D228769,Multiple_Gunshots,2017-06-25,02:21:16,WashingtonDC7D,38.838,-76.998
2618,7D228772,Multiple_Gunshots,2017-06-25,04:07:00,WashingtonDC7D,38.839,-76.997
2619,6D180833,Single_Gunshot,2017-06-25,14:49:57,WashingtonDC6D,38.883,-76.936
2620,7D228831,Multiple_Gunshots,2017-06-25,15:51:26,WashingtonDC7D,38.846,-76.996
2621,7D228837,Single_Gunshot,2017-06-25,15:59:56,WashingtonDC7D,38.844,-76.987
2622,6D180843,Single_Gunshot,2017-06-25,16:43:55,WashingtonDC6D,38.889,-76.951
2623,6D180844,Single_Gunshot,2017-06-25,16:44:27,WashingtonDC6D,38.889,-76.951
2624,7D228890,Single_Gunshot,2017-06-25,18:34:12,WashingtonDC7D,38.829,-76.993
2625,7D228919,Gunshot_or_Firecracker,2017-06-25,19:50:28,WashingtonDC7D,38.826,-77.003
2626,7D228945,Gunshot_or_Firecracker,2017-06-25,20:29:10,WashingtonDC7D,38.832,-76.994
2627,6D180879,Multiple_Gunshots,2017-06-25,21:11:21,WashingtonDC6D,38.891,-76.953
2628,6D180882,Multiple_Gunshots,2017-06-25,21:11:28,WashingtonDC6D,38.891,-76.953
2629,7D229170,Single_Gunshot,2017-06-25,23:18:31,WashingtonDC7D,38.842,-76.987
2630,6D180987,Multiple_Gunshots,2017-06-25,23:53:48,WashingtonDC6D,38.867,-76.972
2631,7D229188,Multiple_Gunshots,2017-06-25,23:56:51,WashingtonDC7D,38.856,-76.972
2632,5D72632,Multiple_Gunshots,2017-06-26,00:04:52,WashingtonDC5D,38.896,-76.983
2633,6D181002,Single_Gunshot,2017-06-26,01:01:12,WashingtonDC6D,38.909,-76.931
2634,6D181004,Multiple_Gunshots,2017-06-26,01:44:06,WashingtonDC6D,38.913,-76.936
2635,6D181008,Multiple_Gunshots,2017-06-26,02:39:04,WashingtonDC6D,38.892,-76.956
2636,7D229200,Gunshot_or_Firecracker,2017-06-26,02:47:32,WashingtonDC7D,38.86,-76.995
2637,7D229212,Gunshot_or_Firecracker,2017-06-26,14:05:20,WashingtonDC7D,38.825,-77.002
2638,7D229244,Multiple_Gunshots,2017-06-26,16:00:10,WashingtonDC7D,38.846,-76.984
2639,6D181029,Gunshot_or_Firecracker,2017-06-26,18:19:20,WashingtonDC6D,38.894,-76.925
2640,7D229317,Gunshot_or_Firecracker,2017-06-26,19:03:01,WashingtonDC7D,38.854,-76.967
2641,6D181044,Gunshot_or_Firecracker,2017-06-26,19:39:12,WashingtonDC6D,38.896,-76.916
2642,7D229395,Multiple_Gunshots,2017-06-26,19:51:00,WashingtonDC7D,38.833,-76.992
2643,7D229465,Single_Gunshot,2017-06-26,20:35:51,WashingtonDC7D,38.848,-76.976
2644,6D181073,Multiple_Gunshots,2017-06-26,20:47:23,WashingtonDC6D,38.877,-76.967
2645,7D229490,Multiple_Gunshots,2017-06-26,20:47:38,WashingtonDC7D,38.845,-76.982
2646,7D229510,Single_Gunshot,2017-06-26,20:53:48,WashingtonDC7D,38.836,-77.003
2647,7D229511,Gunshot_or_Firecracker,2017-06-26,20:53:51,WashingtonDC7D,38.836,-77.003
2648,7D229542,Multiple_Gunshots,2017-06-26,21:07:49,WashingtonDC7D,38.837,-77.004
2649,7D229555,Single_Gunshot,2017-06-26,21:15:51,WashingtonDC7D,38.836,-77.006
2650,1D86380,Multiple_Gunshots,2017-06-26,21:20:25,WashingtonDC1D,38.879,-77.015
2651,1D86384,Multiple_Gunshots,2017-06-26,21:35:30,WashingtonDC1D,38.878,-77.015
2652,1D86388,Multiple_Gunshots,2017-06-26,21:37:17,WashingtonDC1D,38.878,-77.015
2653,7D229638,Single_Gunshot,2017-06-26,22:27:23,WashingtonDC7D,38.827,-77.003
2654,6D181108,Multiple_Gunshots,2017-06-26,23:05:32,WashingtonDC6D,38.887,-76.919
2655,7D229661,Multiple_Gunshots,2017-06-26,23:19:33,WashingtonDC7D,38.838,-76.997
2656,5D72717,Multiple_Gunshots,2017-06-26,23:49:54,WashingtonDC5D,38.925,-76.972
2657,6D181114,Multiple_Gunshots,2017-06-26,23:55:34,WashingtonDC6D,38.886,-76.926
2658,6D181136,Gunshot_or_Firecracker,2017-06-27,11:23:39,WashingtonDC6D,38.887,-76.934
2659,7D229796,Gunshot_or_Firecracker,2017-06-27,18:13:12,WashingtonDC7D,38.842,-77.002
2660,7D229864,Single_Gunshot,2017-06-27,19:49:47,WashingtonDC7D,38.848,-76.98
2661,7D229889,Single_Gunshot,2017-06-27,20:16:56,WashingtonDC7D,38.844,-76.979
2662,7D229891,Single_Gunshot,2017-06-27,20:17:01,WashingtonDC7D,38.844,-76.978
2663,7D230003,Gunshot_or_Firecracker,2017-06-27,21:15:09,WashingtonDC7D,38.832,-76.992
2664,7D230080,Multiple_Gunshots,2017-06-27,21:44:24,WashingtonDC7D,38.829,-76.993
2665,7D230096,Multiple_Gunshots,2017-06-27,21:50:40,WashingtonDC7D,38.845,-76.982
2666,7D230119,Multiple_Gunshots,2017-06-27,21:58:51,WashingtonDC7D,38.829,-76.993
2667,5D72821,Gunshot_or_Firecracker,2017-06-28,01:18:16,WashingtonDC5D,38.934,-76.966
2668,7D230189,Gunshot_or_Firecracker,2017-06-28,01:40:19,WashingtonDC7D,38.829,-77.001
2669,5D72836,Gunshot_or_Firecracker,2017-06-28,14:09:46,WashingtonDC5D,38.907,-76.986
2670,5D72840,Multiple_Gunshots,2017-06-28,14:53:42,WashingtonDC5D,38.903,-76.979
2671,7D230276,Single_Gunshot,2017-06-28,17:24:40,WashingtonDC7D,38.848,-76.974
2672,7D230443,Multiple_Gunshots,2017-06-28,20:24:21,WashingtonDC7D,38.827,-77.0
2673,7D230463,Single_Gunshot,2017-06-28,20:45:58,WashingtonDC7D,38.848,-76.976
2674,1D86475,Multiple_Gunshots,2017-06-28,22:08:40,WashingtonDC1D,38.873,-77.014
2675,7D230756,Multiple_Gunshots,2017-06-28,22:45:50,WashingtonDC7D,38.828,-77.003
2676,6D181424,Multiple_Gunshots,2017-06-29,00:17:18,WashingtonDC6D,38.9,-76.937
2677,7D230788,Multiple_Gunshots,2017-06-29,00:45:14,WashingtonDC7D,38.855,-76.969
2678,7D230789,Multiple_Gunshots,2017-06-29,00:45:20,WashingtonDC7D,38.855,-76.969
2679,7D230790,Multiple_Gunshots,2017-06-29,00:45:28,WashingtonDC7D,38.855,-76.97
2680,7D230791,Multiple_Gunshots,2017-06-29,00:45:30,WashingtonDC7D,38.855,-76.97
2681,7D230792,Multiple_Gunshots,2017-06-29,00:45:36,WashingtonDC7D,38.855,-76.969
2682,7D230793,Multiple_Gunshots,2017-06-29,00:45:41,WashingtonDC7D,38.856,-76.968
2683,7D230802,Multiple_Gunshots,2017-06-29,01:45:56,WashingtonDC7D,38.83,-76.993
2684,7D230803,Multiple_Gunshots,2017-06-29,01:45:59,WashingtonDC7D,38.831,-76.994
2685,7D230804,Multiple_Gunshots,2017-06-29,01:46:06,WashingtonDC7D,38.829,-76.993
2686,5D72913,Multiple_Gunshots,2017-06-29,10:04:49,WashingtonDC5D,38.934,-76.97
2687,1D86547,Multiple_Gunshots,2017-06-29,22:22:23,WashingtonDC1D,38.872,-77.012
2688,7D231227,Multiple_Gunshots,2017-06-29,22:33:32,WashingtonDC7D,38.837,-77.005
2689,7D231231,Multiple_Gunshots,2017-06-29,22:37:28,WashingtonDC7D,38.838,-77.003
2690,4D59652,Multiple_Gunshots,2017-06-29,23:54:45,WashingtonDC4D,38.949,-77.025
2691,7D231322,Gunshot_or_Firecracker,2017-06-30,00:17:33,WashingtonDC7D,38.842,-76.99
2692,6D181579,Multiple_Gunshots,2017-06-30,00:22:28,WashingtonDC6D,38.88,-76.927
2693,7D231330,Multiple_Gunshots,2017-06-30,00:29:40,WashingtonDC7D,38.846,-76.973
2694,6D181580,Single_Gunshot,2017-06-30,00:31:46,WashingtonDC6D,38.867,-76.98
2695,7D231332,Multiple_Gunshots,2017-06-30,00:33:21,WashingtonDC7D,38.846,-76.973
2696,7D231333,Multiple_Gunshots,2017-06-30,00:34:02,WashingtonDC7D,38.845,-76.973
2697,7D231336,Multiple_Gunshots,2017-06-30,00:44:52,WashingtonDC7D,38.827,-77.002
2698,6D181583,Multiple_Gunshots,2017-06-30,01:58:45,WashingtonDC6D,38.895,-76.926
2699,1D86551,Multiple_Gunshots,2017-06-30,02:01:07,WashingtonDC1D,38.868,-77.011
2700,6D181584,Multiple_Gunshots,2017-06-30,02:04:05,WashingtonDC6D,38.896,-76.928
2701,6D181653,Single_Gunshot,2017-06-30,19:31:30,WashingtonDC6D,38.893,-76.929
2702,7D231818,Multiple_Gunshots,2017-06-30,21:11:24,WashingtonDC7D,38.842,-76.994
2703,6D181775,Multiple_Gunshots,2017-06-30,21:15:05,WashingtonDC6D,38.877,-76.93
2704,6D181808,Multiple_Gunshots,2017-06-30,21:24:37,WashingtonDC6D,38.882,-76.926
2705,6D181810,Multiple_Gunshots,2017-06-30,21:24:42,WashingtonDC6D,38.882,-76.926
2706,3D63093,Gunshot_or_Firecracker,2017-06-30,22:23:04,WashingtonDC3D,38.907,-77.021
2707,7D232102,Single_Gunshot,2017-06-30,22:38:00,WashingtonDC7D,38.826,-77.003
2708,1D86685,Multiple_Gunshots,2017-06-30,22:56:05,WashingtonDC1D,38.879,-77.014
2709,1D86687,Single_Gunshot,2017-06-30,22:56:12,WashingtonDC1D,38.879,-77.014
2710,6D182068,Multiple_Gunshots,2017-06-30,23:27:21,WashingtonDC6D,38.912,-76.935
2711,6D182070,Multiple_Gunshots,2017-06-30,23:27:25,WashingtonDC6D,38.912,-76.935
2712,6D182071,Multiple_Gunshots,2017-06-30,23:31:10,WashingtonDC6D,38.895,-76.939
2713,1D86727,Multiple_Gunshots,2017-06-30,23:49:03,WashingtonDC1D,38.9,-76.985
2714,3D63125,Single_Gunshot,2017-06-30,23:49:12,WashingtonDC3D,38.912,-77.026
2715,1D86730,Gunshot_or_Firecracker,2017-06-30,23:49:20,WashingtonDC1D,38.9,-76.985
2716,7D232403,Gunshot_or_Firecracker,2017-07-01,00:03:13,WashingtonDC7D,38.845,-76.984
2717,7D232405,Single_Gunshot,2017-07-01,00:03:29,WashingtonDC7D,38.845,-76.984
2718,7D232409,Multiple_Gunshots,2017-07-01,00:04:38,WashingtonDC7D,38.834,-77.0
2719,3D63130,Single_Gunshot,2017-07-01,00:13:18,WashingtonDC3D,38.928,-77.025
2720,3D63131,Single_Gunshot,2017-07-01,00:13:19,WashingtonDC3D,38.928,-77.025
2721,3D63132,Single_Gunshot,2017-07-01,00:13:20,WashingtonDC3D,38.928,-77.025
2722,3D63133,Multiple_Gunshots,2017-07-01,00:13:23,WashingtonDC3D,38.928,-77.025
2723,3D63134,Single_Gunshot,2017-07-01,00:13:30,WashingtonDC3D,38.928,-77.025
2724,3D63135,Multiple_Gunshots,2017-07-01,00:13:32,WashingtonDC3D,38.928,-77.025
2725,7D232479,Single_Gunshot,2017-07-01,01:10:40,WashingtonDC7D,38.844,-76.974
2726,7D232481,Multiple_Gunshots,2017-07-01,01:10:50,WashingtonDC7D,38.843,-76.974
2727,6D182105,Multiple_Gunshots,2017-07-01,01:16:07,WashingtonDC6D,38.894,-76.948
2728,7D232513,Multiple_Gunshots,2017-07-01,01:44:43,WashingtonDC7D,38.828,-77.003
2729,7D232531,Multiple_Gunshots,2017-07-01,02:13:15,WashingtonDC7D,38.827,-77.0
2730,6D182134,Single_Gunshot,2017-07-01,02:32:33,WashingtonDC6D,38.9,-76.941
2731,7D232543,Gunshot_or_Firecracker,2017-07-01,02:56:10,WashingtonDC7D,38.857,-76.973
2732,7D232555,Single_Gunshot,2017-07-01,03:59:31,WashingtonDC7D,38.848,-76.976
2733,7D232566,Single_Gunshot,2017-07-01,04:44:29,WashingtonDC7D,38.864,-76.983
2734,7D232802,Single_Gunshot,2017-07-01,17:54:19,WashingtonDC7D,38.846,-76.973
2735,7D232807,Single_Gunshot,2017-07-01,18:02:12,WashingtonDC7D,38.864,-76.981
2736,6D182319,Gunshot_or_Firecracker,2017-07-01,19:16:54,WashingtonDC6D,38.892,-76.923
2737,4D59832,Gunshot_or_Firecracker,2017-07-01,20:22:10,WashingtonDC4D,38.956,-77.028
2738,6D182460,Multiple_Gunshots,2017-07-01,20:33:00,WashingtonDC6D,38.896,-76.917
2739,7D233890,Multiple_Gunshots,2017-07-01,22:48:14,WashingtonDC7D,38.847,-76.981
2740,7D234058,Multiple_Gunshots,2017-07-01,23:31:27,WashingtonDC7D,38.827,-77.002
2741,7D234237,Multiple_Gunshots,2017-07-02,00:43:41,WashingtonDC7D,38.828,-77.002
2742,5D73777,Multiple_Gunshots,2017-07-02,01:06:55,WashingtonDC5D,38.932,-76.962
2743,5D73778,Gunshot_or_Firecracker,2017-07-02,01:08:05,WashingtonDC5D,38.931,-76.962
2744,5D73806,Multiple_Gunshots,2017-07-02,02:03:39,WashingtonDC5D,38.904,-76.982
2745,7D234344,Multiple_Gunshots,2017-07-02,02:28:09,WashingtonDC7D,38.838,-76.997
2746,5D73824,Single_Gunshot,2017-07-02,03:10:13,WashingtonDC5D,38.907,-76.985
2747,5D73825,Multiple_Gunshots,2017-07-02,03:10:16,WashingtonDC5D,38.907,-76.985
2748,5D73830,Multiple_Gunshots,2017-07-02,03:13:12,WashingtonDC5D,38.907,-76.985
2749,5D73832,Multiple_Gunshots,2017-07-02,03:13:17,WashingtonDC5D,38.907,-76.985
2750,5D73833,Multiple_Gunshots,2017-07-02,03:13:27,WashingtonDC5D,38.907,-76.984
2751,5D73835,Multiple_Gunshots,2017-07-02,03:13:37,WashingtonDC5D,38.907,-76.984
2752,7D234361,Gunshot_or_Firecracker,2017-07-02,04:30:54,WashingtonDC7D,38.829,-76.992
2753,7D234362,Gunshot_or_Firecracker,2017-07-02,04:31:03,WashingtonDC7D,38.829,-76.992
2754,7D234366,Multiple_Gunshots,2017-07-02,04:33:42,WashingtonDC7D,38.832,-76.997
2755,7D234452,Multiple_Gunshots,2017-07-02,14:04:17,WashingtonDC7D,38.826,-76.999
2756,7D235002,Single_Gunshot,2017-07-02,19:31:14,WashingtonDC7D,38.849,-76.971
2757,7D235003,Single_Gunshot,2017-07-02,19:31:18,WashingtonDC7D,38.849,-76.971
2758,6D184151,Multiple_Gunshots,2017-07-02,20:21:57,WashingtonDC6D,38.893,-76.912
2759,6D184153,Multiple_Gunshots,2017-07-02,20:22:30,WashingtonDC6D,38.868,-76.973
2760,6D184317,Multiple_Gunshots,2017-07-02,20:59:17,WashingtonDC6D,38.902,-76.932
2761,6D184337,Multiple_Gunshots,2017-07-02,21:02:53,WashingtonDC6D,38.877,-76.959
2762,7D235449,Multiple_Gunshots,2017-07-02,21:10:15,WashingtonDC7D,38.844,-76.981
2763,7D235450,Multiple_Gunshots,2017-07-02,21:10:23,WashingtonDC7D,38.844,-76.981
2764,6D184387,Multiple_Gunshots,2017-07-02,21:12:40,WashingtonDC6D,38.891,-76.922
2765,6D184416,Gunshot_or_Firecracker,2017-07-02,21:17:02,WashingtonDC6D,38.866,-76.986
2766,4D60561,Gunshot_or_Firecracker,2017-07-02,21:20:55,WashingtonDC4D,38.954,-77.018
2767,6D184443,Multiple_Gunshots,2017-07-02,21:21:13,WashingtonDC6D,38.868,-76.968
2768,6D184448,Multiple_Gunshots,2017-07-02,21:21:35,WashingtonDC6D,38.883,-76.923
2769,7D235550,Multiple_Gunshots,2017-07-02,21:24:04,WashingtonDC7D,38.84,-76.996
2770,7D235552,Multiple_Gunshots,2017-07-02,21:24:11,WashingtonDC7D,38.84,-76.996
2771,7D235759,Gunshot_or_Firecracker,2017-07-02,21:56:31,WashingtonDC7D,38.849,-76.975
2772,5D74310,Multiple_Gunshots,2017-07-02,21:56:44,WashingtonDC5D,38.919,-77.014
2773,7D235795,Single_Gunshot,2017-07-02,22:02:29,WashingtonDC7D,38.827,-76.997
2774,5D74327,Gunshot_or_Firecracker,2017-07-02,22:03:15,WashingtonDC5D,38.905,-76.989
2775,7D235813,Single_Gunshot,2017-07-02,22:04:39,WashingtonDC7D,38.843,-77.003
2776,7D236033,Multiple_Gunshots,2017-07-02,22:47:34,WashingtonDC7D,38.829,-77.006
2777,7D236034,Multiple_Gunshots,2017-07-02,22:47:37,WashingtonDC7D,38.829,-77.006
2778,7D236036,Multiple_Gunshots,2017-07-02,22:47:42,WashingtonDC7D,38.829,-77.006
2779,7D236037,Multiple_Gunshots,2017-07-02,22:47:47,WashingtonDC7D,38.829,-77.006
2780,7D236038,Multiple_Gunshots,2017-07-02,22:47:51,WashingtonDC7D,38.829,-77.006
2781,7D236062,Multiple_Gunshots,2017-07-02,22:52:02,WashingtonDC7D,38.829,-77.006
2782,7D236066,Multiple_Gunshots,2017-07-02,22:52:19,WashingtonDC7D,38.829,-77.006
2783,3D63881,Gunshot_or_Firecracker,2017-07-02,22:58:00,WashingtonDC3D,38.926,-77.024
2784,4D60742,Gunshot_or_Firecracker,2017-07-02,22:58:02,WashingtonDC4D,38.944,-77.026
2785,7D236115,Multiple_Gunshots,2017-07-02,23:04:07,WashingtonDC7D,38.845,-77.001
2786,6D184964,Multiple_Gunshots,2017-07-02,23:24:13,WashingtonDC6D,38.881,-76.929
2787,7D236264,Multiple_Gunshots,2017-07-02,23:39:59,WashingtonDC7D,38.834,-76.995
2788,6D185005,Multiple_Gunshots,2017-07-02,23:42:19,WashingtonDC6D,38.89,-76.953
2789,4D60767,Single_Gunshot,2017-07-02,23:52:12,WashingtonDC4D,38.94,-77.026
2790,7D236311,Multiple_Gunshots,2017-07-02,23:59:12,WashingtonDC7D,38.827,-76.999
2791,6D185032,Single_Gunshot,2017-07-03,00:05:35,WashingtonDC6D,38.872,-76.952
2792,1D87402,Multiple_Gunshots,2017-07-03,00:18:46,WashingtonDC1D,38.878,-77.015
2793,1D87403,Multiple_Gunshots,2017-07-03,00:18:53,WashingtonDC1D,38.878,-77.015
2794,7D236371,Single_Gunshot,2017-07-03,02:58:16,WashingtonDC7D,38.864,-76.983
2795,4D60819,Gunshot_or_Firecracker,2017-07-03,10:33:15,WashingtonDC4D,38.957,-77.026
2796,3D63995,Gunshot_or_Firecracker,2017-07-03,17:34:54,WashingtonDC3D,38.925,-77.032
2797,7D237069,Multiple_Gunshots,2017-07-03,19:24:40,WashingtonDC7D,38.834,-76.993
2798,6D185522,Multiple_Gunshots,2017-07-03,19:53:16,WashingtonDC6D,38.868,-76.966
2799,7D238003,Single_Gunshot,2017-07-03,21:54:51,WashingtonDC7D,38.848,-76.976
2800,6D186604,Multiple_Gunshots,2017-07-03,23:21:20,WashingtonDC6D,38.906,-76.935
2801,7D238933,Multiple_Gunshots,2017-07-04,01:06:35,WashingtonDC7D,38.869,-76.979
2802,6D187066,Multiple_Gunshots,2017-07-04,02:20:48,WashingtonDC6D,38.905,-76.933
2803,7D239015,Multiple_Gunshots,2017-07-04,02:24:16,WashingtonDC7D,38.828,-76.998
2804,7D239016,Multiple_Gunshots,2017-07-04,02:24:18,WashingtonDC7D,38.828,-76.999
2805,7D239018,Multiple_Gunshots,2017-07-04,02:24:25,WashingtonDC7D,38.828,-76.998
2806,6D187072,Multiple_Gunshots,2017-07-04,02:30:58,WashingtonDC6D,38.897,-76.918
2807,3D64708,Single_Gunshot,2017-07-04,02:40:48,WashingtonDC3D,38.93,-77.023
2808,3D64709,Single_Gunshot,2017-07-04,02:41:38,WashingtonDC3D,38.93,-77.023
2809,3D64710,Single_Gunshot,2017-07-04,02:42:41,WashingtonDC3D,38.93,-77.023
2810,3D64711,Single_Gunshot,2017-07-04,02:43:21,WashingtonDC3D,38.93,-77.023
2811,3D64712,Single_Gunshot,2017-07-04,02:43:38,WashingtonDC3D,38.93,-77.023
2812,3D64720,Gunshot_or_Firecracker,2017-07-04,02:52:01,WashingtonDC3D,38.928,-77.03
2813,6D187091,Multiple_Gunshots,2017-07-04,03:08:58,WashingtonDC6D,38.885,-76.95
2814,6D187092,Multiple_Gunshots,2017-07-04,03:08:59,WashingtonDC6D,38.884,-76.944
2815,6D187108,Multiple_Gunshots,2017-07-04,04:38:07,WashingtonDC6D,38.89,-76.958
2816,7D239334,Multiple_Gunshots,2017-07-04,13:36:48,WashingtonDC7D,38.828,-77.001
2817,7D239536,Gunshot_or_Firecracker,2017-07-04,15:19:38,WashingtonDC7D,38.829,-77.002
2818,6D187570,Multiple_Gunshots,2017-07-04,15:41:04,WashingtonDC6D,38.892,-76.941
2819,7D239801,Single_Gunshot,2017-07-04,16:23:46,WashingtonDC7D,38.839,-76.989
2820,6D188844,Multiple_Gunshots,2017-07-04,19:45:51,WashingtonDC6D,38.906,-76.936
2821,6D189230,Multiple_Gunshots,2017-07-04,23:26:57,WashingtonDC6D,38.887,-76.952
2822,3D66179,Gunshot_or_Firecracker,2017-07-05,00:01:36,WashingtonDC3D,38.908,-77.019
2823,4D63589,Single_Gunshot,2017-07-05,00:20:18,WashingtonDC4D,38.947,-77.028
2824,7D241837,Multiple_Gunshots,2017-07-05,00:36:00,WashingtonDC7D,38.846,-76.972
2825,7D242428,Multiple_Gunshots,2017-07-05,02:12:48,WashingtonDC7D,38.827,-77.001
2826,7D242457,Multiple_Gunshots,2017-07-05,02:18:55,WashingtonDC7D,38.842,-76.989
2827,5D78472,Single_Gunshot,2017-07-05,02:28:52,WashingtonDC5D,38.92,-76.977
2828,7D242558,Gunshot_or_Firecracker,2017-07-05,02:56:23,WashingtonDC7D,38.827,-77.001
2829,6D190169,Gunshot_or_Firecracker,2017-07-05,03:17:24,WashingtonDC6D,38.893,-76.926
2830,7D242601,Multiple_Gunshots,2017-07-05,03:20:00,WashingtonDC7D,38.829,-76.993
2831,6D190181,Multiple_Gunshots,2017-07-05,03:47:12,WashingtonDC6D,38.893,-76.925
2832,6D190227,Multiple_Gunshots,2017-07-05,10:57:43,WashingtonDC6D,38.884,-76.942
2833,5D78879,Multiple_Gunshots,2017-07-05,20:27:49,WashingtonDC5D,38.911,-77.005
2834,6D191289,Single_Gunshot,2017-07-05,21:54:06,WashingtonDC6D,38.893,-76.925
2835,4D64271,Multiple_Gunshots,2017-07-05,22:20:30,WashingtonDC4D,38.933,-77.025
2836,7D244636,Multiple_Gunshots,2017-07-05,23:15:11,WashingtonDC7D,38.858,-76.994
2837,4D64364,Single_Gunshot,2017-07-06,03:23:01,WashingtonDC4D,38.934,-77.033
2838,1D90706,Single_Gunshot,2017-07-06,04:15:41,WashingtonDC1D,38.877,-77.011
2839,6D191972,Multiple_Gunshots,2017-07-06,19:41:49,WashingtonDC6D,38.877,-76.961
2840,7D245510,Single_Gunshot,2017-07-06,20:20:52,WashingtonDC7D,38.851,-76.973
2841,6D192173,Gunshot_or_Firecracker,2017-07-06,20:41:13,WashingtonDC6D,38.886,-76.929
2842,7D245741,Multiple_Gunshots,2017-07-06,21:09:14,WashingtonDC7D,38.851,-76.971
2843,5D79417,Gunshot_or_Firecracker,2017-07-06,21:24:35,WashingtonDC5D,38.895,-76.979
2844,7D245910,Multiple_Gunshots,2017-07-06,21:45:26,WashingtonDC7D,38.83,-76.997
2845,5D79447,Multiple_Gunshots,2017-07-06,21:47:38,WashingtonDC5D,38.907,-76.987
2846,7D245928,Multiple_Gunshots,2017-07-06,21:50:45,WashingtonDC7D,38.827,-77.001
2847,7D245978,Gunshot_or_Firecracker,2017-07-06,22:05:10,WashingtonDC7D,38.858,-76.997
2848,7D245982,Single_Gunshot,2017-07-06,22:08:14,WashingtonDC7D,38.848,-76.983
2849,4D64463,Single_Gunshot,2017-07-06,22:21:14,WashingtonDC4D,38.93,-77.018
2850,7D246147,Multiple_Gunshots,2017-07-06,23:10:36,WashingtonDC7D,38.827,-76.997
2851,7D246151,Multiple_Gunshots,2017-07-06,23:12:07,WashingtonDC7D,38.829,-76.999
2852,7D246186,Multiple_Gunshots,2017-07-06,23:46:46,WashingtonDC7D,38.856,-76.972
2853,7D246187,Single_Gunshot,2017-07-06,23:46:52,WashingtonDC7D,38.856,-76.972
2854,6D192710,Multiple_Gunshots,2017-07-07,15:13:48,WashingtonDC6D,38.897,-76.922
2855,6D193018,Multiple_Gunshots,2017-07-07,21:05:04,WashingtonDC6D,38.877,-76.961
2856,7D246775,Multiple_Gunshots,2017-07-07,21:53:48,WashingtonDC7D,38.839,-76.99
2857,7D246820,Multiple_Gunshots,2017-07-07,22:06:37,WashingtonDC7D,38.842,-76.981
2858,1D91097,Multiple_Gunshots,2017-07-07,22:28:30,WashingtonDC1D,38.878,-77.015
2859,1D91098,Multiple_Gunshots,2017-07-07,22:28:36,WashingtonDC1D,38.878,-77.015
2860,6D193248,Multiple_Gunshots,2017-07-07,22:29:40,WashingtonDC6D,38.911,-76.935
2861,7D247004,Multiple_Gunshots,2017-07-07,22:53:49,WashingtonDC7D,38.84,-77.001
2862,6D193407,Multiple_Gunshots,2017-07-07,23:55:43,WashingtonDC6D,38.881,-76.935
2863,5D79879,Multiple_Gunshots,2017-07-08,00:03:44,WashingtonDC5D,38.924,-76.972
2864,6D193430,Multiple_Gunshots,2017-07-08,00:10:00,WashingtonDC6D,38.9,-76.945
2865,7D247170,Single_Gunshot,2017-07-08,00:26:45,WashingtonDC7D,38.85,-76.974
2866,5D79888,Single_Gunshot,2017-07-08,01:29:13,WashingtonDC5D,38.902,-76.984
2867,7D247231,Multiple_Gunshots,2017-07-08,01:44:18,WashingtonDC7D,38.842,-76.987
2868,7D247232,Multiple_Gunshots,2017-07-08,01:44:19,WashingtonDC7D,38.842,-76.986
2869,6D193458,Single_Gunshot,2017-07-08,01:45:59,WashingtonDC6D,38.882,-76.937
2870,6D193475,Single_Gunshot,2017-07-08,02:33:00,WashingtonDC6D,38.871,-76.964
2871,7D247246,Single_Gunshot,2017-07-08,02:56:14,WashingtonDC7D,38.828,-76.999
2872,6D193505,Multiple_Gunshots,2017-07-08,13:14:25,WashingtonDC6D,38.893,-76.951
2873,7D247342,Multiple_Gunshots,2017-07-08,15:32:50,WashingtonDC7D,38.862,-76.993
2874,7D247494,Gunshot_or_Firecracker,2017-07-08,19:58:00,WashingtonDC7D,38.846,-76.978
2875,6D193591,Multiple_Gunshots,2017-07-08,20:13:04,WashingtonDC6D,38.892,-76.954
2876,7D247769,Multiple_Gunshots,2017-07-08,21:32:48,WashingtonDC7D,38.867,-76.988
2877,7D247776,Multiple_Gunshots,2017-07-08,21:33:35,WashingtonDC7D,38.867,-76.988
2878,7D247859,Multiple_Gunshots,2017-07-08,21:52:13,WashingtonDC7D,38.842,-76.993
2879,7D247914,Multiple_Gunshots,2017-07-08,22:01:31,WashingtonDC7D,38.863,-76.995
2880,7D247915,Multiple_Gunshots,2017-07-08,22:01:36,WashingtonDC7D,38.863,-76.994
2881,6D193988,Multiple_Gunshots,2017-07-08,22:08:18,WashingtonDC6D,38.878,-76.963
2882,1D91331,Multiple_Gunshots,2017-07-08,22:41:36,WashingtonDC1D,38.875,-77.011
2883,7D248151,Multiple_Gunshots,2017-07-08,22:42:53,WashingtonDC7D,38.861,-76.991
2884,1D91333,Multiple_Gunshots,2017-07-08,22:43:00,WashingtonDC1D,38.875,-77.011
2885,7D248166,Multiple_Gunshots,2017-07-08,22:44:39,WashingtonDC7D,38.865,-76.987
2886,6D194206,Multiple_Gunshots,2017-07-08,23:32:10,WashingtonDC6D,38.873,-76.976
2887,1D91413,Multiple_Gunshots,2017-07-09,00:05:28,WashingtonDC1D,38.872,-77.013
2888,5D80333,Single_Gunshot,2017-07-09,00:25:34,WashingtonDC5D,38.913,-76.984
2889,7D248500,Multiple_Gunshots,2017-07-09,00:36:28,WashingtonDC7D,38.833,-76.988
2890,7D248521,Single_Gunshot,2017-07-09,00:59:00,WashingtonDC7D,38.861,-76.987
2891,5D80349,Multiple_Gunshots,2017-07-09,01:14:19,WashingtonDC5D,38.904,-76.982
2892,7D248534,Multiple_Gunshots,2017-07-09,01:42:06,WashingtonDC7D,38.825,-76.998
2893,7D248535,Multiple_Gunshots,2017-07-09,01:42:12,WashingtonDC7D,38.825,-76.998
2894,7D248539,Single_Gunshot,2017-07-09,01:48:43,WashingtonDC7D,38.849,-76.982
2895,7D248541,Multiple_Gunshots,2017-07-09,01:56:05,WashingtonDC7D,38.835,-76.994
2896,6D194285,Multiple_Gunshots,2017-07-09,03:09:19,WashingtonDC6D,38.895,-76.924
2897,6D194286,Multiple_Gunshots,2017-07-09,03:09:29,WashingtonDC6D,38.895,-76.922
2898,6D194287,Single_Gunshot,2017-07-09,03:09:42,WashingtonDC6D,38.895,-76.922
2899,5D80376,Multiple_Gunshots,2017-07-09,03:43:12,WashingtonDC5D,38.9,-76.976
2900,7D248546,Multiple_Gunshots,2017-07-09,04:02:21,WashingtonDC7D,38.841,-77.001
2901,7D248553,Multiple_Gunshots,2017-07-09,07:28:09,WashingtonDC7D,38.842,-76.988
2902,3D67435,Gunshot_or_Firecracker,2017-07-09,11:31:02,WashingtonDC3D,38.919,-77.016
2903,6D194326,Gunshot_or_Firecracker,2017-07-09,17:06:21,WashingtonDC6D,38.884,-76.934
2904,5D80392,Multiple_Gunshots,2017-07-09,17:09:32,WashingtonDC5D,38.928,-76.976
2905,6D194577,Multiple_Gunshots,2017-07-09,21:24:54,WashingtonDC6D,38.885,-76.951
2906,7D249122,Multiple_Gunshots,2017-07-10,02:41:56,WashingtonDC7D,38.836,-76.994
2907,7D249154,Single_Gunshot,2017-07-10,03:48:08,WashingtonDC7D,38.828,-76.998
2908,7D249170,Multiple_Gunshots,2017-07-10,04:22:14,WashingtonDC7D,38.827,-76.998
2909,7D249218,Multiple_Gunshots,2017-07-10,18:05:41,WashingtonDC7D,38.861,-76.996
2910,6D194889,Multiple_Gunshots,2017-07-10,19:07:25,WashingtonDC6D,38.89,-76.954
2911,7D249388,Multiple_Gunshots,2017-07-10,20:58:01,WashingtonDC7D,38.834,-76.995
2912,7D249389,Multiple_Gunshots,2017-07-10,20:58:09,WashingtonDC7D,38.834,-76.995
2913,7D249437,Multiple_Gunshots,2017-07-10,21:10:37,WashingtonDC7D,38.838,-76.991
2914,5D80716,Single_Gunshot,2017-07-10,22:49:48,WashingtonDC5D,38.929,-76.965
2915,6D195114,Gunshot_or_Firecracker,2017-07-10,23:40:23,WashingtonDC6D,38.902,-76.933
2916,6D195115,Gunshot_or_Firecracker,2017-07-10,23:43:36,WashingtonDC6D,38.901,-76.921
2917,6D195121,Multiple_Gunshots,2017-07-11,00:34:10,WashingtonDC6D,38.887,-76.937
2918,7D249611,Multiple_Gunshots,2017-07-11,00:36:23,WashingtonDC7D,38.828,-77.002
2919,7D249612,Single_Gunshot,2017-07-11,00:36:52,WashingtonDC7D,38.828,-77.003
2920,6D195127,Multiple_Gunshots,2017-07-11,01:37:39,WashingtonDC6D,38.877,-76.932
2921,6D195129,Gunshot_or_Firecracker,2017-07-11,01:52:40,WashingtonDC6D,38.888,-76.937
2922,7D249648,Multiple_Gunshots,2017-07-11,03:16:33,WashingtonDC7D,38.847,-76.973
2923,7D249649,Multiple_Gunshots,2017-07-11,05:52:08,WashingtonDC7D,38.846,-76.973
2924,6D195164,Gunshot_or_Firecracker,2017-07-11,19:06:30,WashingtonDC6D,38.888,-76.924
2925,7D249727,Multiple_Gunshots,2017-07-11,19:19:20,WashingtonDC7D,38.864,-76.987
2926,7D249740,Multiple_Gunshots,2017-07-11,19:52:02,WashingtonDC7D,38.833,-76.998
2927,7D249891,Multiple_Gunshots,2017-07-11,22:24:53,WashingtonDC7D,38.827,-77.005
2928,5D80782,Multiple_Gunshots,2017-07-11,22:54:11,WashingtonDC5D,38.911,-76.987
2929,7D249921,Multiple_Gunshots,2017-07-11,23:19:18,WashingtonDC7D,38.826,-76.997
2930,7D249983,Single_Gunshot,2017-07-12,03:32:39,WashingtonDC7D,38.866,-76.981
2931,6D195322,Single_Gunshot,2017-07-12,03:32:39,WashingtonDC6D,38.866,-76.981
2932,7D249985,Multiple_Gunshots,2017-07-12,03:50:39,WashingtonDC7D,38.859,-76.993
2933,7D250013,Multiple_Gunshots,2017-07-12,15:30:02,WashingtonDC7D,38.829,-76.993
2934,7D250044,Single_Gunshot,2017-07-12,18:26:57,WashingtonDC7D,38.848,-76.98
2935,6D195370,Gunshot_or_Firecracker,2017-07-12,18:37:54,WashingtonDC6D,38.88,-76.937
2936,7D250131,Multiple_Gunshots,2017-07-12,21:49:28,WashingtonDC7D,38.847,-77.0
2937,1D91622,Multiple_Gunshots,2017-07-12,22:24:16,WashingtonDC1D,38.874,-77.007
2938,1D91624,Multiple_Gunshots,2017-07-12,22:24:19,WashingtonDC1D,38.874,-77.007
2939,1D91623,Single_Gunshot,2017-07-12,22:24:19,WashingtonDC1D,38.874,-77.007
2940,1D91627,Multiple_Gunshots,2017-07-12,22:24:41,WashingtonDC1D,38.874,-77.007
2941,1D91639,Multiple_Gunshots,2017-07-12,22:26:48,WashingtonDC1D,38.874,-77.007
2942,7D250167,Multiple_Gunshots,2017-07-12,22:45:37,WashingtonDC7D,38.859,-76.997
2943,7D250179,Multiple_Gunshots,2017-07-12,23:23:16,WashingtonDC7D,38.833,-76.992
2944,6D195520,Single_Gunshot,2017-07-13,00:06:46,WashingtonDC6D,38.905,-76.942
2945,6D195523,Multiple_Gunshots,2017-07-13,00:12:52,WashingtonDC6D,38.877,-76.933
2946,3D67538,Single_Gunshot,2017-07-13,00:39:37,WashingtonDC3D,38.929,-77.028
2947,7D250186,Multiple_Gunshots,2017-07-13,01:05:56,WashingtonDC7D,38.837,-76.992
2948,7D250202,Multiple_Gunshots,2017-07-13,15:07:58,WashingtonDC7D,38.843,-77.0
2949,7D250208,Single_Gunshot,2017-07-13,16:50:57,WashingtonDC7D,38.846,-76.972
2950,7D250229,Single_Gunshot,2017-07-13,19:26:06,WashingtonDC7D,38.831,-76.996
2951,6D195559,Gunshot_or_Firecracker,2017-07-13,20:19:22,WashingtonDC6D,38.911,-76.938
2952,7D250362,Single_Gunshot,2017-07-13,23:13:18,WashingtonDC7D,38.837,-77.003
2953,7D250491,Single_Gunshot,2017-07-14,21:15:47,WashingtonDC7D,38.865,-76.982
2954,6D195712,Multiple_Gunshots,2017-07-14,22:45:16,WashingtonDC6D,38.894,-76.95
2955,6D195763,Multiple_Gunshots,2017-07-14,23:36:55,WashingtonDC6D,38.903,-76.925
2956,6D195764,Multiple_Gunshots,2017-07-14,23:37:05,WashingtonDC6D,38.903,-76.926
2957,7D250615,Single_Gunshot,2017-07-15,02:13:06,WashingtonDC7D,38.849,-76.978
2958,7D250617,Multiple_Gunshots,2017-07-15,03:16:48,WashingtonDC7D,38.826,-77.002
2959,3D67574,Gunshot_or_Firecracker,2017-07-15,04:33:43,WashingtonDC3D,38.918,-77.026
2960,3D67575,Single_Gunshot,2017-07-15,04:33:52,WashingtonDC3D,38.918,-77.026
2961,3D67576,Gunshot_or_Firecracker,2017-07-15,04:33:55,WashingtonDC3D,38.918,-77.026
2962,5D80921,Multiple_Gunshots,2017-07-15,21:34:55,WashingtonDC5D,38.93,-76.972
2963,7D250849,Single_Gunshot,2017-07-16,00:34:50,WashingtonDC7D,38.835,-76.987
2964,4D65108,Multiple_Gunshots,2017-07-16,02:57:21,WashingtonDC4D,38.955,-77.018
2965,6D196008,Single_Gunshot,2017-07-16,02:58:23,WashingtonDC6D,38.872,-76.969
2966,3D67612,Gunshot_or_Firecracker,2017-07-16,03:29:53,WashingtonDC3D,38.916,-77.028
2967,6D196009,Multiple_Gunshots,2017-07-16,03:44:26,WashingtonDC6D,38.885,-76.956
2968,7D250863,Single_Gunshot,2017-07-16,05:04:47,WashingtonDC7D,38.852,-76.966
2969,6D196046,Multiple_Gunshots,2017-07-16,18:10:40,WashingtonDC6D,38.892,-76.94
2970,5D80969,Single_Gunshot,2017-07-16,20:26:59,WashingtonDC5D,38.921,-76.982
2971,7D250918,Multiple_Gunshots,2017-07-16,21:13:56,WashingtonDC7D,38.846,-76.977
2972,7D250936,Multiple_Gunshots,2017-07-16,22:07:14,WashingtonDC7D,38.848,-76.977
2973,7D250951,Single_Gunshot,2017-07-16,23:06:18,WashingtonDC7D,38.862,-76.988
2974,7D250962,Single_Gunshot,2017-07-17,00:58:36,WashingtonDC7D,38.832,-77.003
2975,7D250963,Multiple_Gunshots,2017-07-17,01:04:07,WashingtonDC7D,38.849,-76.969
2976,5D80992,Single_Gunshot,2017-07-17,01:26:48,WashingtonDC5D,38.895,-76.981
2977,7D250965,Multiple_Gunshots,2017-07-17,02:31:58,WashingtonDC7D,38.831,-76.99
2978,7D250966,Single_Gunshot,2017-07-17,03:07:36,WashingtonDC7D,38.865,-76.979
2979,4D65155,Gunshot_or_Firecracker,2017-07-17,05:05:39,WashingtonDC4D,38.952,-77.017
2980,6D196209,Gunshot_or_Firecracker,2017-07-17,05:22:24,WashingtonDC6D,38.894,-76.926
2981,7D251015,Single_Gunshot,2017-07-17,19:01:07,WashingtonDC7D,38.841,-76.989
2982,6D196264,Multiple_Gunshots,2017-07-17,20:36:54,WashingtonDC6D,38.871,-76.98
2983,5D81003,Gunshot_or_Firecracker,2017-07-17,21:15:27,WashingtonDC5D,38.905,-77.009
2984,7D251114,Multiple_Gunshots,2017-07-17,22:05:02,WashingtonDC7D,38.854,-76.973
2985,5D81009,Multiple_Gunshots,2017-07-17,22:16:28,WashingtonDC5D,38.905,-77.01
2986,5D81018,Gunshot_or_Firecracker,2017-07-17,22:24:57,WashingtonDC5D,38.905,-77.011
2987,6D196293,Multiple_Gunshots,2017-07-17,22:42:27,WashingtonDC6D,38.905,-76.938
2988,7D251121,Gunshot_or_Firecracker,2017-07-17,22:51:58,WashingtonDC7D,38.837,-76.993
2989,6D196295,Single_Gunshot,2017-07-17,23:36:03,WashingtonDC6D,38.91,-76.935
2990,5D81021,Gunshot_or_Firecracker,2017-07-18,00:16:11,WashingtonDC5D,38.903,-76.984
2991,6D196297,Multiple_Gunshots,2017-07-18,00:29:27,WashingtonDC6D,38.89,-76.948
2992,7D251140,Multiple_Gunshots,2017-07-18,15:44:44,WashingtonDC7D,38.848,-76.972
2993,7D251145,Gunshot_or_Firecracker,2017-07-18,17:30:20,WashingtonDC7D,38.828,-76.998
2994,7D251201,Single_Gunshot,2017-07-18,19:54:31,WashingtonDC7D,38.827,-77.0
2995,6D196357,Single_Gunshot,2017-07-18,21:00:57,WashingtonDC6D,38.883,-76.927
2996,6D196360,Multiple_Gunshots,2017-07-18,21:11:41,WashingtonDC6D,38.901,-76.94
2997,7D251228,Multiple_Gunshots,2017-07-18,21:28:22,WashingtonDC7D,38.846,-77.0
2998,3D67679,Multiple_Gunshots,2017-07-18,21:30:24,WashingtonDC3D,38.919,-77.018
2999,7D251239,Multiple_Gunshots,2017-07-18,21:55:58,WashingtonDC7D,38.828,-76.999
3000,6D196387,Multiple_Gunshots,2017-07-18,22:25:16,WashingtonDC6D,38.877,-76.933
3001,6D196393,Single_Gunshot,2017-07-18,22:36:07,WashingtonDC6D,38.893,-76.955
3002,6D196402,Multiple_Gunshots,2017-07-18,22:55:12,WashingtonDC6D,38.876,-76.933
3003,5D81043,Single_Gunshot,2017-07-18,23:08:07,WashingtonDC5D,38.899,-76.976
3004,4D65180,Multiple_Gunshots,2017-07-18,23:09:20,WashingtonDC4D,38.945,-77.008
3005,7D251250,Multiple_Gunshots,2017-07-18,23:32:20,WashingtonDC7D,38.846,-76.983
3006,5D81045,Multiple_Gunshots,2017-07-19,01:04:09,WashingtonDC5D,38.901,-76.974
3007,6D196420,Multiple_Gunshots,2017-07-19,01:14:43,WashingtonDC6D,38.893,-76.916
3008,5D81047,Gunshot_or_Firecracker,2017-07-19,01:57:21,WashingtonDC5D,38.921,-76.983
3009,7D251346,Multiple_Gunshots,2017-07-19,21:31:30,WashingtonDC7D,38.86,-76.991
3010,6D196469,Gunshot_or_Firecracker,2017-07-19,22:49:40,WashingtonDC6D,38.906,-76.937
3011,3D67684,Multiple_Gunshots,2017-07-19,22:59:02,WashingtonDC3D,38.927,-77.03
3012,7D251370,Single_Gunshot,2017-07-19,23:04:45,WashingtonDC7D,38.855,-76.979
3013,6D196494,Multiple_Gunshots,2017-07-20,01:21:04,WashingtonDC6D,38.895,-76.926
3014,6D196495,Multiple_Gunshots,2017-07-20,01:24:14,WashingtonDC6D,38.89,-76.924
3015,6D196496,Multiple_Gunshots,2017-07-20,01:24:17,WashingtonDC6D,38.889,-76.926
3016,6D196501,Gunshot_or_Firecracker,2017-07-20,01:39:27,WashingtonDC6D,38.886,-76.933
3017,7D251384,Multiple_Gunshots,2017-07-20,02:45:27,WashingtonDC7D,38.831,-77.006
3018,7D251390,Single_Gunshot,2017-07-20,16:10:55,WashingtonDC7D,38.836,-76.988
3019,6D196515,Single_Gunshot,2017-07-20,19:08:18,WashingtonDC6D,38.903,-76.927
3020,7D251425,Multiple_Gunshots,2017-07-20,22:36:45,WashingtonDC7D,38.869,-76.979
3021,7D251427,Single_Gunshot,2017-07-20,22:44:08,WashingtonDC7D,38.846,-76.973
3022,7D251428,Multiple_Gunshots,2017-07-20,22:48:35,WashingtonDC7D,38.833,-76.992
3023,5D81091,Multiple_Gunshots,2017-07-20,23:11:48,WashingtonDC5D,38.921,-76.982
3024,5D81092,Multiple_Gunshots,2017-07-20,23:12:00,WashingtonDC5D,38.921,-76.981
3025,6D196537,Single_Gunshot,2017-07-20,23:30:25,WashingtonDC6D,38.863,-76.982
3026,7D251440,Multiple_Gunshots,2017-07-20,23:39:28,WashingtonDC7D,38.838,-77.005
3027,6D196540,Multiple_Gunshots,2017-07-21,00:35:37,WashingtonDC6D,38.903,-76.926
3028,7D251459,Multiple_Gunshots,2017-07-21,16:27:25,WashingtonDC7D,38.845,-76.979
3029,7D251476,Multiple_Gunshots,2017-07-21,19:54:08,WashingtonDC7D,38.837,-77.006
3030,6D196573,Single_Gunshot,2017-07-21,20:17:48,WashingtonDC6D,38.882,-76.925
3031,6D196613,Multiple_Gunshots,2017-07-21,21:45:07,WashingtonDC6D,38.878,-76.931
3032,7D251534,Single_Gunshot,2017-07-21,22:47:38,WashingtonDC7D,38.855,-76.97
3033,3D67721,Multiple_Gunshots,2017-07-21,23:25:03,WashingtonDC3D,38.928,-77.033
3034,6D196636,Multiple_Gunshots,2017-07-22,03:45:07,WashingtonDC6D,38.892,-76.932
3035,3D67731,Single_Gunshot,2017-07-22,03:53:49,WashingtonDC3D,38.909,-77.019
3036,6D196646,Gunshot_or_Firecracker,2017-07-22,17:03:00,WashingtonDC6D,38.879,-76.93
3037,4D65224,Gunshot_or_Firecracker,2017-07-22,17:33:50,WashingtonDC4D,38.957,-77.028
3038,3D67740,Multiple_Gunshots,2017-07-22,20:15:39,WashingtonDC3D,38.907,-77.021
3039,3D67741,Multiple_Gunshots,2017-07-22,21:04:41,WashingtonDC3D,38.929,-77.03
3040,7D251669,Multiple_Gunshots,2017-07-22,21:31:01,WashingtonDC7D,38.841,-76.99
3041,6D196784,Gunshot_or_Firecracker,2017-07-22,22:22:20,WashingtonDC6D,38.892,-76.921
3042,7D251742,Single_Gunshot,2017-07-23,01:26:39,WashingtonDC7D,38.867,-76.98
3043,6D196817,Multiple_Gunshots,2017-07-23,07:03:13,WashingtonDC6D,38.879,-76.96
3044,7D251744,Multiple_Gunshots,2017-07-23,07:56:30,WashingtonDC7D,38.847,-76.973
3045,6D196839,Multiple_Gunshots,2017-07-23,18:28:04,WashingtonDC6D,38.881,-76.938
3046,6D196843,Multiple_Gunshots,2017-07-23,19:15:36,WashingtonDC6D,38.896,-76.944
3047,7D251809,Multiple_Gunshots,2017-07-24,00:59:19,WashingtonDC7D,38.854,-76.968
3048,7D251813,Multiple_Gunshots,2017-07-24,11:21:02,WashingtonDC7D,38.85,-76.971
3049,6D196888,Multiple_Gunshots,2017-07-24,15:47:11,WashingtonDC6D,38.881,-76.928
3050,6D196889,Multiple_Gunshots,2017-07-24,15:56:13,WashingtonDC6D,38.894,-76.949
3051,1D91814,Multiple_Gunshots,2017-07-24,19:34:00,WashingtonDC1D,38.898,-76.989
3052,7D251833,Multiple_Gunshots,2017-07-24,19:48:08,WashingtonDC7D,38.855,-76.97
3053,7D251861,Single_Gunshot,2017-07-24,20:59:49,WashingtonDC7D,38.864,-76.99
3054,7D251905,Single_Gunshot,2017-07-24,22:11:55,WashingtonDC7D,38.827,-77.006
3055,7D251919,Multiple_Gunshots,2017-07-24,22:16:59,WashingtonDC7D,38.828,-77.006
3056,5D81230,Multiple_Gunshots,2017-07-24,22:32:08,WashingtonDC5D,38.913,-76.987
3057,5D81231,Multiple_Gunshots,2017-07-24,22:32:13,WashingtonDC5D,38.913,-76.987
3058,7D251932,Single_Gunshot,2017-07-24,22:49:52,WashingtonDC7D,38.833,-76.991
3059,5D81234,Multiple_Gunshots,2017-07-24,22:51:26,WashingtonDC5D,38.92,-76.991
3060,5D81236,Multiple_Gunshots,2017-07-24,23:10:41,WashingtonDC5D,38.907,-76.988
3061,7D251935,Single_Gunshot,2017-07-25,00:39:44,WashingtonDC7D,38.857,-76.973
3062,7D251936,Multiple_Gunshots,2017-07-25,00:40:05,WashingtonDC7D,38.857,-76.973
3063,7D251937,Multiple_Gunshots,2017-07-25,00:40:06,WashingtonDC7D,38.857,-76.973
3064,7D251944,Multiple_Gunshots,2017-07-25,01:52:01,WashingtonDC7D,38.856,-76.969
3065,5D81242,Multiple_Gunshots,2017-07-25,13:20:50,WashingtonDC5D,38.92,-76.98
3066,6D196996,Single_Gunshot,2017-07-25,19:38:57,WashingtonDC6D,38.877,-76.935
3067,6D196997,Gunshot_or_Firecracker,2017-07-25,20:29:20,WashingtonDC6D,38.911,-76.935
3068,6D197020,Gunshot_or_Firecracker,2017-07-25,22:24:28,WashingtonDC6D,38.881,-76.939
3069,7D252039,Single_Gunshot,2017-07-25,22:35:23,WashingtonDC7D,38.866,-76.982
3070,6D197023,Multiple_Gunshots,2017-07-25,22:47:11,WashingtonDC6D,38.881,-76.928
3071,7D252041,Multiple_Gunshots,2017-07-25,23:37:23,WashingtonDC7D,38.855,-76.969
3072,6D197025,Single_Gunshot,2017-07-26,00:08:45,WashingtonDC6D,38.887,-76.952
3073,6D197026,Single_Gunshot,2017-07-26,00:13:39,WashingtonDC6D,38.887,-76.952
3074,5D81250,Single_Gunshot,2017-07-26,01:17:54,WashingtonDC5D,38.904,-76.983
3075,6D197030,Multiple_Gunshots,2017-07-26,02:27:34,WashingtonDC6D,38.885,-76.955
3076,5D81251,Single_Gunshot,2017-07-26,02:59:40,WashingtonDC5D,38.905,-76.991
3077,6D197054,Multiple_Gunshots,2017-07-26,21:17:26,WashingtonDC6D,38.894,-76.917
3078,7D252109,Gunshot_or_Firecracker,2017-07-26,21:49:34,WashingtonDC7D,38.841,-76.989
3079,7D252110,Multiple_Gunshots,2017-07-26,23:26:02,WashingtonDC7D,38.853,-76.966
3080,7D252111,Multiple_Gunshots,2017-07-26,23:26:04,WashingtonDC7D,38.857,-76.968
3081,7D252112,Multiple_Gunshots,2017-07-26,23:26:05,WashingtonDC7D,38.856,-76.968
3082,6D197065,Single_Gunshot,2017-07-26,23:40:54,WashingtonDC6D,38.893,-76.913
3083,5D81274,Multiple_Gunshots,2017-07-26,23:42:12,WashingtonDC5D,38.913,-76.984
3084,7D252115,Multiple_Gunshots,2017-07-27,00:04:18,WashingtonDC7D,38.853,-76.966
3085,6D197067,Single_Gunshot,2017-07-27,00:05:48,WashingtonDC6D,38.899,-76.927
3086,7D252117,Multiple_Gunshots,2017-07-27,00:36:12,WashingtonDC7D,38.856,-76.97
3087,7D252121,Single_Gunshot,2017-07-27,02:18:02,WashingtonDC7D,38.829,-76.993
3088,7D252122,Multiple_Gunshots,2017-07-27,02:21:54,WashingtonDC7D,38.829,-76.996
3089,7D252123,Single_Gunshot,2017-07-27,02:56:35,WashingtonDC7D,38.843,-76.977
3090,6D197068,Single_Gunshot,2017-07-27,04:28:02,WashingtonDC6D,38.894,-76.923
3091,7D252129,Single_Gunshot,2017-07-27,17:10:29,WashingtonDC7D,38.832,-77.007
3092,7D252131,Single_Gunshot,2017-07-27,18:29:34,WashingtonDC7D,38.846,-76.972
3093,7D252154,Multiple_Gunshots,2017-07-28,00:29:51,WashingtonDC7D,38.848,-76.977
3094,6D197116,Multiple_Gunshots,2017-07-28,02:31:08,WashingtonDC6D,38.885,-76.927
3095,6D197125,Gunshot_or_Firecracker,2017-07-28,19:43:15,WashingtonDC6D,38.877,-76.932
3096,6D197128,Gunshot_or_Firecracker,2017-07-28,19:48:41,WashingtonDC6D,38.9,-76.926
3097,7D252177,Single_Gunshot,2017-07-28,23:14:54,WashingtonDC7D,38.842,-76.989
3098,7D252179,Multiple_Gunshots,2017-07-29,01:25:11,WashingtonDC7D,38.864,-76.98
3099,6D197137,Multiple_Gunshots,2017-07-29,04:14:32,WashingtonDC6D,38.893,-76.925
3100,6D197138,Multiple_Gunshots,2017-07-29,04:57:54,WashingtonDC6D,38.886,-76.955
3101,7D252183,Multiple_Gunshots,2017-07-29,12:09:55,WashingtonDC7D,38.835,-76.987
3102,7D252192,Gunshot_or_Firecracker,2017-07-29,17:18:28,WashingtonDC7D,38.846,-76.996
3103,7D252200,Gunshot_or_Firecracker,2017-07-29,17:58:02,WashingtonDC7D,38.828,-77.0
3104,7D252211,Multiple_Gunshots,2017-07-29,19:31:46,WashingtonDC7D,38.847,-77.0
3105,7D252252,Single_Gunshot,2017-07-29,21:24:13,WashingtonDC7D,38.847,-76.976
3106,6D197184,Multiple_Gunshots,2017-07-29,22:09:17,WashingtonDC6D,38.886,-76.955
3107,7D252277,Single_Gunshot,2017-07-29,22:32:54,WashingtonDC7D,38.831,-77.006
3108,7D252279,Gunshot_or_Firecracker,2017-07-29,22:34:01,WashingtonDC7D,38.841,-76.985
3109,7D252282,Multiple_Gunshots,2017-07-29,22:55:51,WashingtonDC7D,38.865,-76.988
3110,7D252283,Multiple_Gunshots,2017-07-29,22:55:58,WashingtonDC7D,38.864,-76.987
3111,6D197187,Multiple_Gunshots,2017-07-29,23:25:19,WashingtonDC6D,38.891,-76.954
3112,6D197198,Multiple_Gunshots,2017-07-30,00:49:30,WashingtonDC6D,38.893,-76.925
3113,6D197201,Gunshot_or_Firecracker,2017-07-30,00:58:56,WashingtonDC6D,38.911,-76.937
3114,6D197202,Multiple_Gunshots,2017-07-30,00:59:14,WashingtonDC6D,38.911,-76.937
3115,6D197203,Multiple_Gunshots,2017-07-30,00:59:31,WashingtonDC6D,38.911,-76.937
3116,6D197206,Multiple_Gunshots,2017-07-30,01:54:12,WashingtonDC6D,38.894,-76.925
3117,6D197207,Multiple_Gunshots,2017-07-30,01:54:21,WashingtonDC6D,38.894,-76.925
3118,4D65357,Multiple_Gunshots,2017-07-30,02:00:28,WashingtonDC4D,38.95,-77.02
3119,5D81326,Gunshot_or_Firecracker,2017-07-30,12:27:42,WashingtonDC5D,38.904,-76.981
3120,5D81328,Single_Gunshot,2017-07-30,17:00:54,WashingtonDC5D,38.91,-77.012
3121,7D252320,Single_Gunshot,2017-07-30,19:35:33,WashingtonDC7D,38.87,-76.978
3122,6D197232,Multiple_Gunshots,2017-07-30,19:49:38,WashingtonDC6D,38.893,-76.951
3123,7D252394,Multiple_Gunshots,2017-07-30,22:21:10,WashingtonDC7D,38.845,-76.999
3124,7D252397,Gunshot_or_Firecracker,2017-07-30,22:24:32,WashingtonDC7D,38.845,-77.002
3125,6D197297,Multiple_Gunshots,2017-07-31,01:22:30,WashingtonDC6D,38.884,-76.938
3126,6D197298,Single_Gunshot,2017-07-31,02:34:15,WashingtonDC6D,38.881,-76.932
3127,7D252427,Multiple_Gunshots,2017-07-31,03:40:39,WashingtonDC7D,38.863,-76.986
3128,6D197299,Single_Gunshot,2017-07-31,03:43:18,WashingtonDC6D,38.884,-76.927
3129,5D81345,Single_Gunshot,2017-07-31,05:51:38,WashingtonDC5D,38.909,-76.988
3130,6D197304,Multiple_Gunshots,2017-07-31,12:25:14,WashingtonDC6D,38.886,-76.951
3131,6D197305,Multiple_Gunshots,2017-07-31,12:25:25,WashingtonDC6D,38.887,-76.951
3132,6D197306,Multiple_Gunshots,2017-07-31,12:25:30,WashingtonDC6D,38.886,-76.952
3133,1D91866,Multiple_Gunshots,2017-07-31,16:52:02,WashingtonDC1D,38.877,-77.02
3134,1D91867,Gunshot_or_Firecracker,2017-07-31,18:11:57,WashingtonDC1D,38.873,-77.018
3135,5D81362,Multiple_Gunshots,2017-07-31,20:30:29,WashingtonDC5D,38.904,-77.012
3136,6D197324,Multiple_Gunshots,2017-07-31,21:19:34,WashingtonDC6D,38.898,-76.943
3137,7D252540,Multiple_Gunshots,2017-07-31,21:58:36,WashingtonDC7D,38.844,-76.972
3138,7D252541,Multiple_Gunshots,2017-07-31,21:58:46,WashingtonDC7D,38.845,-76.972
3139,7D252542,Multiple_Gunshots,2017-07-31,21:58:56,WashingtonDC7D,38.844,-76.971
3140,7D252543,Multiple_Gunshots,2017-07-31,21:59:12,WashingtonDC7D,38.845,-76.971
3141,7D252544,Single_Gunshot,2017-07-31,21:59:16,WashingtonDC7D,38.844,-76.973
3142,7D252545,Multiple_Gunshots,2017-07-31,21:59:20,WashingtonDC7D,38.845,-76.972
3143,7D252552,Multiple_Gunshots,2017-08-01,00:06:39,WashingtonDC7D,38.837,-76.99
3144,7D252555,Multiple_Gunshots,2017-08-01,00:41:13,WashingtonDC7D,38.851,-76.968
3145,7D252556,Multiple_Gunshots,2017-08-01,00:41:17,WashingtonDC7D,38.851,-76.968
3146,7D252557,Multiple_Gunshots,2017-08-01,00:41:27,WashingtonDC7D,38.851,-76.968
3147,7D252559,Gunshot_or_Firecracker,2017-08-01,01:05:33,WashingtonDC7D,38.833,-77.006
3148,6D197344,Multiple_Gunshots,2017-08-01,04:37:47,WashingtonDC6D,38.911,-76.938
3149,7D252566,Multiple_Gunshots,2017-08-01,20:15:38,WashingtonDC7D,38.834,-76.995
3150,5D81377,Single_Gunshot,2017-08-01,20:54:36,WashingtonDC5D,38.906,-76.986
3151,7D252608,Multiple_Gunshots,2017-08-01,23:20:39,WashingtonDC7D,38.826,-77.003
3152,7D252613,Multiple_Gunshots,2017-08-02,00:53:29,WashingtonDC7D,38.827,-76.998
3153,7D252614,Multiple_Gunshots,2017-08-02,01:47:46,WashingtonDC7D,38.851,-76.968
3154,7D252615,Multiple_Gunshots,2017-08-02,01:47:55,WashingtonDC7D,38.851,-76.968
3155,7D252630,Multiple_Gunshots,2017-08-02,18:15:30,WashingtonDC7D,38.83,-77.007
3156,7D252651,Single_Gunshot,2017-08-02,20:41:58,WashingtonDC7D,38.833,-76.989
3157,6D197372,Single_Gunshot,2017-08-02,21:12:18,WashingtonDC6D,38.897,-76.921
3158,6D197374,Multiple_Gunshots,2017-08-02,21:13:58,WashingtonDC6D,38.887,-76.926
3159,6D197378,Multiple_Gunshots,2017-08-02,21:23:42,WashingtonDC6D,38.885,-76.93
3160,6D197382,Single_Gunshot,2017-08-02,23:31:05,WashingtonDC6D,38.886,-76.929
3161,5D81393,Multiple_Gunshots,2017-08-03,00:37:55,WashingtonDC5D,38.911,-77.009
3162,5D81394,Gunshot_or_Firecracker,2017-08-03,00:37:58,WashingtonDC5D,38.911,-77.009
3163,7D252701,Multiple_Gunshots,2017-08-03,07:36:50,WashingtonDC7D,38.848,-76.999
3164,6D197394,Multiple_Gunshots,2017-08-03,16:23:42,WashingtonDC6D,38.911,-76.937
3165,7D252734,Multiple_Gunshots,2017-08-03,21:44:18,WashingtonDC7D,38.853,-76.971
3166,6D197409,Multiple_Gunshots,2017-08-03,22:51:57,WashingtonDC6D,38.894,-76.925
3167,6D197410,Single_Gunshot,2017-08-03,23:25:46,WashingtonDC6D,38.881,-76.932
3168,7D252746,Multiple_Gunshots,2017-08-04,03:23:52,WashingtonDC7D,38.855,-76.969
3169,6D197417,Single_Gunshot,2017-08-04,16:06:35,WashingtonDC6D,38.903,-76.927
3170,7D252750,Single_Gunshot,2017-08-04,16:59:03,WashingtonDC7D,38.86,-76.988
3171,7D252799,Gunshot_or_Firecracker,2017-08-05,01:43:59,WashingtonDC7D,38.855,-76.969
3172,4D65395,Multiple_Gunshots,2017-08-05,02:34:03,WashingtonDC4D,38.94,-77.016
3173,6D197434,Single_Gunshot,2017-08-05,02:54:52,WashingtonDC6D,38.894,-76.929
3174,7D252800,Multiple_Gunshots,2017-08-05,04:40:41,WashingtonDC7D,38.829,-76.997
3175,7D252818,Single_Gunshot,2017-08-05,20:19:19,WashingtonDC7D,38.827,-77.001
3176,7D252823,Multiple_Gunshots,2017-08-05,20:19:29,WashingtonDC7D,38.828,-77.001
3177,1D91937,Single_Gunshot,2017-08-05,22:49:52,WashingtonDC1D,38.9,-76.985
3178,4D65410,Gunshot_or_Firecracker,2017-08-05,23:34:54,WashingtonDC4D,38.938,-77.024
3179,6D197504,Multiple_Gunshots,2017-08-05,23:59:36,WashingtonDC6D,38.884,-76.927
3180,7D252895,Single_Gunshot,2017-08-06,00:17:00,WashingtonDC7D,38.837,-76.995
3181,7D252898,Multiple_Gunshots,2017-08-06,00:17:10,WashingtonDC7D,38.84,-76.995
3182,7D252899,Multiple_Gunshots,2017-08-06,00:17:11,WashingtonDC7D,38.84,-76.995
3183,7D252902,Gunshot_or_Firecracker,2017-08-06,02:27:34,WashingtonDC7D,38.858,-76.996
3184,6D197533,Multiple_Gunshots,2017-08-06,03:29:19,WashingtonDC6D,38.892,-76.913
3185,4D65414,Single_Gunshot,2017-08-06,03:34:54,WashingtonDC4D,38.934,-77.031
3186,7D252906,Multiple_Gunshots,2017-08-06,03:44:08,WashingtonDC7D,38.828,-76.997
3187,6D197536,Multiple_Gunshots,2017-08-06,04:31:41,WashingtonDC6D,38.893,-76.959
3188,7D252908,Single_Gunshot,2017-08-06,06:44:05,WashingtonDC7D,38.866,-76.985
3189,6D197541,Gunshot_or_Firecracker,2017-08-06,13:15:15,WashingtonDC6D,38.884,-76.929
3190,5D81442,Single_Gunshot,2017-08-06,20:16:32,WashingtonDC5D,38.906,-77.011
3191,6D197566,Gunshot_or_Firecracker,2017-08-06,20:31:51,WashingtonDC6D,38.885,-76.929
3192,6D197567,Multiple_Gunshots,2017-08-06,20:32:01,WashingtonDC6D,38.885,-76.929
3193,5D81448,Multiple_Gunshots,2017-08-06,22:08:59,WashingtonDC5D,38.906,-77.011
3194,6D197589,Multiple_Gunshots,2017-08-06,23:18:02,WashingtonDC6D,38.884,-76.952
3195,7D253008,Single_Gunshot,2017-08-06,23:33:15,WashingtonDC7D,38.833,-77.001
3196,6D197591,Single_Gunshot,2017-08-07,00:09:36,WashingtonDC6D,38.88,-76.929
3197,6D197592,Gunshot_or_Firecracker,2017-08-07,00:10:30,WashingtonDC6D,38.88,-76.929
3198,5D81450,Multiple_Gunshots,2017-08-07,01:56:48,WashingtonDC5D,38.904,-77.011
3199,7D253016,Multiple_Gunshots,2017-08-07,02:14:47,WashingtonDC7D,38.839,-77.004
3200,6D197595,Single_Gunshot,2017-08-07,03:04:45,WashingtonDC6D,38.885,-76.957
3201,7D253017,Gunshot_or_Firecracker,2017-08-07,04:57:27,WashingtonDC7D,38.836,-76.99
3202,6D197598,Multiple_Gunshots,2017-08-07,14:25:57,WashingtonDC6D,38.9,-76.944
3203,6D197600,Multiple_Gunshots,2017-08-07,14:58:44,WashingtonDC6D,38.895,-76.922
3204,6D197609,Gunshot_or_Firecracker,2017-08-07,20:15:23,WashingtonDC6D,38.885,-76.932
3205,4D65447,Multiple_Gunshots,2017-08-07,23:35:28,WashingtonDC4D,38.957,-77.021
3206,6D197623,Multiple_Gunshots,2017-08-07,23:41:56,WashingtonDC6D,38.899,-76.931
3207,7D253061,Multiple_Gunshots,2017-08-08,00:37:45,WashingtonDC7D,38.842,-76.992
3208,7D253062,Gunshot_or_Firecracker,2017-08-08,01:02:37,WashingtonDC7D,38.827,-76.998
3209,7D253065,Multiple_Gunshots,2017-08-08,02:12:06,WashingtonDC7D,38.834,-76.987
3210,7D253068,Multiple_Gunshots,2017-08-08,07:04:06,WashingtonDC7D,38.83,-77.007
3211,7D253069,Multiple_Gunshots,2017-08-08,07:04:14,WashingtonDC7D,38.83,-77.007
3212,7D253070,Multiple_Gunshots,2017-08-08,07:04:24,WashingtonDC7D,38.83,-77.007
3213,1D91953,Multiple_Gunshots,2017-08-08,07:44:17,WashingtonDC1D,38.876,-77.015
3214,7D253082,Multiple_Gunshots,2017-08-08,15:50:41,WashingtonDC7D,38.837,-77.003
3215,6D197639,Multiple_Gunshots,2017-08-08,21:03:21,WashingtonDC6D,38.89,-76.954
3216,6D197640,Multiple_Gunshots,2017-08-08,21:03:33,WashingtonDC6D,38.89,-76.955
3217,6D197641,Single_Gunshot,2017-08-08,21:03:41,WashingtonDC6D,38.89,-76.955
3218,5D81461,Multiple_Gunshots,2017-08-08,22:26:05,WashingtonDC5D,38.899,-76.975
3219,7D253125,Gunshot_or_Firecracker,2017-08-08,22:34:39,WashingtonDC7D,38.847,-76.973
3220,7D253142,Multiple_Gunshots,2017-08-08,23:17:07,WashingtonDC7D,38.863,-76.987
3221,7D253144,Gunshot_or_Firecracker,2017-08-08,23:17:52,WashingtonDC7D,38.862,-76.986
3222,7D253146,Multiple_Gunshots,2017-08-09,00:15:57,WashingtonDC7D,38.861,-76.989
3223,7D253149,Single_Gunshot,2017-08-09,00:50:47,WashingtonDC7D,38.837,-77.004
3224,7D253152,Multiple_Gunshots,2017-08-09,01:00:12,WashingtonDC7D,38.865,-76.989
3225,7D253153,Single_Gunshot,2017-08-09,01:02:11,WashingtonDC7D,38.862,-76.983
3226,7D253156,Multiple_Gunshots,2017-08-09,02:10:14,WashingtonDC7D,38.826,-77.005
3227,7D253160,Multiple_Gunshots,2017-08-09,03:09:09,WashingtonDC7D,38.844,-76.991
3228,7D253161,Multiple_Gunshots,2017-08-09,04:22:46,WashingtonDC7D,38.848,-76.969
3229,6D197655,Single_Gunshot,2017-08-09,12:00:31,WashingtonDC6D,38.893,-76.944
3230,7D253170,Gunshot_or_Firecracker,2017-08-09,18:13:40,WashingtonDC7D,38.849,-76.973
3231,6D197658,Single_Gunshot,2017-08-09,21:05:10,WashingtonDC6D,38.911,-76.937
3232,7D253190,Multiple_Gunshots,2017-08-09,21:05:33,WashingtonDC7D,38.867,-76.981
3233,7D253192,Multiple_Gunshots,2017-08-09,21:56:50,WashingtonDC7D,38.862,-76.982
3234,7D253193,Multiple_Gunshots,2017-08-09,21:57:14,WashingtonDC7D,38.862,-76.981
3235,6D197675,Multiple_Gunshots,2017-08-09,21:57:15,WashingtonDC6D,38.865,-76.983
3236,7D253194,Multiple_Gunshots,2017-08-09,21:57:23,WashingtonDC7D,38.862,-76.981
3237,7D253195,Multiple_Gunshots,2017-08-09,21:57:25,WashingtonDC7D,38.862,-76.982
3238,7D253196,Single_Gunshot,2017-08-09,21:57:43,WashingtonDC7D,38.863,-76.982
3239,5D81477,Multiple_Gunshots,2017-08-09,22:59:17,WashingtonDC5D,38.922,-76.996
3240,7D253199,Multiple_Gunshots,2017-08-09,23:43:31,WashingtonDC7D,38.837,-77.003
3241,6D197677,Multiple_Gunshots,2017-08-10,00:48:50,WashingtonDC6D,38.887,-76.953
3242,6D197678,Gunshot_or_Firecracker,2017-08-10,00:52:07,WashingtonDC6D,38.867,-76.981
3243,7D253203,Multiple_Gunshots,2017-08-10,01:09:26,WashingtonDC7D,38.83,-77.005
3244,7D253209,Single_Gunshot,2017-08-10,01:55:11,WashingtonDC7D,38.831,-76.994
3245,6D197693,Multiple_Gunshots,2017-08-10,18:43:30,WashingtonDC6D,38.881,-76.932
3246,6D197697,Gunshot_or_Firecracker,2017-08-10,19:32:17,WashingtonDC6D,38.876,-76.936
3247,7D253246,Multiple_Gunshots,2017-08-10,21:20:30,WashingtonDC7D,38.843,-76.979
3248,7D253247,Gunshot_or_Firecracker,2017-08-10,22:38:10,WashingtonDC7D,38.834,-76.993
3249,5D81485,Single_Gunshot,2017-08-10,23:26:02,WashingtonDC5D,38.899,-76.981
3250,6D197710,Multiple_Gunshots,2017-08-10,23:57:50,WashingtonDC6D,38.878,-76.928
3251,7D253255,Single_Gunshot,2017-08-11,01:22:19,WashingtonDC7D,38.861,-76.986
3252,6D197715,Single_Gunshot,2017-08-11,01:41:51,WashingtonDC6D,38.904,-76.925
3253,6D197719,Multiple_Gunshots,2017-08-11,14:51:09,WashingtonDC6D,38.901,-76.944
3254,5D81495,Multiple_Gunshots,2017-08-11,18:51:12,WashingtonDC5D,38.899,-76.975
3255,7D253291,Single_Gunshot,2017-08-11,19:26:46,WashingtonDC7D,38.871,-76.975
3256,6D197733,Gunshot_or_Firecracker,2017-08-11,19:26:46,WashingtonDC6D,38.87,-76.975
3257,6D197739,Single_Gunshot,2017-08-11,20:26:27,WashingtonDC6D,38.886,-76.951
3258,7D253299,Multiple_Gunshots,2017-08-11,21:11:12,WashingtonDC7D,38.83,-77.002
3259,7D253304,Single_Gunshot,2017-08-11,21:25:28,WashingtonDC7D,38.855,-76.969
3260,6D197758,Single_Gunshot,2017-08-11,22:08:08,WashingtonDC6D,38.893,-76.925
3261,5D81498,Gunshot_or_Firecracker,2017-08-11,22:31:21,WashingtonDC5D,38.9,-76.974
3262,7D253307,Single_Gunshot,2017-08-11,23:51:20,WashingtonDC7D,38.847,-76.981
3263,6D197759,Multiple_Gunshots,2017-08-12,00:47:11,WashingtonDC6D,38.882,-76.939
3264,6D197760,Gunshot_or_Firecracker,2017-08-12,01:14:09,WashingtonDC6D,38.895,-76.925
3265,6D197761,Single_Gunshot,2017-08-12,01:38:26,WashingtonDC6D,38.886,-76.952
3266,6D197763,Multiple_Gunshots,2017-08-12,03:58:09,WashingtonDC6D,38.868,-76.981
3267,7D253338,Multiple_Gunshots,2017-08-12,20:00:43,WashingtonDC7D,38.844,-76.987
3268,7D253339,Gunshot_or_Firecracker,2017-08-12,20:00:48,WashingtonDC7D,38.844,-76.987
3269,7D253340,Multiple_Gunshots,2017-08-12,20:00:51,WashingtonDC7D,38.844,-76.987
3270,6D197770,Multiple_Gunshots,2017-08-12,23:16:21,WashingtonDC6D,38.868,-76.984
3271,7D253369,Multiple_Gunshots,2017-08-12,23:23:33,WashingtonDC7D,38.84,-76.987
3272,6D197772,Multiple_Gunshots,2017-08-13,00:17:11,WashingtonDC6D,38.894,-76.926
3273,7D253385,Multiple_Gunshots,2017-08-13,00:38:31,WashingtonDC7D,38.841,-76.99
3274,7D253386,Multiple_Gunshots,2017-08-13,00:38:51,WashingtonDC7D,38.841,-76.99
3275,7D253387,Multiple_Gunshots,2017-08-13,00:38:59,WashingtonDC7D,38.839,-76.983
3276,7D253388,Multiple_Gunshots,2017-08-13,00:39:08,WashingtonDC7D,38.842,-76.99
3277,7D253390,Multiple_Gunshots,2017-08-13,00:39:22,WashingtonDC7D,38.842,-76.987
3278,7D253391,Multiple_Gunshots,2017-08-13,00:39:28,WashingtonDC7D,38.842,-76.987
3279,7D253392,Multiple_Gunshots,2017-08-13,00:39:39,WashingtonDC7D,38.847,-76.978
3280,7D253393,Multiple_Gunshots,2017-08-13,00:39:40,WashingtonDC7D,38.842,-76.987
3281,5D81514,Multiple_Gunshots,2017-08-13,00:56:22,WashingtonDC5D,38.906,-76.986
3282,7D253395,Single_Gunshot,2017-08-13,01:53:19,WashingtonDC7D,38.829,-76.999
3283,6D197773,Multiple_Gunshots,2017-08-13,03:58:50,WashingtonDC6D,38.882,-76.936
3284,7D253402,Multiple_Gunshots,2017-08-13,12:21:31,WashingtonDC7D,38.854,-76.97
3285,6D197794,Multiple_Gunshots,2017-08-13,20:37:48,WashingtonDC6D,38.894,-76.925
3286,6D197795,Multiple_Gunshots,2017-08-13,20:53:30,WashingtonDC6D,38.89,-76.935
3287,5D81523,Multiple_Gunshots,2017-08-13,22:54:15,WashingtonDC5D,38.899,-76.976
3288,7D253458,Single_Gunshot,2017-08-14,01:30:37,WashingtonDC7D,38.827,-76.997
3289,6D197807,Multiple_Gunshots,2017-08-14,02:36:24,WashingtonDC6D,38.9,-76.925
3290,6D197808,Single_Gunshot,2017-08-14,03:03:14,WashingtonDC6D,38.898,-76.921
3291,3D67889,Single_Gunshot,2017-08-14,15:54:05,WashingtonDC3D,38.914,-77.022
3292,4D65529,Multiple_Gunshots,2017-08-14,16:40:23,WashingtonDC4D,38.956,-77.026
3293,6D197816,Gunshot_or_Firecracker,2017-08-14,19:51:20,WashingtonDC6D,38.876,-76.935
3294,6D197834,Multiple_Gunshots,2017-08-14,21:30:31,WashingtonDC6D,38.912,-76.94
3295,6D197842,Multiple_Gunshots,2017-08-14,22:13:23,WashingtonDC6D,38.889,-76.952
3296,7D253477,Multiple_Gunshots,2017-08-14,22:18:41,WashingtonDC7D,38.856,-76.969
3297,6D197850,Multiple_Gunshots,2017-08-15,00:32:20,WashingtonDC6D,38.877,-76.961
3298,6D197851,Multiple_Gunshots,2017-08-15,00:32:30,WashingtonDC6D,38.877,-76.961
3299,6D197852,Multiple_Gunshots,2017-08-15,00:32:39,WashingtonDC6D,38.879,-76.96
3300,7D253491,Multiple_Gunshots,2017-08-15,01:28:16,WashingtonDC7D,38.834,-76.987
3301,6D197865,Multiple_Gunshots,2017-08-15,03:28:42,WashingtonDC6D,38.876,-76.932
3302,5D81526,Gunshot_or_Firecracker,2017-08-15,06:29:43,WashingtonDC5D,38.905,-76.989
3303,6D197870,Gunshot_or_Firecracker,2017-08-15,06:50:52,WashingtonDC6D,38.891,-76.953
3304,6D197873,Multiple_Gunshots,2017-08-15,13:49:54,WashingtonDC6D,38.891,-76.949
3305,7D253512,Gunshot_or_Firecracker,2017-08-15,20:17:31,WashingtonDC7D,38.843,-76.987
3306,7D253521,Multiple_Gunshots,2017-08-15,20:25:27,WashingtonDC7D,38.855,-76.971
3307,7D253546,Multiple_Gunshots,2017-08-15,20:58:55,WashingtonDC7D,38.864,-76.982
3308,6D197885,Gunshot_or_Firecracker,2017-08-15,21:00:52,WashingtonDC6D,38.882,-76.935
3309,7D253547,Multiple_Gunshots,2017-08-15,21:01:29,WashingtonDC7D,38.862,-76.986
3310,7D253549,Multiple_Gunshots,2017-08-15,21:43:19,WashingtonDC7D,38.839,-76.997
3311,5D81539,Multiple_Gunshots,2017-08-15,22:38:08,WashingtonDC5D,38.913,-77.009
3312,6D197892,Gunshot_or_Firecracker,2017-08-15,23:11:28,WashingtonDC6D,38.909,-76.937
3313,6D197894,Multiple_Gunshots,2017-08-15,23:16:51,WashingtonDC6D,38.884,-76.927
3314,6D197895,Multiple_Gunshots,2017-08-15,23:20:51,WashingtonDC6D,38.884,-76.927
3315,5D81540,Multiple_Gunshots,2017-08-15,23:32:44,WashingtonDC5D,38.913,-76.991
3316,1D92019,Multiple_Gunshots,2017-08-15,23:48:15,WashingtonDC1D,38.877,-77.015
3317,7D253561,Multiple_Gunshots,2017-08-16,00:34:03,WashingtonDC7D,38.855,-76.971
3318,6D197897,Multiple_Gunshots,2017-08-16,01:05:11,WashingtonDC6D,38.884,-76.929
3319,7D253568,Multiple_Gunshots,2017-08-16,01:43:32,WashingtonDC7D,38.855,-76.973
3320,6D197899,Multiple_Gunshots,2017-08-16,02:20:24,WashingtonDC6D,38.895,-76.937
3321,1D92021,Multiple_Gunshots,2017-08-16,03:00:08,WashingtonDC1D,38.893,-76.975
3322,7D253577,Multiple_Gunshots,2017-08-16,15:19:01,WashingtonDC7D,38.846,-76.971
3323,6D197905,Multiple_Gunshots,2017-08-16,15:49:41,WashingtonDC6D,38.884,-76.956
3324,7D253586,Multiple_Gunshots,2017-08-16,21:34:34,WashingtonDC7D,38.848,-76.972
3325,6D197911,Single_Gunshot,2017-08-16,22:42:25,WashingtonDC6D,38.886,-76.941
3326,7D253589,Gunshot_or_Firecracker,2017-08-16,22:56:30,WashingtonDC7D,38.834,-76.992
3327,7D253591,Multiple_Gunshots,2017-08-16,23:22:42,WashingtonDC7D,38.854,-76.967
3328,1D92023,Single_Gunshot,2017-08-16,23:31:28,WashingtonDC1D,38.879,-77.012
3329,6D197917,Multiple_Gunshots,2017-08-17,00:15:40,WashingtonDC6D,38.886,-76.952
3330,6D197918,Multiple_Gunshots,2017-08-17,00:15:47,WashingtonDC6D,38.891,-76.956
3331,6D197919,Multiple_Gunshots,2017-08-17,00:15:56,WashingtonDC6D,38.886,-76.951
3332,7D253593,Multiple_Gunshots,2017-08-17,00:29:03,WashingtonDC7D,38.847,-76.972
3333,7D253594,Multiple_Gunshots,2017-08-17,01:37:54,WashingtonDC7D,38.855,-76.97
3334,6D197922,Multiple_Gunshots,2017-08-17,01:38:06,WashingtonDC6D,38.892,-76.96
3335,7D253595,Single_Gunshot,2017-08-17,01:38:21,WashingtonDC7D,38.856,-76.969
3336,6D197927,Multiple_Gunshots,2017-08-17,11:59:29,WashingtonDC6D,38.894,-76.953
3337,6D197928,Multiple_Gunshots,2017-08-17,11:59:42,WashingtonDC6D,38.894,-76.953
3338,7D253598,Multiple_Gunshots,2017-08-17,12:23:51,WashingtonDC7D,38.847,-76.971
3339,1D92034,Multiple_Gunshots,2017-08-17,23:14:55,WashingtonDC1D,38.871,-77.012
3340,6D197948,Multiple_Gunshots,2017-08-18,00:01:43,WashingtonDC6D,38.887,-76.95
3341,6D197951,Multiple_Gunshots,2017-08-18,00:17:59,WashingtonDC6D,38.888,-76.917
3342,5D81561,Gunshot_or_Firecracker,2017-08-18,00:22:55,WashingtonDC5D,38.916,-77.005
3343,5D81563,Multiple_Gunshots,2017-08-18,04:12:48,WashingtonDC5D,38.908,-76.98
3344,7D253623,Multiple_Gunshots,2017-08-18,11:40:43,WashingtonDC7D,38.856,-76.973
3345,7D253624,Multiple_Gunshots,2017-08-18,11:40:46,WashingtonDC7D,38.856,-76.973
3346,7D253627,Single_Gunshot,2017-08-18,21:02:37,WashingtonDC7D,38.839,-76.997
3347,7D253630,Multiple_Gunshots,2017-08-18,22:44:01,WashingtonDC7D,38.848,-76.974
3348,7D253631,Multiple_Gunshots,2017-08-18,23:00:47,WashingtonDC7D,38.862,-76.986
3349,7D253634,Multiple_Gunshots,2017-08-18,23:59:52,WashingtonDC7D,38.837,-77.004
3350,7D253635,Multiple_Gunshots,2017-08-19,00:07:03,WashingtonDC7D,38.83,-76.999
3351,6D197962,Multiple_Gunshots,2017-08-19,00:08:51,WashingtonDC6D,38.889,-76.955
3352,6D197963,Multiple_Gunshots,2017-08-19,00:09:01,WashingtonDC6D,38.89,-76.954
3353,6D197964,Multiple_Gunshots,2017-08-19,00:09:21,WashingtonDC6D,38.89,-76.954
3354,6D197965,Multiple_Gunshots,2017-08-19,00:17:37,WashingtonDC6D,38.902,-76.938
3355,6D197966,Multiple_Gunshots,2017-08-19,00:32:21,WashingtonDC6D,38.895,-76.919
3356,7D253636,Multiple_Gunshots,2017-08-19,00:33:33,WashingtonDC7D,38.83,-76.999
3357,6D197967,Gunshot_or_Firecracker,2017-08-19,01:38:27,WashingtonDC6D,38.905,-76.929
3358,6D197970,Multiple_Gunshots,2017-08-19,02:16:57,WashingtonDC6D,38.893,-76.958
3359,7D253639,Single_Gunshot,2017-08-19,02:18:45,WashingtonDC7D,38.858,-76.997
3360,7D253640,Single_Gunshot,2017-08-19,03:39:02,WashingtonDC7D,38.837,-76.993
3361,6D197973,Single_Gunshot,2017-08-19,05:41:08,WashingtonDC6D,38.905,-76.941
3362,6D197976,Gunshot_or_Firecracker,2017-08-19,16:07:53,WashingtonDC6D,38.89,-76.927
3363,4D65549,Gunshot_or_Firecracker,2017-08-19,17:24:37,WashingtonDC4D,38.955,-77.029
3364,6D197984,Multiple_Gunshots,2017-08-19,20:16:50,WashingtonDC6D,38.882,-76.935
3365,7D253702,Gunshot_or_Firecracker,2017-08-19,22:50:53,WashingtonDC7D,38.855,-76.966
3366,4D65552,Multiple_Gunshots,2017-08-19,22:53:07,WashingtonDC4D,38.936,-77.025
3367,6D197998,Multiple_Gunshots,2017-08-19,23:35:03,WashingtonDC6D,38.896,-76.94
3368,7D253706,Multiple_Gunshots,2017-08-19,23:36:59,WashingtonDC7D,38.856,-76.972
3369,7D253708,Multiple_Gunshots,2017-08-20,00:09:17,WashingtonDC7D,38.837,-77.003
3370,7D253709,Multiple_Gunshots,2017-08-20,00:09:26,WashingtonDC7D,38.837,-77.003
3371,7D253710,Multiple_Gunshots,2017-08-20,00:15:46,WashingtonDC7D,38.841,-76.99
3372,7D253711,Multiple_Gunshots,2017-08-20,00:15:52,WashingtonDC7D,38.841,-76.989
3373,7D253712,Single_Gunshot,2017-08-20,00:15:57,WashingtonDC7D,38.841,-76.99
3374,7D253713,Multiple_Gunshots,2017-08-20,00:15:59,WashingtonDC7D,38.841,-76.99
3375,3D67925,Single_Gunshot,2017-08-20,02:15:10,WashingtonDC3D,38.927,-77.023
3376,7D253720,Single_Gunshot,2017-08-20,02:47:16,WashingtonDC7D,38.856,-76.969
3377,6D198002,Multiple_Gunshots,2017-08-20,06:32:12,WashingtonDC6D,38.903,-76.925
3378,6D198003,Multiple_Gunshots,2017-08-20,06:49:30,WashingtonDC6D,38.904,-76.924
3379,6D198009,Single_Gunshot,2017-08-20,19:25:13,WashingtonDC6D,38.886,-76.956
3380,7D253736,Single_Gunshot,2017-08-20,20:13:14,WashingtonDC7D,38.839,-76.998
3381,6D198023,Multiple_Gunshots,2017-08-21,00:44:49,WashingtonDC6D,38.894,-76.916
3382,6D198040,Multiple_Gunshots,2017-08-21,15:34:25,WashingtonDC6D,38.891,-76.949
3383,6D198045,Multiple_Gunshots,2017-08-21,22:07:25,WashingtonDC6D,38.892,-76.936
3384,6D198049,Gunshot_or_Firecracker,2017-08-21,22:51:06,WashingtonDC6D,38.878,-76.935
3385,6D198053,Single_Gunshot,2017-08-22,04:08:25,WashingtonDC6D,38.894,-76.923
3386,6D198054,Multiple_Gunshots,2017-08-22,07:50:29,WashingtonDC6D,38.878,-76.935
3387,7D253783,Multiple_Gunshots,2017-08-22,19:13:50,WashingtonDC7D,38.837,-76.989
3388,7D253784,Gunshot_or_Firecracker,2017-08-22,19:28:00,WashingtonDC7D,38.857,-76.972
3389,6D198057,Single_Gunshot,2017-08-22,20:48:38,WashingtonDC6D,38.89,-76.951
3390,6D198060,Multiple_Gunshots,2017-08-22,21:39:49,WashingtonDC6D,38.89,-76.954
3391,7D253786,Multiple_Gunshots,2017-08-22,21:45:35,WashingtonDC7D,38.849,-76.972
3392,7D253789,Gunshot_or_Firecracker,2017-08-22,23:11:17,WashingtonDC7D,38.849,-76.972
3393,6D198062,Single_Gunshot,2017-08-22,23:20:23,WashingtonDC6D,38.897,-76.936
3394,6D198063,Single_Gunshot,2017-08-22,23:43:44,WashingtonDC6D,38.898,-76.935
3395,7D253804,Multiple_Gunshots,2017-08-23,08:57:44,WashingtonDC7D,38.848,-76.97
3396,6D198065,Multiple_Gunshots,2017-08-23,12:38:40,WashingtonDC6D,38.896,-76.918
3397,6D198071,Single_Gunshot,2017-08-23,20:03:59,WashingtonDC6D,38.892,-76.944
3398,6D198075,Multiple_Gunshots,2017-08-23,20:11:21,WashingtonDC6D,38.891,-76.944
3399,4D65563,Multiple_Gunshots,2017-08-23,20:29:31,WashingtonDC4D,38.935,-77.023
3400,4D65564,Multiple_Gunshots,2017-08-23,20:29:37,WashingtonDC4D,38.935,-77.026
3401,3D67931,Multiple_Gunshots,2017-08-23,20:29:38,WashingtonDC3D,38.929,-77.023
3402,4D65565,Multiple_Gunshots,2017-08-23,20:29:51,WashingtonDC4D,38.935,-77.022
3403,3D67932,Multiple_Gunshots,2017-08-23,20:29:52,WashingtonDC3D,38.932,-77.025
3404,7D253831,Multiple_Gunshots,2017-08-23,20:41:15,WashingtonDC7D,38.845,-76.983
3405,7D253833,Single_Gunshot,2017-08-23,21:30:07,WashingtonDC7D,38.831,-77.007
3406,5D81631,Multiple_Gunshots,2017-08-23,21:41:17,WashingtonDC5D,38.905,-77.013
3407,5D81632,Multiple_Gunshots,2017-08-23,21:43:24,WashingtonDC5D,38.911,-76.987
3408,7D253844,Single_Gunshot,2017-08-23,22:08:42,WashingtonDC7D,38.845,-76.978
3409,7D253847,Single_Gunshot,2017-08-24,00:46:19,WashingtonDC7D,38.83,-77.001
3410,7D253848,Multiple_Gunshots,2017-08-24,00:51:27,WashingtonDC7D,38.855,-76.97
3411,7D253849,Multiple_Gunshots,2017-08-24,01:08:13,WashingtonDC7D,38.855,-76.971
3412,7D253850,Multiple_Gunshots,2017-08-24,01:08:28,WashingtonDC7D,38.856,-76.969
3413,6D198090,Single_Gunshot,2017-08-24,01:41:08,WashingtonDC6D,38.893,-76.912
3414,7D253878,Multiple_Gunshots,2017-08-24,20:21:50,WashingtonDC7D,38.853,-76.97
3415,7D253886,Multiple_Gunshots,2017-08-24,22:23:03,WashingtonDC7D,38.855,-76.97
3416,7D253887,Multiple_Gunshots,2017-08-24,22:23:10,WashingtonDC7D,38.855,-76.971
3417,7D253888,Gunshot_or_Firecracker,2017-08-24,22:42:54,WashingtonDC7D,38.846,-76.985
3418,6D198107,Multiple_Gunshots,2017-08-24,23:34:29,WashingtonDC6D,38.886,-76.929
3419,5D81641,Gunshot_or_Firecracker,2017-08-25,05:56:22,WashingtonDC5D,38.897,-76.98
3420,7D253910,Multiple_Gunshots,2017-08-25,21:05:59,WashingtonDC7D,38.842,-76.992
3421,7D253911,Multiple_Gunshots,2017-08-25,21:06:01,WashingtonDC7D,38.842,-76.992
3422,7D253912,Single_Gunshot,2017-08-25,21:06:06,WashingtonDC7D,38.841,-76.993
3423,7D253917,Multiple_Gunshots,2017-08-25,21:25:41,WashingtonDC7D,38.832,-77.007
3424,6D198137,Single_Gunshot,2017-08-25,21:30:29,WashingtonDC6D,38.901,-76.921
3425,7D253918,Single_Gunshot,2017-08-25,21:32:34,WashingtonDC7D,38.842,-77.004
3426,5D81660,Multiple_Gunshots,2017-08-26,02:18:58,WashingtonDC5D,38.922,-76.982
3427,5D81661,Multiple_Gunshots,2017-08-26,02:19:07,WashingtonDC5D,38.922,-76.982
3428,7D253933,Gunshot_or_Firecracker,2017-08-26,03:08:07,WashingtonDC7D,38.827,-77.001
3429,4D65585,Single_Gunshot,2017-08-26,03:08:14,WashingtonDC4D,38.946,-77.018
3430,5D81662,Single_Gunshot,2017-08-26,04:22:32,WashingtonDC5D,38.915,-76.989
3431,6D198145,Single_Gunshot,2017-08-26,05:51:05,WashingtonDC6D,38.893,-76.924
3432,5D81663,Multiple_Gunshots,2017-08-26,11:01:18,WashingtonDC5D,38.907,-77.011
3433,6D198146,Multiple_Gunshots,2017-08-26,14:00:11,WashingtonDC6D,38.892,-76.954
3434,6D198198,Single_Gunshot,2017-08-26,21:06:43,WashingtonDC6D,38.894,-76.928
3435,7D253991,Gunshot_or_Firecracker,2017-08-26,22:11:21,WashingtonDC7D,38.84,-77.0
3436,6D198205,Multiple_Gunshots,2017-08-26,22:29:05,WashingtonDC6D,38.879,-76.934
3437,6D198206,Multiple_Gunshots,2017-08-26,22:30:47,WashingtonDC6D,38.881,-76.926
3438,6D198210,Multiple_Gunshots,2017-08-26,23:18:54,WashingtonDC6D,38.891,-76.923
3439,7D253994,Multiple_Gunshots,2017-08-27,00:01:56,WashingtonDC7D,38.837,-77.003
3440,7D253995,Multiple_Gunshots,2017-08-27,01:12:34,WashingtonDC7D,38.856,-76.969
3441,7D254002,Multiple_Gunshots,2017-08-27,01:54:57,WashingtonDC7D,38.842,-76.986
3442,7D254003,Multiple_Gunshots,2017-08-27,01:55:02,WashingtonDC7D,38.842,-76.986
3443,6D198219,Single_Gunshot,2017-08-27,02:45:12,WashingtonDC6D,38.895,-76.913
3444,6D198221,Single_Gunshot,2017-08-27,03:53:30,WashingtonDC6D,38.894,-76.954
3445,6D198225,Multiple_Gunshots,2017-08-27,16:57:19,WashingtonDC6D,38.898,-76.943
3446,6D198227,Gunshot_or_Firecracker,2017-08-27,19:27:57,WashingtonDC6D,38.894,-76.923
3447,6D198234,Gunshot_or_Firecracker,2017-08-27,20:59:46,WashingtonDC6D,38.887,-76.946
3448,6D198235,Single_Gunshot,2017-08-27,22:08:04,WashingtonDC6D,38.871,-76.977
3449,6D198237,Single_Gunshot,2017-08-27,22:45:22,WashingtonDC6D,38.881,-76.939
3450,7D254048,Multiple_Gunshots,2017-08-27,23:24:47,WashingtonDC7D,38.855,-76.97
3451,7D254049,Multiple_Gunshots,2017-08-27,23:25:00,WashingtonDC7D,38.856,-76.971
3452,6D198238,Multiple_Gunshots,2017-08-28,00:06:04,WashingtonDC6D,38.879,-76.942
3453,6D198239,Multiple_Gunshots,2017-08-28,00:11:35,WashingtonDC6D,38.878,-76.943
3454,6D198240,Multiple_Gunshots,2017-08-28,00:13:31,WashingtonDC6D,38.878,-76.943
3455,3D67967,Multiple_Gunshots,2017-08-28,01:31:32,WashingtonDC3D,38.928,-77.031
3456,7D254060,Multiple_Gunshots,2017-08-28,18:28:02,WashingtonDC7D,38.851,-76.968
3457,7D254061,Multiple_Gunshots,2017-08-28,18:50:59,WashingtonDC7D,38.835,-76.996
3458,7D254067,Single_Gunshot,2017-08-28,20:16:54,WashingtonDC7D,38.839,-77.005
3459,7D254068,Multiple_Gunshots,2017-08-28,21:09:37,WashingtonDC7D,38.847,-76.971
3460,7D254069,Multiple_Gunshots,2017-08-28,21:09:42,WashingtonDC7D,38.847,-76.97
3461,4D65691,Gunshot_or_Firecracker,2017-08-28,22:03:26,WashingtonDC4D,38.938,-77.03
3462,7D254078,Multiple_Gunshots,2017-08-29,00:37:19,WashingtonDC7D,38.855,-76.97
3463,6D198265,Single_Gunshot,2017-08-29,02:54:57,WashingtonDC6D,38.884,-76.947
3464,7D254097,Multiple_Gunshots,2017-08-29,20:51:16,WashingtonDC7D,38.86,-76.998
3465,7D254104,Single_Gunshot,2017-08-29,22:41:02,WashingtonDC7D,38.842,-76.992
3466,6D198270,Multiple_Gunshots,2017-08-29,22:53:45,WashingtonDC6D,38.891,-76.949
3467,6D198272,Multiple_Gunshots,2017-08-29,23:12:18,WashingtonDC6D,38.887,-76.943
3468,6D198273,Single_Gunshot,2017-08-29,23:56:49,WashingtonDC6D,38.88,-76.96
3469,6D198282,Single_Gunshot,2017-08-30,17:27:01,WashingtonDC6D,38.882,-76.935
3470,6D198297,Multiple_Gunshots,2017-08-30,22:55:00,WashingtonDC6D,38.885,-76.929
3471,6D198298,Single_Gunshot,2017-08-30,23:45:17,WashingtonDC6D,38.895,-76.916
3472,7D254132,Single_Gunshot,2017-08-31,00:12:37,WashingtonDC7D,38.834,-76.991
3473,6D198299,Single_Gunshot,2017-08-31,01:39:11,WashingtonDC6D,38.912,-76.935
3474,6D198302,Multiple_Gunshots,2017-08-31,03:44:48,WashingtonDC6D,38.895,-76.931
3475,6D198305,Multiple_Gunshots,2017-08-31,04:06:02,WashingtonDC6D,38.91,-76.937
3476,7D254134,Single_Gunshot,2017-08-31,04:14:39,WashingtonDC7D,38.864,-76.981
3477,7D254154,Gunshot_or_Firecracker,2017-08-31,15:45:08,WashingtonDC7D,38.863,-76.984
3478,6D198310,Gunshot_or_Firecracker,2017-08-31,16:08:55,WashingtonDC6D,38.877,-76.931
3479,6D198318,Single_Gunshot,2017-08-31,19:29:43,WashingtonDC6D,38.892,-76.933
3480,7D254161,Single_Gunshot,2017-08-31,19:31:35,WashingtonDC7D,38.843,-76.984
3481,7D254162,Single_Gunshot,2017-08-31,19:34:39,WashingtonDC7D,38.863,-76.987
3482,7D254164,Single_Gunshot,2017-08-31,19:36:16,WashingtonDC7D,38.862,-76.986
3483,6D198322,Single_Gunshot,2017-08-31,21:24:39,WashingtonDC6D,38.894,-76.919
3484,7D254174,Multiple_Gunshots,2017-09-01,00:03:36,WashingtonDC7D,38.864,-76.981
3485,6D198325,Multiple_Gunshots,2017-09-01,00:30:01,WashingtonDC6D,38.891,-76.92
3486,5D81725,Multiple_Gunshots,2017-09-01,03:03:04,WashingtonDC5D,38.9,-76.978
3487,5D81726,Gunshot_or_Firecracker,2017-09-01,03:03:20,WashingtonDC5D,38.9,-76.978
3488,6D198326,Single_Gunshot,2017-09-01,06:08:04,WashingtonDC6D,38.894,-76.928
3489,7D254181,Multiple_Gunshots,2017-09-01,10:19:18,WashingtonDC7D,38.847,-76.975
3490,6D198329,Multiple_Gunshots,2017-09-01,15:14:14,WashingtonDC6D,38.886,-76.954
3491,6D198330,Multiple_Gunshots,2017-09-01,15:14:24,WashingtonDC6D,38.883,-76.955
3492,6D198331,Gunshot_or_Firecracker,2017-09-01,15:34:06,WashingtonDC6D,38.896,-76.948
3493,6D198359,Gunshot_or_Firecracker,2017-09-01,21:15:59,WashingtonDC6D,38.888,-76.934
3494,7D254204,Multiple_Gunshots,2017-09-01,21:18:10,WashingtonDC7D,38.86,-76.993
3495,6D198361,Multiple_Gunshots,2017-09-01,22:07:15,WashingtonDC6D,38.896,-76.916
3496,6D198362,Gunshot_or_Firecracker,2017-09-01,22:07:23,WashingtonDC6D,38.89,-76.919
3497,7D254207,Multiple_Gunshots,2017-09-02,00:34:42,WashingtonDC7D,38.867,-76.981
3498,6D198369,Multiple_Gunshots,2017-09-02,01:37:27,WashingtonDC6D,38.895,-76.93
3499,5D81735,Single_Gunshot,2017-09-02,03:13:22,WashingtonDC5D,38.905,-77.012
3500,6D198370,Single_Gunshot,2017-09-02,04:04:49,WashingtonDC6D,38.89,-76.943
3501,6D198371,Multiple_Gunshots,2017-09-02,04:11:30,WashingtonDC6D,38.89,-76.928
3502,7D254210,Multiple_Gunshots,2017-09-02,04:38:21,WashingtonDC7D,38.83,-76.998
3503,7D254211,Multiple_Gunshots,2017-09-02,04:38:37,WashingtonDC7D,38.83,-76.998
3504,7D254212,Gunshot_or_Firecracker,2017-09-02,04:38:43,WashingtonDC7D,38.83,-76.998
3505,7D254213,Gunshot_or_Firecracker,2017-09-02,04:38:52,WashingtonDC7D,38.829,-76.998
3506,7D254214,Single_Gunshot,2017-09-02,04:39:05,WashingtonDC7D,38.83,-76.997
3507,7D254215,Multiple_Gunshots,2017-09-02,04:39:15,WashingtonDC7D,38.83,-76.997
3508,7D254216,Multiple_Gunshots,2017-09-02,04:42:20,WashingtonDC7D,38.83,-76.998
3509,7D254219,Gunshot_or_Firecracker,2017-09-02,12:07:26,WashingtonDC7D,38.831,-76.996
3510,6D198380,Single_Gunshot,2017-09-02,18:51:34,WashingtonDC6D,38.887,-76.925
3511,7D254248,Single_Gunshot,2017-09-02,22:06:00,WashingtonDC7D,38.849,-76.974
3512,5D81745,Gunshot_or_Firecracker,2017-09-02,22:27:53,WashingtonDC5D,38.924,-77.005
3513,7D254250,Multiple_Gunshots,2017-09-02,22:33:34,WashingtonDC7D,38.83,-76.991
3514,7D254252,Gunshot_or_Firecracker,2017-09-02,22:52:23,WashingtonDC7D,38.83,-76.999
3515,7D254253,Single_Gunshot,2017-09-02,22:55:52,WashingtonDC7D,38.83,-76.999
3516,6D198387,Multiple_Gunshots,2017-09-02,23:12:39,WashingtonDC6D,38.898,-76.939
3517,6D198388,Gunshot_or_Firecracker,2017-09-03,00:40:09,WashingtonDC6D,38.898,-76.918
3518,7D254260,Gunshot_or_Firecracker,2017-09-03,00:52:02,WashingtonDC7D,38.842,-76.993
3519,6D198390,Multiple_Gunshots,2017-09-03,02:04:23,WashingtonDC6D,38.896,-76.915
3520,7D254261,Multiple_Gunshots,2017-09-03,02:49:22,WashingtonDC7D,38.826,-76.996
3521,7D254263,Multiple_Gunshots,2017-09-03,03:45:15,WashingtonDC7D,38.829,-76.997
3522,5D81746,Multiple_Gunshots,2017-09-03,04:15:27,WashingtonDC5D,38.903,-76.981
3523,5D81747,Multiple_Gunshots,2017-09-03,04:15:37,WashingtonDC5D,38.903,-76.982
3524,6D198393,Multiple_Gunshots,2017-09-03,11:19:22,WashingtonDC6D,38.894,-76.919
3525,7D254293,Multiple_Gunshots,2017-09-03,18:16:31,WashingtonDC7D,38.842,-76.987
3526,7D254295,Single_Gunshot,2017-09-03,19:20:51,WashingtonDC7D,38.863,-76.984
3527,5D81753,Gunshot_or_Firecracker,2017-09-03,19:37:05,WashingtonDC5D,38.9,-76.976
3528,7D254300,Multiple_Gunshots,2017-09-03,20:11:30,WashingtonDC7D,38.83,-77.007
3529,7D254384,Multiple_Gunshots,2017-09-03,22:03:46,WashingtonDC7D,38.827,-77.0
3530,7D254385,Multiple_Gunshots,2017-09-03,22:03:58,WashingtonDC7D,38.827,-77.0
3531,7D254386,Multiple_Gunshots,2017-09-03,22:04:01,WashingtonDC7D,38.826,-77.0
3532,6D198555,Single_Gunshot,2017-09-03,22:28:51,WashingtonDC6D,38.899,-76.938
3533,7D254397,Single_Gunshot,2017-09-03,23:15:12,WashingtonDC7D,38.827,-76.998
3534,7D254398,Multiple_Gunshots,2017-09-03,23:23:01,WashingtonDC7D,38.83,-76.991
3535,6D198569,Multiple_Gunshots,2017-09-03,23:57:46,WashingtonDC6D,38.88,-76.942
3536,6D198570,Multiple_Gunshots,2017-09-03,23:57:49,WashingtonDC6D,38.88,-76.943
3537,6D198571,Multiple_Gunshots,2017-09-03,23:58:13,WashingtonDC6D,38.881,-76.944
3538,6D198573,Multiple_Gunshots,2017-09-04,00:05:49,WashingtonDC6D,38.878,-76.94
3539,6D198575,Multiple_Gunshots,2017-09-04,00:15:51,WashingtonDC6D,38.893,-76.951
3540,6D198577,Multiple_Gunshots,2017-09-04,00:23:53,WashingtonDC6D,38.877,-76.933
3541,7D254418,Multiple_Gunshots,2017-09-04,02:12:39,WashingtonDC7D,38.854,-76.97
3542,7D254420,Single_Gunshot,2017-09-04,02:56:51,WashingtonDC7D,38.836,-76.991
3543,6D198580,Single_Gunshot,2017-09-04,03:45:54,WashingtonDC6D,38.889,-76.955
3544,6D198581,Gunshot_or_Firecracker,2017-09-04,04:48:11,WashingtonDC6D,38.88,-76.96
3545,7D254424,Multiple_Gunshots,2017-09-04,04:51:01,WashingtonDC7D,38.829,-76.997
3546,6D198582,Multiple_Gunshots,2017-09-04,06:15:04,WashingtonDC6D,38.895,-76.924
3547,7D254431,Gunshot_or_Firecracker,2017-09-04,16:11:08,WashingtonDC7D,38.843,-76.99
3548,6D198584,Single_Gunshot,2017-09-04,18:41:30,WashingtonDC6D,38.89,-76.951
3549,6D198608,Gunshot_or_Firecracker,2017-09-04,20:24:48,WashingtonDC6D,38.888,-76.95
3550,6D198638,Gunshot_or_Firecracker,2017-09-04,22:12:50,WashingtonDC6D,38.875,-76.968
3551,7D254528,Multiple_Gunshots,2017-09-05,01:22:26,WashingtonDC7D,38.83,-76.992
3552,7D254529,Multiple_Gunshots,2017-09-05,01:22:30,WashingtonDC7D,38.83,-76.992
3553,7D254531,Multiple_Gunshots,2017-09-05,02:50:53,WashingtonDC7D,38.837,-77.004
3554,7D254532,Multiple_Gunshots,2017-09-05,02:50:57,WashingtonDC7D,38.837,-77.004
3555,6D198643,Multiple_Gunshots,2017-09-05,14:42:48,WashingtonDC6D,38.893,-76.926
3556,6D198644,Gunshot_or_Firecracker,2017-09-05,16:28:23,WashingtonDC6D,38.909,-76.937
3557,6D198646,Multiple_Gunshots,2017-09-05,17:28:55,WashingtonDC6D,38.887,-76.951
3558,6D198656,Gunshot_or_Firecracker,2017-09-05,19:06:46,WashingtonDC6D,38.891,-76.94
3559,6D198658,Multiple_Gunshots,2017-09-05,20:09:26,WashingtonDC6D,38.893,-76.926
3560,6D198659,Single_Gunshot,2017-09-05,22:52:46,WashingtonDC6D,38.904,-76.938
3561,7D254551,Multiple_Gunshots,2017-09-05,22:57:48,WashingtonDC7D,38.832,-76.992
3562,6D198660,Single_Gunshot,2017-09-05,23:37:58,WashingtonDC6D,38.89,-76.954
3563,6D198661,Single_Gunshot,2017-09-06,00:01:52,WashingtonDC6D,38.894,-76.922
3564,7D254556,Multiple_Gunshots,2017-09-06,01:12:16,WashingtonDC7D,38.839,-76.996
3565,4D65761,Multiple_Gunshots,2017-09-06,01:48:46,WashingtonDC4D,38.956,-77.022
3566,6D198662,Single_Gunshot,2017-09-06,03:08:45,WashingtonDC6D,38.893,-76.924
3567,6D198664,Multiple_Gunshots,2017-09-06,04:03:06,WashingtonDC6D,38.893,-76.925
3568,6D198668,Multiple_Gunshots,2017-09-06,19:56:24,WashingtonDC6D,38.88,-76.932
3569,7D254562,Gunshot_or_Firecracker,2017-09-06,20:19:12,WashingtonDC7D,38.837,-77.004
3570,7D254564,Single_Gunshot,2017-09-06,23:26:40,WashingtonDC7D,38.849,-76.973
3571,5D81786,Multiple_Gunshots,2017-09-06,23:51:32,WashingtonDC5D,38.92,-76.98
3572,6D198671,Single_Gunshot,2017-09-07,00:49:28,WashingtonDC6D,38.889,-76.951
3573,6D198672,Single_Gunshot,2017-09-07,02:00:24,WashingtonDC6D,38.878,-76.932
3574,6D198673,Multiple_Gunshots,2017-09-07,02:00:38,WashingtonDC6D,38.878,-76.932
3575,4D65766,Single_Gunshot,2017-09-07,04:43:55,WashingtonDC4D,38.957,-77.028
3576,7D254569,Multiple_Gunshots,2017-09-07,11:45:31,WashingtonDC7D,38.848,-76.971
3577,6D198678,Single_Gunshot,2017-09-07,17:09:42,WashingtonDC6D,38.897,-76.941
3578,7D254582,Multiple_Gunshots,2017-09-07,19:24:05,WashingtonDC7D,38.857,-76.971
3579,5D81795,Single_Gunshot,2017-09-07,19:28:11,WashingtonDC5D,38.921,-76.983
3580,6D198692,Multiple_Gunshots,2017-09-07,21:24:43,WashingtonDC6D,38.888,-76.923
3581,4D65770,Single_Gunshot,2017-09-07,21:55:29,WashingtonDC4D,38.942,-77.025
3582,7D254589,Single_Gunshot,2017-09-08,01:28:59,WashingtonDC7D,38.829,-76.993
3583,6D198696,Multiple_Gunshots,2017-09-08,01:53:30,WashingtonDC6D,38.891,-76.95
3584,4D65772,Gunshot_or_Firecracker,2017-09-08,04:19:05,WashingtonDC4D,38.946,-77.022
3585,6D198703,Multiple_Gunshots,2017-09-08,16:52:19,WashingtonDC6D,38.876,-76.961
3586,1D92215,Single_Gunshot,2017-09-08,16:55:25,WashingtonDC1D,38.878,-77.019
3587,7D254620,Gunshot_or_Firecracker,2017-09-08,22:17:58,WashingtonDC7D,38.847,-76.981
3588,6D198707,Multiple_Gunshots,2017-09-08,23:44:02,WashingtonDC6D,38.877,-76.943
3589,5D81805,Multiple_Gunshots,2017-09-09,00:22:54,WashingtonDC5D,38.914,-77.007
3590,7D254635,Multiple_Gunshots,2017-09-09,00:39:01,WashingtonDC7D,38.833,-77.003
3591,5D81806,Multiple_Gunshots,2017-09-09,01:26:58,WashingtonDC5D,38.914,-77.003
3592,5D81807,Multiple_Gunshots,2017-09-09,01:27:02,WashingtonDC5D,38.911,-76.997
3593,6D198709,Multiple_Gunshots,2017-09-09,01:42:39,WashingtonDC6D,38.892,-76.956
3594,7D254640,Single_Gunshot,2017-09-09,02:53:00,WashingtonDC7D,38.843,-76.985
3595,6D198712,Multiple_Gunshots,2017-09-09,04:48:48,WashingtonDC6D,38.891,-76.952
3596,7D254665,Gunshot_or_Firecracker,2017-09-09,20:13:10,WashingtonDC7D,38.837,-76.989
3597,6D198774,Multiple_Gunshots,2017-09-09,21:18:31,WashingtonDC6D,38.893,-76.93
3598,7D254677,Gunshot_or_Firecracker,2017-09-09,21:28:54,WashingtonDC7D,38.844,-76.988
3599,7D254679,Multiple_Gunshots,2017-09-09,22:19:18,WashingtonDC7D,38.857,-76.997
3600,6D198785,Multiple_Gunshots,2017-09-09,22:43:35,WashingtonDC6D,38.912,-76.935
3601,6D198786,Multiple_Gunshots,2017-09-09,22:45:43,WashingtonDC6D,38.886,-76.957
3602,6D198787,Multiple_Gunshots,2017-09-09,23:39:41,WashingtonDC6D,38.876,-76.965
3603,6D198788,Multiple_Gunshots,2017-09-10,00:32:15,WashingtonDC6D,38.882,-76.925
3604,7D254686,Multiple_Gunshots,2017-09-10,00:56:38,WashingtonDC7D,38.826,-76.998
3605,7D254689,Gunshot_or_Firecracker,2017-09-10,01:06:26,WashingtonDC7D,38.843,-76.999
3606,6D198790,Multiple_Gunshots,2017-09-10,01:13:57,WashingtonDC6D,38.894,-76.911
3607,4D65818,Single_Gunshot,2017-09-10,01:54:34,WashingtonDC4D,38.953,-77.024
3608,7D254691,Single_Gunshot,2017-09-10,01:54:38,WashingtonDC7D,38.842,-76.982
3609,7D254692,Single_Gunshot,2017-09-10,01:55:09,WashingtonDC7D,38.842,-76.981
3610,6D198791,Single_Gunshot,2017-09-10,02:34:35,WashingtonDC6D,38.899,-76.926
3611,3D68025,Multiple_Gunshots,2017-09-10,03:16:20,WashingtonDC3D,38.915,-77.019
3612,4D65819,Gunshot_or_Firecracker,2017-09-10,03:22:27,WashingtonDC4D,38.934,-77.036
3613,6D198792,Multiple_Gunshots,2017-09-10,07:35:53,WashingtonDC6D,38.886,-76.947
3614,7D254696,Multiple_Gunshots,2017-09-10,11:21:18,WashingtonDC7D,38.864,-76.98
3615,6D198799,Gunshot_or_Firecracker,2017-09-10,17:37:08,WashingtonDC6D,38.871,-76.954
3616,6D198800,Single_Gunshot,2017-09-10,18:03:02,WashingtonDC6D,38.871,-76.954
3617,6D198808,Multiple_Gunshots,2017-09-10,19:32:43,WashingtonDC6D,38.894,-76.916
3618,6D198810,Multiple_Gunshots,2017-09-10,20:07:15,WashingtonDC6D,38.883,-76.936
3619,7D254717,Gunshot_or_Firecracker,2017-09-10,20:42:17,WashingtonDC7D,38.85,-76.977
3620,7D254725,Multiple_Gunshots,2017-09-10,22:22:10,WashingtonDC7D,38.842,-76.997
3621,6D198817,Multiple_Gunshots,2017-09-10,23:48:41,WashingtonDC6D,38.895,-76.916
3622,5D81831,Single_Gunshot,2017-09-11,00:38:42,WashingtonDC5D,38.899,-76.983
3623,7D254747,Single_Gunshot,2017-09-11,01:55:22,WashingtonDC7D,38.86,-76.997
3624,6D198820,Multiple_Gunshots,2017-09-11,02:48:23,WashingtonDC6D,38.911,-76.937
3625,7D254748,Multiple_Gunshots,2017-09-11,04:18:45,WashingtonDC7D,38.833,-76.996
3626,7D254751,Single_Gunshot,2017-09-11,07:27:06,WashingtonDC7D,38.833,-76.997
3627,7D254762,Multiple_Gunshots,2017-09-11,10:04:24,WashingtonDC7D,38.832,-77.007
3628,7D254771,Gunshot_or_Firecracker,2017-09-11,13:09:23,WashingtonDC7D,38.866,-76.984
3629,7D254786,Gunshot_or_Firecracker,2017-09-11,19:14:51,WashingtonDC7D,38.838,-76.992
3630,7D254816,Multiple_Gunshots,2017-09-11,21:32:46,WashingtonDC7D,38.844,-76.999
3631,7D254817,Multiple_Gunshots,2017-09-11,21:49:53,WashingtonDC7D,38.847,-77.0
3632,1D92227,Multiple_Gunshots,2017-09-11,22:24:58,WashingtonDC1D,38.878,-77.014
3633,6D198834,Single_Gunshot,2017-09-12,01:10:11,WashingtonDC6D,38.901,-76.94
3634,7D254860,Gunshot_or_Firecracker,2017-09-12,19:48:56,WashingtonDC7D,38.829,-77.0
3635,6D198867,Multiple_Gunshots,2017-09-13,00:13:43,WashingtonDC6D,38.879,-76.929
3636,6D198876,Single_Gunshot,2017-09-13,00:38:51,WashingtonDC6D,38.893,-76.926
3637,7D254864,Multiple_Gunshots,2017-09-13,01:07:04,WashingtonDC7D,38.859,-76.997
3638,6D198883,Single_Gunshot,2017-09-13,20:39:49,WashingtonDC6D,38.9,-76.922
3639,6D198885,Multiple_Gunshots,2017-09-13,20:48:33,WashingtonDC6D,38.896,-76.956
3640,6D198890,Single_Gunshot,2017-09-13,21:17:19,WashingtonDC6D,38.896,-76.943
3641,5D81852,Multiple_Gunshots,2017-09-13,21:17:45,WashingtonDC5D,38.906,-77.012
3642,5D81853,Multiple_Gunshots,2017-09-13,21:17:52,WashingtonDC5D,38.906,-77.012
3643,7D254891,Single_Gunshot,2017-09-13,21:19:29,WashingtonDC7D,38.844,-76.996
3644,5D81854,Multiple_Gunshots,2017-09-13,21:36:29,WashingtonDC5D,38.925,-76.968
3645,6D198891,Single_Gunshot,2017-09-13,21:54:41,WashingtonDC6D,38.894,-76.941
3646,7D254894,Single_Gunshot,2017-09-13,23:23:48,WashingtonDC7D,38.846,-76.97
3647,7D254901,Multiple_Gunshots,2017-09-14,01:30:23,WashingtonDC7D,38.842,-77.003
3648,7D254902,Multiple_Gunshots,2017-09-14,01:30:27,WashingtonDC7D,38.843,-77.002
3649,7D254904,Multiple_Gunshots,2017-09-14,04:02:04,WashingtonDC7D,38.861,-76.998
3650,4D65835,Gunshot_or_Firecracker,2017-09-14,07:53:09,WashingtonDC4D,38.952,-77.028
3651,3D68057,Multiple_Gunshots,2017-09-14,16:48:16,WashingtonDC3D,38.909,-77.016
3652,3D68058,Multiple_Gunshots,2017-09-14,16:48:20,WashingtonDC3D,38.907,-77.019
3653,3D68059,Multiple_Gunshots,2017-09-14,16:48:23,WashingtonDC3D,38.908,-77.017
3654,7D254945,Multiple_Gunshots,2017-09-14,19:28:57,WashingtonDC7D,38.838,-76.99
3655,7D254969,Multiple_Gunshots,2017-09-14,20:58:36,WashingtonDC7D,38.842,-76.993
3656,7D254970,Multiple_Gunshots,2017-09-14,20:58:46,WashingtonDC7D,38.842,-76.992
3657,7D254977,Multiple_Gunshots,2017-09-15,01:43:48,WashingtonDC7D,38.829,-76.993
3658,7D254978,Single_Gunshot,2017-09-15,01:44:18,WashingtonDC7D,38.831,-76.994
3659,7D254980,Gunshot_or_Firecracker,2017-09-15,04:43:45,WashingtonDC7D,38.843,-76.986
3660,7D254995,Multiple_Gunshots,2017-09-15,12:32:35,WashingtonDC7D,38.831,-77.007
3661,6D198910,Multiple_Gunshots,2017-09-15,15:02:10,WashingtonDC6D,38.894,-76.916
3662,6D198911,Gunshot_or_Firecracker,2017-09-15,19:04:37,WashingtonDC6D,38.879,-76.963
3663,6D198913,Multiple_Gunshots,2017-09-15,19:04:43,WashingtonDC6D,38.879,-76.963
3664,6D198923,Multiple_Gunshots,2017-09-15,21:26:12,WashingtonDC6D,38.875,-76.965
3665,6D198924,Gunshot_or_Firecracker,2017-09-15,21:26:51,WashingtonDC6D,38.876,-76.96
3666,6D198925,Gunshot_or_Firecracker,2017-09-15,21:28:10,WashingtonDC6D,38.894,-76.953
3667,7D255033,Multiple_Gunshots,2017-09-15,22:31:58,WashingtonDC7D,38.849,-76.976
3668,6D198934,Gunshot_or_Firecracker,2017-09-15,23:15:29,WashingtonDC6D,38.886,-76.953
3669,7D255039,Multiple_Gunshots,2017-09-16,01:15:12,WashingtonDC7D,38.856,-76.969
3670,6D198936,Single_Gunshot,2017-09-16,01:33:51,WashingtonDC6D,38.884,-76.941
3671,6D198937,Single_Gunshot,2017-09-16,01:34:30,WashingtonDC6D,38.884,-76.941
3672,7D255042,Single_Gunshot,2017-09-16,02:14:36,WashingtonDC7D,38.844,-76.973
3673,6D198939,Single_Gunshot,2017-09-16,03:20:53,WashingtonDC6D,38.904,-76.933
3674,6D198940,Single_Gunshot,2017-09-16,03:25:18,WashingtonDC6D,38.89,-76.954
3675,6D198943,Multiple_Gunshots,2017-09-16,04:00:33,WashingtonDC6D,38.893,-76.926
3676,6D198945,Multiple_Gunshots,2017-09-16,04:10:56,WashingtonDC6D,38.891,-76.958
3677,7D255043,Multiple_Gunshots,2017-09-16,04:33:12,WashingtonDC7D,38.827,-76.997
3678,7D255054,Multiple_Gunshots,2017-09-16,07:34:07,WashingtonDC7D,38.831,-77.007
3679,7D255055,Multiple_Gunshots,2017-09-16,07:34:12,WashingtonDC7D,38.832,-77.007
3680,7D255057,Multiple_Gunshots,2017-09-16,07:34:21,WashingtonDC7D,38.832,-77.007
3681,7D255089,Single_Gunshot,2017-09-16,18:40:39,WashingtonDC7D,38.85,-76.967
3682,6D198956,Multiple_Gunshots,2017-09-16,20:32:51,WashingtonDC6D,38.897,-76.936
3683,6D198967,Single_Gunshot,2017-09-16,22:21:17,WashingtonDC6D,38.89,-76.953
3684,6D198968,Single_Gunshot,2017-09-16,22:27:08,WashingtonDC6D,38.895,-76.926
3685,7D255102,Multiple_Gunshots,2017-09-16,22:39:42,WashingtonDC7D,38.842,-76.992
3686,4D65849,Multiple_Gunshots,2017-09-16,23:38:54,WashingtonDC4D,38.941,-77.024
3687,4D65850,Single_Gunshot,2017-09-16,23:39:02,WashingtonDC4D,38.941,-77.024
3688,7D255104,Multiple_Gunshots,2017-09-17,00:10:26,WashingtonDC7D,38.846,-77.0
3689,6D198971,Multiple_Gunshots,2017-09-17,01:21:50,WashingtonDC6D,38.866,-76.974
3690,6D198972,Multiple_Gunshots,2017-09-17,01:21:59,WashingtonDC6D,38.866,-76.974
3691,7D255105,Multiple_Gunshots,2017-09-17,02:05:48,WashingtonDC7D,38.863,-76.983
3692,6D198973,Gunshot_or_Firecracker,2017-09-17,02:13:47,WashingtonDC6D,38.905,-76.933
3693,1D92267,Single_Gunshot,2017-09-17,03:38:23,WashingtonDC1D,38.895,-76.99
3694,7D255108,Multiple_Gunshots,2017-09-17,05:35:13,WashingtonDC7D,38.844,-76.991
3695,7D255117,Gunshot_or_Firecracker,2017-09-17,12:27:48,WashingtonDC7D,38.828,-77.003
3696,6D198978,Gunshot_or_Firecracker,2017-09-17,18:05:56,WashingtonDC6D,38.882,-76.926
3697,1D92270,Gunshot_or_Firecracker,2017-09-17,19:51:50,WashingtonDC1D,38.879,-77.016
3698,7D255126,Multiple_Gunshots,2017-09-17,20:13:06,WashingtonDC7D,38.855,-76.991
3699,7D255130,Multiple_Gunshots,2017-09-17,20:46:57,WashingtonDC7D,38.862,-76.983
3700,6D198984,Multiple_Gunshots,2017-09-17,21:34:10,WashingtonDC6D,38.887,-76.923
3701,7D255132,Single_Gunshot,2017-09-17,21:37:52,WashingtonDC7D,38.844,-76.976
3702,4D65852,Single_Gunshot,2017-09-17,22:06:40,WashingtonDC4D,38.945,-77.023
3703,7D255135,Multiple_Gunshots,2017-09-17,22:15:00,WashingtonDC7D,38.863,-76.982
3704,7D255136,Multiple_Gunshots,2017-09-17,22:21:30,WashingtonDC7D,38.862,-76.984
3705,6D198985,Single_Gunshot,2017-09-17,23:04:25,WashingtonDC6D,38.899,-76.945
3706,6D198986,Single_Gunshot,2017-09-18,00:06:31,WashingtonDC6D,38.882,-76.939
3707,6D198987,Multiple_Gunshots,2017-09-18,00:07:49,WashingtonDC6D,38.881,-76.94
3708,7D255142,Multiple_Gunshots,2017-09-18,00:29:50,WashingtonDC7D,38.831,-77.007
3709,6D198988,Multiple_Gunshots,2017-09-18,01:03:14,WashingtonDC6D,38.894,-76.93
3710,6D198989,Single_Gunshot,2017-09-18,01:36:54,WashingtonDC6D,38.89,-76.951
3711,6D198998,Multiple_Gunshots,2017-09-18,16:00:20,WashingtonDC6D,38.891,-76.951
3712,7D255174,Multiple_Gunshots,2017-09-18,22:06:12,WashingtonDC7D,38.857,-76.974
3713,6D199018,Multiple_Gunshots,2017-09-18,22:44:27,WashingtonDC6D,38.892,-76.957
3714,6D199019,Multiple_Gunshots,2017-09-19,01:29:07,WashingtonDC6D,38.911,-76.936
3715,5D81911,Gunshot_or_Firecracker,2017-09-19,02:53:38,WashingtonDC5D,38.896,-76.977
3716,5D81912,Single_Gunshot,2017-09-19,03:01:59,WashingtonDC5D,38.907,-76.984
3717,1D92282,Single_Gunshot,2017-09-19,04:04:24,WashingtonDC1D,38.897,-76.984
3718,1D92283,Single_Gunshot,2017-09-19,04:04:57,WashingtonDC1D,38.897,-76.984
3719,6D199025,Multiple_Gunshots,2017-09-19,19:52:45,WashingtonDC6D,38.877,-76.932
3720,6D199026,Multiple_Gunshots,2017-09-19,20:04:23,WashingtonDC6D,38.903,-76.926
3721,6D199030,Multiple_Gunshots,2017-09-19,22:30:19,WashingtonDC6D,38.893,-76.929
3722,6D199031,Multiple_Gunshots,2017-09-19,23:05:26,WashingtonDC6D,38.89,-76.954
3723,7D255193,Gunshot_or_Firecracker,2017-09-19,23:35:59,WashingtonDC7D,38.848,-76.972
3724,6D199033,Multiple_Gunshots,2017-09-20,00:28:22,WashingtonDC6D,38.892,-76.95
3725,7D255194,Multiple_Gunshots,2017-09-20,00:34:59,WashingtonDC7D,38.855,-76.97
3726,6D199034,Single_Gunshot,2017-09-20,00:43:57,WashingtonDC6D,38.904,-76.936
3727,6D199035,Multiple_Gunshots,2017-09-20,02:36:18,WashingtonDC6D,38.897,-76.928
3728,7D255199,Single_Gunshot,2017-09-20,03:30:29,WashingtonDC7D,38.864,-76.981
3729,4D65874,Multiple_Gunshots,2017-09-20,16:26:52,WashingtonDC4D,38.955,-77.022
3730,7D255211,Multiple_Gunshots,2017-09-20,18:26:11,WashingtonDC7D,38.842,-76.989
3731,7D255216,Multiple_Gunshots,2017-09-20,21:03:37,WashingtonDC7D,38.831,-77.005
3732,7D255219,Single_Gunshot,2017-09-20,21:27:30,WashingtonDC7D,38.832,-77.007
3733,7D255220,Multiple_Gunshots,2017-09-20,21:31:42,WashingtonDC7D,38.832,-77.006
3734,5D81924,Single_Gunshot,2017-09-20,21:39:03,WashingtonDC5D,38.922,-76.991
3735,7D255222,Gunshot_or_Firecracker,2017-09-20,22:31:30,WashingtonDC7D,38.852,-76.974
3736,7D255226,Single_Gunshot,2017-09-21,01:33:44,WashingtonDC7D,38.864,-76.989
3737,6D199048,Multiple_Gunshots,2017-09-21,02:10:36,WashingtonDC6D,38.905,-76.927
3738,6D199056,Multiple_Gunshots,2017-09-21,12:34:38,WashingtonDC6D,38.888,-76.951
3739,7D255243,Single_Gunshot,2017-09-21,17:54:43,WashingtonDC7D,38.837,-76.991
3740,7D255245,Single_Gunshot,2017-09-21,18:39:15,WashingtonDC7D,38.838,-76.99
3741,7D255247,Multiple_Gunshots,2017-09-21,21:07:54,WashingtonDC7D,38.837,-76.99
3742,4D65877,Single_Gunshot,2017-09-21,21:14:23,WashingtonDC4D,38.949,-77.029
3743,7D255253,Multiple_Gunshots,2017-09-21,21:19:07,WashingtonDC7D,38.832,-76.991
3744,6D199060,Single_Gunshot,2017-09-21,21:38:55,WashingtonDC6D,38.884,-76.956
3745,7D255254,Multiple_Gunshots,2017-09-21,22:17:06,WashingtonDC7D,38.847,-76.983
3746,7D255255,Multiple_Gunshots,2017-09-21,22:17:14,WashingtonDC7D,38.846,-76.984
3747,7D255262,Single_Gunshot,2017-09-21,23:12:29,WashingtonDC7D,38.847,-76.98
3748,6D199061,Single_Gunshot,2017-09-22,00:35:18,WashingtonDC6D,38.885,-76.935
3749,7D255264,Multiple_Gunshots,2017-09-22,01:32:39,WashingtonDC7D,38.827,-76.997
3750,6D199063,Single_Gunshot,2017-09-22,02:34:51,WashingtonDC6D,38.888,-76.932
3751,6D199066,Multiple_Gunshots,2017-09-22,16:03:47,WashingtonDC6D,38.893,-76.913
3752,7D255272,Single_Gunshot,2017-09-22,18:07:28,WashingtonDC7D,38.827,-76.999
3753,7D255274,Multiple_Gunshots,2017-09-22,19:12:45,WashingtonDC7D,38.842,-76.987
3754,7D255275,Multiple_Gunshots,2017-09-22,19:14:08,WashingtonDC7D,38.842,-76.987
3755,7D255305,Multiple_Gunshots,2017-09-22,20:11:41,WashingtonDC7D,38.827,-77.0
3756,6D199074,Single_Gunshot,2017-09-23,02:17:53,WashingtonDC6D,38.886,-76.94
3757,4D65881,Single_Gunshot,2017-09-23,02:38:40,WashingtonDC4D,38.949,-77.019
3758,6D199075,Multiple_Gunshots,2017-09-23,02:38:56,WashingtonDC6D,38.893,-76.918
3759,4D65883,Multiple_Gunshots,2017-09-23,02:51:23,WashingtonDC4D,38.941,-77.017
3760,5D81954,Single_Gunshot,2017-09-23,02:57:17,WashingtonDC5D,38.901,-76.987
3761,1D92312,Single_Gunshot,2017-09-23,02:57:17,WashingtonDC1D,38.901,-76.986
3762,6D199076,Multiple_Gunshots,2017-09-23,03:05:00,WashingtonDC6D,38.893,-76.928
3763,6D199077,Single_Gunshot,2017-09-23,04:27:07,WashingtonDC6D,38.893,-76.924
3764,6D199080,Single_Gunshot,2017-09-23,06:00:21,WashingtonDC6D,38.884,-76.922
3765,3D68084,Multiple_Gunshots,2017-09-23,15:57:57,WashingtonDC3D,38.925,-77.032
3766,7D255334,Multiple_Gunshots,2017-09-23,19:10:11,WashingtonDC7D,38.838,-76.989
3767,4D65899,Single_Gunshot,2017-09-23,20:57:38,WashingtonDC4D,38.951,-77.026
3768,5D81972,Single_Gunshot,2017-09-23,21:13:52,WashingtonDC5D,38.913,-76.985
3769,7D255372,Multiple_Gunshots,2017-09-23,21:21:09,WashingtonDC7D,38.854,-76.966
3770,7D255375,Multiple_Gunshots,2017-09-23,21:23:12,WashingtonDC7D,38.863,-76.982
3771,7D255382,Multiple_Gunshots,2017-09-23,22:11:45,WashingtonDC7D,38.837,-77.003
3772,7D255385,Multiple_Gunshots,2017-09-23,23:18:32,WashingtonDC7D,38.85,-76.974
3773,7D255388,Multiple_Gunshots,2017-09-23,23:28:17,WashingtonDC7D,38.858,-76.995
3774,7D255389,Multiple_Gunshots,2017-09-23,23:28:21,WashingtonDC7D,38.858,-76.997
3775,6D199199,Multiple_Gunshots,2017-09-24,00:11:14,WashingtonDC6D,38.911,-76.938
3776,7D255394,Multiple_Gunshots,2017-09-24,00:22:06,WashingtonDC7D,38.862,-76.991
3777,6D199203,Multiple_Gunshots,2017-09-24,00:22:08,WashingtonDC6D,38.862,-76.992
3778,6D199204,Multiple_Gunshots,2017-09-24,00:52:24,WashingtonDC6D,38.895,-76.923
3779,6D199205,Multiple_Gunshots,2017-09-24,01:11:46,WashingtonDC6D,38.905,-76.927
3780,6D199208,Single_Gunshot,2017-09-24,01:33:46,WashingtonDC6D,38.888,-76.92
3781,6D199210,Multiple_Gunshots,2017-09-24,01:37:41,WashingtonDC6D,38.886,-76.919
3782,7D255396,Multiple_Gunshots,2017-09-24,01:51:57,WashingtonDC7D,38.846,-76.973
3783,6D199211,Multiple_Gunshots,2017-09-24,01:58:26,WashingtonDC6D,38.886,-76.95
3784,4D65907,Single_Gunshot,2017-09-24,02:50:21,WashingtonDC4D,38.957,-77.028
3785,7D255400,Multiple_Gunshots,2017-09-24,03:16:42,WashingtonDC7D,38.827,-76.997
3786,6D199212,Multiple_Gunshots,2017-09-24,05:10:46,WashingtonDC6D,38.881,-76.93
3787,6D199213,Single_Gunshot,2017-09-24,05:16:02,WashingtonDC6D,38.882,-76.93
3788,6D199234,Multiple_Gunshots,2017-09-24,20:08:07,WashingtonDC6D,38.887,-76.956
3789,5D81977,Multiple_Gunshots,2017-09-24,21:49:12,WashingtonDC5D,38.926,-76.986
3790,6D199237,Multiple_Gunshots,2017-09-24,22:42:10,WashingtonDC6D,38.894,-76.916
3791,4D65913,Gunshot_or_Firecracker,2017-09-24,23:48:34,WashingtonDC4D,38.948,-77.027
3792,7D255412,Multiple_Gunshots,2017-09-25,01:42:53,WashingtonDC7D,38.828,-76.997
3793,6D199239,Single_Gunshot,2017-09-25,07:05:56,WashingtonDC6D,38.881,-76.933
3794,7D255422,Single_Gunshot,2017-09-25,20:03:09,WashingtonDC7D,38.833,-77.0
3795,5D81992,Multiple_Gunshots,2017-09-25,21:18:47,WashingtonDC5D,38.912,-76.988
3796,7D255425,Multiple_Gunshots,2017-09-25,21:25:47,WashingtonDC7D,38.834,-77.003
3797,5D81993,Multiple_Gunshots,2017-09-25,21:38:18,WashingtonDC5D,38.922,-76.987
3798,6D199247,Multiple_Gunshots,2017-09-25,23:51:33,WashingtonDC6D,38.895,-76.929
3799,6D199248,Single_Gunshot,2017-09-26,00:37:59,WashingtonDC6D,38.894,-76.928
3800,6D199249,Multiple_Gunshots,2017-09-26,01:58:36,WashingtonDC6D,38.893,-76.953
3801,7D255454,Gunshot_or_Firecracker,2017-09-26,12:34:04,WashingtonDC7D,38.847,-76.974
3802,7D255455,Multiple_Gunshots,2017-09-26,14:23:10,WashingtonDC7D,38.863,-76.982
3803,1D92338,Gunshot_or_Firecracker,2017-09-26,16:34:58,WashingtonDC1D,38.877,-77.02
3804,1D92341,Single_Gunshot,2017-09-26,19:49:08,WashingtonDC1D,38.875,-77.014
3805,6D199260,Gunshot_or_Firecracker,2017-09-26,21:08:13,WashingtonDC6D,38.893,-76.912
3806,5D82002,Multiple_Gunshots,2017-09-26,22:11:50,WashingtonDC5D,38.903,-76.976
3807,6D199262,Multiple_Gunshots,2017-09-26,23:55:27,WashingtonDC6D,38.881,-76.962
3808,6D199263,Multiple_Gunshots,2017-09-26,23:55:36,WashingtonDC6D,38.881,-76.962
3809,6D199264,Multiple_Gunshots,2017-09-27,00:54:00,WashingtonDC6D,38.893,-76.93
3810,5D82008,Multiple_Gunshots,2017-09-27,19:36:21,WashingtonDC5D,38.923,-76.988
3811,3D68095,Multiple_Gunshots,2017-09-27,20:34:37,WashingtonDC3D,38.907,-77.017
3812,7D255483,Multiple_Gunshots,2017-09-28,00:45:18,WashingtonDC7D,38.829,-77.006
3813,7D255484,Multiple_Gunshots,2017-09-28,00:45:23,WashingtonDC7D,38.829,-77.007
3814,7D255488,Multiple_Gunshots,2017-09-28,01:56:55,WashingtonDC7D,38.826,-76.998
3815,3D68096,Single_Gunshot,2017-09-28,04:05:14,WashingtonDC3D,38.918,-77.016
3816,7D255489,Gunshot_or_Firecracker,2017-09-28,05:42:45,WashingtonDC7D,38.851,-76.968
3817,6D199283,Single_Gunshot,2017-09-28,17:01:23,WashingtonDC6D,38.893,-76.951
3818,7D255495,Multiple_Gunshots,2017-09-28,17:56:19,WashingtonDC7D,38.84,-77.001
3819,7D255497,Gunshot_or_Firecracker,2017-09-28,18:10:24,WashingtonDC7D,38.839,-76.998
3820,6D199290,Single_Gunshot,2017-09-28,20:59:51,WashingtonDC6D,38.893,-76.913
3821,6D199293,Multiple_Gunshots,2017-09-28,22:17:04,WashingtonDC6D,38.901,-76.922
3822,7D255505,Single_Gunshot,2017-09-28,22:38:14,WashingtonDC7D,38.867,-76.978
3823,6D199295,Multiple_Gunshots,2017-09-28,22:46:28,WashingtonDC6D,38.881,-76.926
3824,5D82018,Multiple_Gunshots,2017-09-28,22:57:49,WashingtonDC5D,38.903,-76.975
3825,3D68098,Single_Gunshot,2017-09-29,00:23:11,WashingtonDC3D,38.908,-77.016
3826,7D255513,Single_Gunshot,2017-09-29,01:44:05,WashingtonDC7D,38.835,-76.99
3827,7D255514,Multiple_Gunshots,2017-09-29,01:44:13,WashingtonDC7D,38.835,-76.99
3828,6D199301,Multiple_Gunshots,2017-09-29,02:34:00,WashingtonDC6D,38.899,-76.937
3829,6D199302,Multiple_Gunshots,2017-09-29,03:31:39,WashingtonDC6D,38.886,-76.955
3830,6D199303,Multiple_Gunshots,2017-09-29,03:31:48,WashingtonDC6D,38.886,-76.955
3831,7D255529,Single_Gunshot,2017-09-29,19:15:17,WashingtonDC7D,38.854,-76.971
3832,7D255537,Single_Gunshot,2017-09-29,21:29:49,WashingtonDC7D,38.866,-76.983
3833,6D199312,Gunshot_or_Firecracker,2017-09-29,21:57:21,WashingtonDC6D,38.879,-76.93
3834,5D82026,Multiple_Gunshots,2017-09-29,23:41:12,WashingtonDC5D,38.9,-76.975
3835,6D199318,Gunshot_or_Firecracker,2017-09-30,00:19:55,WashingtonDC6D,38.886,-76.952
3836,6D199319,Multiple_Gunshots,2017-09-30,00:27:43,WashingtonDC6D,38.886,-76.952
3837,5D82027,Multiple_Gunshots,2017-09-30,01:02:13,WashingtonDC5D,38.905,-76.978
3838,5D82028,Multiple_Gunshots,2017-09-30,01:02:18,WashingtonDC5D,38.904,-76.979
3839,6D199326,Multiple_Gunshots,2017-09-30,01:47:02,WashingtonDC6D,38.887,-76.932
3840,6D199327,Multiple_Gunshots,2017-09-30,01:47:03,WashingtonDC6D,38.887,-76.932
3841,6D199329,Multiple_Gunshots,2017-09-30,01:47:10,WashingtonDC6D,38.887,-76.932
3842,6D199330,Gunshot_or_Firecracker,2017-09-30,03:04:37,WashingtonDC6D,38.886,-76.951
3843,6D199331,Multiple_Gunshots,2017-09-30,03:22:17,WashingtonDC6D,38.884,-76.945
3844,6D199332,Multiple_Gunshots,2017-09-30,03:31:09,WashingtonDC6D,38.887,-76.951
3845,4D65934,Gunshot_or_Firecracker,2017-09-30,03:57:31,WashingtonDC4D,38.942,-77.022
3846,6D199333,Single_Gunshot,2017-09-30,04:08:09,WashingtonDC6D,38.893,-76.949
3847,7D255543,Multiple_Gunshots,2017-09-30,04:41:55,WashingtonDC7D,38.832,-77.01
3848,4D65935,Gunshot_or_Firecracker,2017-09-30,07:18:38,WashingtonDC4D,38.958,-77.018
3849,4D65939,Single_Gunshot,2017-09-30,07:41:55,WashingtonDC4D,38.955,-77.023
3850,6D199344,Gunshot_or_Firecracker,2017-09-30,13:29:16,WashingtonDC6D,38.883,-76.939
3851,6D199358,Gunshot_or_Firecracker,2017-09-30,20:24:03,WashingtonDC6D,38.89,-76.94
3852,6D199364,Multiple_Gunshots,2017-09-30,21:32:44,WashingtonDC6D,38.886,-76.951
3853,6D199365,Single_Gunshot,2017-09-30,21:34:03,WashingtonDC6D,38.886,-76.951
3854,6D199367,Gunshot_or_Firecracker,2017-09-30,22:56:52,WashingtonDC6D,38.908,-76.93
3855,7D255556,Multiple_Gunshots,2017-09-30,23:19:39,WashingtonDC7D,38.846,-76.973
3856,7D255560,Single_Gunshot,2017-10-01,00:45:49,WashingtonDC7D,38.861,-76.987
3857,7D255562,Multiple_Gunshots,2017-10-01,01:12:42,WashingtonDC7D,38.837,-77.003
3858,3D68105,Multiple_Gunshots,2017-10-01,02:31:49,WashingtonDC3D,38.911,-77.019
3859,6D199373,Multiple_Gunshots,2017-10-01,02:59:21,WashingtonDC6D,38.893,-76.953
3860,6D199378,Single_Gunshot,2017-10-01,13:11:27,WashingtonDC6D,38.889,-76.944
3861,7D255570,Single_Gunshot,2017-10-01,13:15:46,WashingtonDC7D,38.851,-76.973
3862,6D199381,Multiple_Gunshots,2017-10-01,18:05:44,WashingtonDC6D,38.887,-76.951
3863,6D199384,Gunshot_or_Firecracker,2017-10-01,18:54:42,WashingtonDC6D,38.898,-76.918
3864,4D65945,Multiple_Gunshots,2017-10-01,20:58:46,WashingtonDC4D,38.956,-77.029
3865,6D199390,Single_Gunshot,2017-10-01,21:04:57,WashingtonDC6D,38.896,-76.926
3866,6D199391,Single_Gunshot,2017-10-01,21:06:48,WashingtonDC6D,38.896,-76.926
3867,6D199398,Multiple_Gunshots,2017-10-01,21:09:47,WashingtonDC6D,38.89,-76.932
3868,6D199399,Single_Gunshot,2017-10-01,22:39:53,WashingtonDC6D,38.867,-76.982
3869,7D255584,Single_Gunshot,2017-10-01,22:39:54,WashingtonDC7D,38.868,-76.982
3870,7D255585,Multiple_Gunshots,2017-10-01,22:41:23,WashingtonDC7D,38.867,-76.982
3871,6D199400,Multiple_Gunshots,2017-10-01,22:41:23,WashingtonDC6D,38.867,-76.982
3872,7D255586,Multiple_Gunshots,2017-10-01,22:44:24,WashingtonDC7D,38.866,-76.982
3873,6D199408,Single_Gunshot,2017-10-02,20:45:00,WashingtonDC6D,38.893,-76.931
3874,7D255610,Multiple_Gunshots,2017-10-02,22:16:49,WashingtonDC7D,38.829,-76.996
3875,6D199411,Multiple_Gunshots,2017-10-02,22:55:51,WashingtonDC6D,38.894,-76.919
3876,6D199412,Multiple_Gunshots,2017-10-02,22:56:01,WashingtonDC6D,38.894,-76.918
3877,4D65954,Single_Gunshot,2017-10-02,23:20:02,WashingtonDC4D,38.947,-77.024
3878,7D255614,Multiple_Gunshots,2017-10-03,00:51:33,WashingtonDC7D,38.855,-76.971
3879,7D255615,Single_Gunshot,2017-10-03,00:52:11,WashingtonDC7D,38.855,-76.972
3880,7D255616,Multiple_Gunshots,2017-10-03,02:17:33,WashingtonDC7D,38.842,-76.993
3881,7D255617,Multiple_Gunshots,2017-10-03,02:17:39,WashingtonDC7D,38.842,-76.993
3882,7D255624,Multiple_Gunshots,2017-10-03,15:19:06,WashingtonDC7D,38.833,-76.995
3883,7D255625,Single_Gunshot,2017-10-03,16:16:33,WashingtonDC7D,38.861,-76.993
3884,7D255632,Multiple_Gunshots,2017-10-03,20:53:14,WashingtonDC7D,38.854,-76.967
3885,6D199427,Multiple_Gunshots,2017-10-03,20:57:19,WashingtonDC6D,38.883,-76.959
3886,6D199428,Single_Gunshot,2017-10-03,21:07:52,WashingtonDC6D,38.894,-76.93
3887,7D255635,Multiple_Gunshots,2017-10-03,21:34:12,WashingtonDC7D,38.847,-76.983
3888,7D255636,Multiple_Gunshots,2017-10-03,21:34:15,WashingtonDC7D,38.847,-76.983
3889,7D255638,Single_Gunshot,2017-10-03,21:34:54,WashingtonDC7D,38.846,-76.983
3890,6D199430,Single_Gunshot,2017-10-03,21:36:17,WashingtonDC6D,38.898,-76.936
3891,7D255642,Multiple_Gunshots,2017-10-03,21:41:33,WashingtonDC7D,38.852,-76.967
3892,6D199431,Multiple_Gunshots,2017-10-03,21:45:05,WashingtonDC6D,38.899,-76.921
3893,6D199432,Multiple_Gunshots,2017-10-03,21:55:05,WashingtonDC6D,38.897,-76.935
3894,6D199434,Multiple_Gunshots,2017-10-03,22:51:34,WashingtonDC6D,38.901,-76.925
3895,7D255648,Multiple_Gunshots,2017-10-04,02:28:24,WashingtonDC7D,38.863,-76.981
3896,6D199435,Multiple_Gunshots,2017-10-04,02:28:26,WashingtonDC6D,38.868,-76.983
3897,6D199436,Multiple_Gunshots,2017-10-04,04:27:30,WashingtonDC6D,38.896,-76.914
3898,6D199439,Multiple_Gunshots,2017-10-04,05:11:40,WashingtonDC6D,38.896,-76.914
3899,7D255656,Multiple_Gunshots,2017-10-04,17:56:13,WashingtonDC7D,38.835,-76.99
3900,7D255657,Multiple_Gunshots,2017-10-04,18:44:35,WashingtonDC7D,38.832,-76.992
3901,6D199447,Multiple_Gunshots,2017-10-04,19:39:16,WashingtonDC6D,38.888,-76.923
3902,6D199448,Multiple_Gunshots,2017-10-04,19:39:28,WashingtonDC6D,38.887,-76.923
3903,6D199449,Multiple_Gunshots,2017-10-04,19:39:34,WashingtonDC6D,38.902,-76.93
3904,7D255659,Single_Gunshot,2017-10-04,21:43:42,WashingtonDC7D,38.855,-76.971
3905,6D199452,Multiple_Gunshots,2017-10-04,23:33:17,WashingtonDC6D,38.893,-76.911
3906,6D199453,Single_Gunshot,2017-10-05,00:39:51,WashingtonDC6D,38.892,-76.952
3907,6D199454,Single_Gunshot,2017-10-05,00:51:40,WashingtonDC6D,38.893,-76.951
3908,5D82078,Single_Gunshot,2017-10-05,02:10:10,WashingtonDC5D,38.899,-76.977
3909,7D255665,Single_Gunshot,2017-10-05,02:32:30,WashingtonDC7D,38.846,-76.973
3910,6D199477,Single_Gunshot,2017-10-05,16:57:43,WashingtonDC6D,38.891,-76.913
3911,4D65968,Multiple_Gunshots,2017-10-06,00:09:53,WashingtonDC4D,38.957,-77.022
3912,6D199483,Single_Gunshot,2017-10-06,00:16:09,WashingtonDC6D,38.884,-76.932
3913,6D199484,Single_Gunshot,2017-10-06,00:42:28,WashingtonDC6D,38.895,-76.92
3914,6D199485,Gunshot_or_Firecracker,2017-10-06,00:44:01,WashingtonDC6D,38.895,-76.92
3915,6D199486,Single_Gunshot,2017-10-06,00:46:59,WashingtonDC6D,38.895,-76.92
3916,7D255687,Multiple_Gunshots,2017-10-06,02:10:01,WashingtonDC7D,38.836,-77.003
3917,7D255689,Multiple_Gunshots,2017-10-06,02:23:02,WashingtonDC7D,38.827,-76.997
3918,7D255690,Multiple_Gunshots,2017-10-06,02:23:08,WashingtonDC7D,38.829,-76.996
3919,7D255691,Multiple_Gunshots,2017-10-06,02:28:17,WashingtonDC7D,38.828,-76.998
3920,7D255692,Single_Gunshot,2017-10-06,05:39:46,WashingtonDC7D,38.83,-76.999
3921,6D199488,Gunshot_or_Firecracker,2017-10-06,07:48:17,WashingtonDC6D,38.903,-76.927
3922,7D255703,Multiple_Gunshots,2017-10-06,17:07:43,WashingtonDC7D,38.861,-76.994
3923,7D255707,Single_Gunshot,2017-10-06,20:48:45,WashingtonDC7D,38.848,-76.975
3924,6D199497,Gunshot_or_Firecracker,2017-10-06,22:44:49,WashingtonDC6D,38.867,-76.944
3925,7D255721,Gunshot_or_Firecracker,2017-10-06,22:47:43,WashingtonDC7D,38.829,-76.993
3926,6D199500,Multiple_Gunshots,2017-10-06,22:50:59,WashingtonDC6D,38.867,-76.944
3927,7D255724,Multiple_Gunshots,2017-10-06,23:17:13,WashingtonDC7D,38.843,-76.996
3928,6D199501,Gunshot_or_Firecracker,2017-10-06,23:17:37,WashingtonDC6D,38.871,-76.975
3929,7D255728,Multiple_Gunshots,2017-10-07,00:30:44,WashingtonDC7D,38.863,-76.989
3930,7D255731,Multiple_Gunshots,2017-10-07,01:46:47,WashingtonDC7D,38.827,-77.006
3931,7D255732,Single_Gunshot,2017-10-07,01:57:10,WashingtonDC7D,38.855,-76.972
3932,1D92434,Multiple_Gunshots,2017-10-07,02:55:00,WashingtonDC1D,38.866,-77.011
3933,1D92435,Multiple_Gunshots,2017-10-07,02:55:04,WashingtonDC1D,38.875,-77.014
3934,3D68133,Multiple_Gunshots,2017-10-07,03:03:55,WashingtonDC3D,38.915,-77.029
3935,6D199505,Multiple_Gunshots,2017-10-07,03:06:31,WashingtonDC6D,38.898,-76.943
3936,6D199506,Single_Gunshot,2017-10-07,03:10:45,WashingtonDC6D,38.884,-76.958
3937,6D199507,Multiple_Gunshots,2017-10-07,03:44:14,WashingtonDC6D,38.865,-76.946
3938,7D255736,Multiple_Gunshots,2017-10-07,04:33:59,WashingtonDC7D,38.863,-76.981
3939,5D82087,Multiple_Gunshots,2017-10-07,05:52:06,WashingtonDC5D,38.9,-76.972
3940,5D82088,Multiple_Gunshots,2017-10-07,05:52:21,WashingtonDC5D,38.901,-76.972
3941,6D199513,Single_Gunshot,2017-10-07,20:37:41,WashingtonDC6D,38.876,-76.932
3942,7D255754,Multiple_Gunshots,2017-10-07,20:44:57,WashingtonDC7D,38.851,-76.965
3943,7D255755,Multiple_Gunshots,2017-10-07,20:57:10,WashingtonDC7D,38.864,-76.981
3944,7D255758,Single_Gunshot,2017-10-07,22:58:35,WashingtonDC7D,38.846,-76.98
3945,6D199517,Multiple_Gunshots,2017-10-07,23:45:15,WashingtonDC6D,38.905,-76.932
3946,6D199518,Multiple_Gunshots,2017-10-08,00:00:16,WashingtonDC6D,38.896,-76.93
3947,6D199519,Multiple_Gunshots,2017-10-08,00:19:32,WashingtonDC6D,38.894,-76.911
3948,7D255760,Multiple_Gunshots,2017-10-08,00:21:40,WashingtonDC7D,38.837,-77.006
3949,7D255762,Single_Gunshot,2017-10-08,00:54:06,WashingtonDC7D,38.842,-76.996
3950,7D255763,Multiple_Gunshots,2017-10-08,00:57:16,WashingtonDC7D,38.856,-76.973
3951,7D255764,Multiple_Gunshots,2017-10-08,00:57:22,WashingtonDC7D,38.856,-76.972
3952,7D255765,Multiple_Gunshots,2017-10-08,00:57:23,WashingtonDC7D,38.856,-76.972
3953,7D255766,Multiple_Gunshots,2017-10-08,00:57:25,WashingtonDC7D,38.856,-76.972
3954,4D65974,Multiple_Gunshots,2017-10-08,00:58:12,WashingtonDC4D,38.95,-77.017
3955,6D199521,Multiple_Gunshots,2017-10-08,02:13:20,WashingtonDC6D,38.897,-76.942
3956,6D199522,Multiple_Gunshots,2017-10-08,02:33:32,WashingtonDC6D,38.878,-76.93
3957,6D199523,Single_Gunshot,2017-10-08,02:53:30,WashingtonDC6D,38.885,-76.925
3958,6D199524,Multiple_Gunshots,2017-10-08,03:09:56,WashingtonDC6D,38.89,-76.956
3959,7D255768,Multiple_Gunshots,2017-10-08,03:47:04,WashingtonDC7D,38.865,-76.989
3960,5D82093,Multiple_Gunshots,2017-10-08,04:21:19,WashingtonDC5D,38.904,-76.983
3961,7D255770,Multiple_Gunshots,2017-10-08,09:20:31,WashingtonDC7D,38.825,-77.005
3962,6D199535,Multiple_Gunshots,2017-10-08,13:21:14,WashingtonDC6D,38.877,-76.931
3963,6D199543,Single_Gunshot,2017-10-08,19:29:43,WashingtonDC6D,38.884,-76.955
3964,6D199545,Single_Gunshot,2017-10-08,22:22:52,WashingtonDC6D,38.894,-76.953
3965,6D199546,Multiple_Gunshots,2017-10-08,22:34:29,WashingtonDC6D,38.894,-76.919
3966,7D255792,Multiple_Gunshots,2017-10-08,22:53:12,WashingtonDC7D,38.848,-76.979
3967,5D82095,Multiple_Gunshots,2017-10-08,23:05:50,WashingtonDC5D,38.899,-76.982
3968,6D199547,Multiple_Gunshots,2017-10-08,23:29:31,WashingtonDC6D,38.884,-76.932
3969,6D199548,Multiple_Gunshots,2017-10-08,23:29:37,WashingtonDC6D,38.887,-76.934
3970,6D199549,Multiple_Gunshots,2017-10-08,23:29:38,WashingtonDC6D,38.888,-76.932
3971,6D199550,Multiple_Gunshots,2017-10-08,23:48:45,WashingtonDC6D,38.901,-76.922
3972,6D199553,Single_Gunshot,2017-10-09,00:38:48,WashingtonDC6D,38.902,-76.927
3973,7D255799,Multiple_Gunshots,2017-10-09,01:14:28,WashingtonDC7D,38.842,-76.986
3974,6D199554,Gunshot_or_Firecracker,2017-10-09,01:36:45,WashingtonDC6D,38.885,-76.93
3975,7D255807,Gunshot_or_Firecracker,2017-10-09,18:04:42,WashingtonDC7D,38.827,-76.997
3976,7D255808,Multiple_Gunshots,2017-10-09,19:42:17,WashingtonDC7D,38.846,-76.998
3977,6D199558,Multiple_Gunshots,2017-10-09,20:01:30,WashingtonDC6D,38.877,-76.932
3978,6D199559,Single_Gunshot,2017-10-09,20:04:47,WashingtonDC6D,38.877,-76.933
3979,6D199560,Multiple_Gunshots,2017-10-09,20:04:54,WashingtonDC6D,38.877,-76.933
3980,5D82098,Single_Gunshot,2017-10-09,21:34:11,WashingtonDC5D,38.932,-76.971
3981,7D255811,Multiple_Gunshots,2017-10-09,21:46:49,WashingtonDC7D,38.843,-76.984
3982,7D255824,Multiple_Gunshots,2017-10-09,22:52:27,WashingtonDC7D,38.861,-76.997
3983,6D199568,Multiple_Gunshots,2017-10-09,23:52:24,WashingtonDC6D,38.907,-76.93
3984,7D255834,Single_Gunshot,2017-10-10,03:17:26,WashingtonDC7D,38.863,-76.984
3985,7D255844,Multiple_Gunshots,2017-10-10,20:04:28,WashingtonDC7D,38.847,-76.984
3986,6D199578,Gunshot_or_Firecracker,2017-10-10,21:09:29,WashingtonDC6D,38.882,-76.933
3987,6D199579,Multiple_Gunshots,2017-10-10,21:51:00,WashingtonDC6D,38.902,-76.923
3988,6D199580,Multiple_Gunshots,2017-10-10,22:16:04,WashingtonDC6D,38.895,-76.921
3989,6D199581,Multiple_Gunshots,2017-10-10,23:03:26,WashingtonDC6D,38.901,-76.937
3990,6D199582,Multiple_Gunshots,2017-10-10,23:08:42,WashingtonDC6D,38.891,-76.923
3991,6D199583,Single_Gunshot,2017-10-10,23:22:49,WashingtonDC6D,38.892,-76.947
3992,4D65985,Multiple_Gunshots,2017-10-10,23:58:05,WashingtonDC4D,38.96,-77.026
3993,6D199584,Single_Gunshot,2017-10-11,01:38:22,WashingtonDC6D,38.898,-76.947
3994,7D255853,Multiple_Gunshots,2017-10-11,02:32:55,WashingtonDC7D,38.842,-77.002
3995,7D255854,Single_Gunshot,2017-10-11,02:56:52,WashingtonDC7D,38.837,-77.004
3996,6D199586,Gunshot_or_Firecracker,2017-10-11,05:57:22,WashingtonDC6D,38.904,-76.942
3997,7D255861,Multiple_Gunshots,2017-10-11,19:12:47,WashingtonDC7D,38.863,-76.983
3998,7D255863,Multiple_Gunshots,2017-10-11,19:15:16,WashingtonDC7D,38.863,-76.983
3999,7D255865,Single_Gunshot,2017-10-11,21:42:21,WashingtonDC7D,38.843,-76.996
4000,6D199594,Multiple_Gunshots,2017-10-11,22:21:54,WashingtonDC6D,38.866,-76.983
4001,6D199596,Multiple_Gunshots,2017-10-12,01:23:49,WashingtonDC6D,38.893,-76.924
4002,1D92462,Single_Gunshot,2017-10-12,01:38:32,WashingtonDC1D,38.893,-76.981
4003,5D82111,Gunshot_or_Firecracker,2017-10-12,12:19:37,WashingtonDC5D,38.906,-77.01
4004,7D255878,Multiple_Gunshots,2017-10-12,20:39:19,WashingtonDC7D,38.866,-76.985
4005,1D92472,Single_Gunshot,2017-10-12,21:03:51,WashingtonDC1D,38.875,-77.012
4006,5D82112,Multiple_Gunshots,2017-10-12,21:42:41,WashingtonDC5D,38.901,-76.973
4007,6D199600,Single_Gunshot,2017-10-12,21:56:32,WashingtonDC6D,38.88,-76.929
4008,6D199601,Multiple_Gunshots,2017-10-12,22:06:40,WashingtonDC6D,38.876,-76.933
4009,6D199602,Multiple_Gunshots,2017-10-12,22:39:24,WashingtonDC6D,38.893,-76.928
4010,6D199604,Single_Gunshot,2017-10-12,22:57:00,WashingtonDC6D,38.893,-76.953
4011,6D199605,Single_Gunshot,2017-10-13,00:15:09,WashingtonDC6D,38.883,-76.932
4012,6D199606,Multiple_Gunshots,2017-10-13,02:28:54,WashingtonDC6D,38.881,-76.932
4013,6D199607,Single_Gunshot,2017-10-13,04:27:41,WashingtonDC6D,38.895,-76.924
4014,6D199608,Multiple_Gunshots,2017-10-13,04:32:56,WashingtonDC6D,38.894,-76.918
4015,5D82116,Multiple_Gunshots,2017-10-13,08:00:51,WashingtonDC5D,38.905,-77.012
4016,7D255896,Multiple_Gunshots,2017-10-13,17:49:00,WashingtonDC7D,38.862,-76.998
4017,7D255900,Multiple_Gunshots,2017-10-13,18:28:44,WashingtonDC7D,38.861,-76.995
4018,6D199621,Multiple_Gunshots,2017-10-13,21:17:59,WashingtonDC6D,38.881,-76.931
4019,6D199622,Gunshot_or_Firecracker,2017-10-13,21:21:23,WashingtonDC6D,38.909,-76.938
4020,7D255902,Gunshot_or_Firecracker,2017-10-13,21:29:46,WashingtonDC7D,38.833,-77.007
4021,7D255905,Multiple_Gunshots,2017-10-13,22:47:41,WashingtonDC7D,38.864,-76.994
4022,7D255907,Multiple_Gunshots,2017-10-14,01:39:48,WashingtonDC7D,38.83,-76.999
4023,6D199628,Multiple_Gunshots,2017-10-14,04:55:48,WashingtonDC6D,38.891,-76.958
4024,6D199629,Multiple_Gunshots,2017-10-14,06:03:03,WashingtonDC6D,38.881,-76.935
4025,6D199635,Gunshot_or_Firecracker,2017-10-14,20:19:35,WashingtonDC6D,38.892,-76.952
4026,6D199641,Multiple_Gunshots,2017-10-14,22:01:14,WashingtonDC6D,38.877,-76.932
4027,7D255934,Multiple_Gunshots,2017-10-14,23:09:48,WashingtonDC7D,38.841,-77.001
4028,6D199642,Multiple_Gunshots,2017-10-14,23:27:12,WashingtonDC6D,38.881,-76.932
4029,6D199643,Multiple_Gunshots,2017-10-14,23:27:21,WashingtonDC6D,38.883,-76.932
4030,7D255937,Single_Gunshot,2017-10-15,00:36:19,WashingtonDC7D,38.836,-77.004
4031,6D199646,Gunshot_or_Firecracker,2017-10-15,00:40:59,WashingtonDC6D,38.885,-76.92
4032,6D199650,Single_Gunshot,2017-10-15,00:57:06,WashingtonDC6D,38.895,-76.918
4033,7D255939,Multiple_Gunshots,2017-10-15,01:28:03,WashingtonDC7D,38.848,-76.976
4034,6D199652,Multiple_Gunshots,2017-10-15,01:37:44,WashingtonDC6D,38.879,-76.93
4035,7D255940,Multiple_Gunshots,2017-10-15,01:48:08,WashingtonDC7D,38.851,-76.968
4036,6D199654,Single_Gunshot,2017-10-15,01:49:33,WashingtonDC6D,38.885,-76.935
4037,6D199655,Single_Gunshot,2017-10-15,02:55:10,WashingtonDC6D,38.884,-76.958
4038,6D199656,Gunshot_or_Firecracker,2017-10-15,03:21:12,WashingtonDC6D,38.9,-76.94
4039,6D199657,Multiple_Gunshots,2017-10-15,04:40:06,WashingtonDC6D,38.895,-76.915
4040,7D255956,Multiple_Gunshots,2017-10-15,17:29:45,WashingtonDC7D,38.848,-76.976
4041,7D255957,Multiple_Gunshots,2017-10-15,17:29:59,WashingtonDC7D,38.848,-76.975
4042,6D199669,Multiple_Gunshots,2017-10-15,20:11:17,WashingtonDC6D,38.877,-76.931
4043,6D199671,Gunshot_or_Firecracker,2017-10-15,21:35:17,WashingtonDC6D,38.884,-76.929
4044,1D92484,Multiple_Gunshots,2017-10-15,22:18:40,WashingtonDC1D,38.899,-76.985
4045,6D199672,Single_Gunshot,2017-10-15,22:20:34,WashingtonDC6D,38.89,-76.956
4046,4D66011,Multiple_Gunshots,2017-10-15,23:08:57,WashingtonDC4D,38.946,-77.02
4047,7D255962,Multiple_Gunshots,2017-10-15,23:34:43,WashingtonDC7D,38.845,-76.971
4048,5D82130,Single_Gunshot,2017-10-15,23:39:38,WashingtonDC5D,38.897,-76.981
4049,7D255963,Single_Gunshot,2017-10-15,23:43:27,WashingtonDC7D,38.834,-77.003
4050,6D199673,Single_Gunshot,2017-10-16,00:37:54,WashingtonDC6D,38.895,-76.926
4051,5D82134,Multiple_Gunshots,2017-10-16,03:02:01,WashingtonDC5D,38.926,-76.968
4052,5D82135,Gunshot_or_Firecracker,2017-10-16,18:45:03,WashingtonDC5D,38.921,-76.983
4053,7D255972,Single_Gunshot,2017-10-16,19:42:30,WashingtonDC7D,38.827,-76.997
4054,6D199678,Gunshot_or_Firecracker,2017-10-16,19:51:30,WashingtonDC6D,38.884,-76.953
4055,7D255973,Multiple_Gunshots,2017-10-16,19:59:06,WashingtonDC7D,38.853,-76.966
4056,7D255978,Multiple_Gunshots,2017-10-17,01:56:11,WashingtonDC7D,38.827,-76.998
4057,7D255986,Single_Gunshot,2017-10-17,11:42:39,WashingtonDC7D,38.848,-76.977
4058,3D68166,Multiple_Gunshots,2017-10-17,19:14:06,WashingtonDC3D,38.922,-77.027
4059,3D68167,Multiple_Gunshots,2017-10-17,19:14:17,WashingtonDC3D,38.921,-77.019
4060,5D82148,Multiple_Gunshots,2017-10-17,19:14:20,WashingtonDC5D,38.922,-77.01
4061,3D68168,Multiple_Gunshots,2017-10-17,19:14:21,WashingtonDC3D,38.922,-77.027
4062,6D199690,Single_Gunshot,2017-10-17,20:54:34,WashingtonDC6D,38.895,-76.956
4063,1D92510,Single_Gunshot,2017-10-17,21:09:40,WashingtonDC1D,38.879,-77.015
4064,5D82150,Multiple_Gunshots,2017-10-17,21:18:20,WashingtonDC5D,38.912,-76.986
4065,7D255992,Single_Gunshot,2017-10-17,21:38:30,WashingtonDC7D,38.865,-76.979
4066,7D255993,Single_Gunshot,2017-10-18,00:37:43,WashingtonDC7D,38.828,-77.002
4067,7D255996,Gunshot_or_Firecracker,2017-10-18,01:17:45,WashingtonDC7D,38.857,-76.971
4068,5D82154,Single_Gunshot,2017-10-18,18:36:19,WashingtonDC5D,38.929,-76.97
4069,1D92515,Gunshot_or_Firecracker,2017-10-18,18:40:49,WashingtonDC1D,38.875,-77.014
4070,1D92516,Single_Gunshot,2017-10-18,18:41:06,WashingtonDC1D,38.875,-77.015
4071,7D256013,Single_Gunshot,2017-10-18,19:58:22,WashingtonDC7D,38.825,-77.002
4072,5D82158,Multiple_Gunshots,2017-10-18,22:30:49,WashingtonDC5D,38.9,-76.974
4073,6D199704,Multiple_Gunshots,2017-10-18,23:19:44,WashingtonDC6D,38.894,-76.919
4074,6D199709,Multiple_Gunshots,2017-10-19,00:24:30,WashingtonDC6D,38.891,-76.953
4075,7D256020,Single_Gunshot,2017-10-19,00:25:10,WashingtonDC7D,38.827,-76.997
4076,6D199710,Gunshot_or_Firecracker,2017-10-19,01:36:09,WashingtonDC6D,38.877,-76.967
4077,7D256025,Multiple_Gunshots,2017-10-19,09:38:35,WashingtonDC7D,38.85,-76.973
4078,4D66034,Gunshot_or_Firecracker,2017-10-19,19:24:46,WashingtonDC4D,38.947,-77.029
4079,7D256051,Single_Gunshot,2017-10-19,19:41:01,WashingtonDC7D,38.843,-76.984
4080,5D82172,Multiple_Gunshots,2017-10-19,22:37:29,WashingtonDC5D,38.923,-76.998
4081,6D199728,Multiple_Gunshots,2017-10-20,00:40:10,WashingtonDC6D,38.884,-76.935
4082,6D199729,Multiple_Gunshots,2017-10-20,00:40:15,WashingtonDC6D,38.886,-76.929
4083,6D199730,Multiple_Gunshots,2017-10-20,00:40:17,WashingtonDC6D,38.885,-76.935
4084,6D199731,Multiple_Gunshots,2017-10-20,00:49:18,WashingtonDC6D,38.879,-76.931
4085,5D82174,Single_Gunshot,2017-10-20,00:53:16,WashingtonDC5D,38.91,-76.987
4086,5D82175,Multiple_Gunshots,2017-10-20,01:07:12,WashingtonDC5D,38.898,-76.976
4087,7D256057,Multiple_Gunshots,2017-10-20,01:17:51,WashingtonDC7D,38.839,-77.003
4088,7D256060,Multiple_Gunshots,2017-10-20,01:37:56,WashingtonDC7D,38.863,-76.994
4089,6D199733,Multiple_Gunshots,2017-10-20,01:38:08,WashingtonDC6D,38.866,-76.979
4090,5D82179,Multiple_Gunshots,2017-10-20,11:11:05,WashingtonDC5D,38.92,-76.983
4091,5D82180,Gunshot_or_Firecracker,2017-10-20,11:28:54,WashingtonDC5D,38.899,-76.973
4092,6D199748,Multiple_Gunshots,2017-10-20,12:06:29,WashingtonDC6D,38.902,-76.93
4093,5D82183,Multiple_Gunshots,2017-10-20,16:05:57,WashingtonDC5D,38.916,-77.002
4094,7D256085,Multiple_Gunshots,2017-10-20,19:27:29,WashingtonDC7D,38.847,-76.971
4095,7D256086,Multiple_Gunshots,2017-10-20,19:32:14,WashingtonDC7D,38.829,-76.994
4096,7D256087,Multiple_Gunshots,2017-10-20,19:35:39,WashingtonDC7D,38.832,-76.996
4097,7D256088,Gunshot_or_Firecracker,2017-10-20,19:43:23,WashingtonDC7D,38.843,-76.984
4098,6D199752,Gunshot_or_Firecracker,2017-10-20,19:47:24,WashingtonDC6D,38.877,-76.94
4099,7D256090,Multiple_Gunshots,2017-10-20,20:48:08,WashingtonDC7D,38.844,-77.0
4100,7D256091,Multiple_Gunshots,2017-10-20,20:48:13,WashingtonDC7D,38.843,-77.0
4101,7D256092,Multiple_Gunshots,2017-10-20,20:48:16,WashingtonDC7D,38.843,-77.0
4102,7D256093,Gunshot_or_Firecracker,2017-10-20,21:05:08,WashingtonDC7D,38.842,-77.001
4103,7D256096,Multiple_Gunshots,2017-10-20,21:43:35,WashingtonDC7D,38.834,-76.995
4104,7D256097,Single_Gunshot,2017-10-20,21:51:17,WashingtonDC7D,38.845,-77.0
4105,7D256098,Single_Gunshot,2017-10-20,21:57:25,WashingtonDC7D,38.843,-76.984
4106,7D256099,Multiple_Gunshots,2017-10-20,22:09:13,WashingtonDC7D,38.829,-76.996
4107,7D256100,Single_Gunshot,2017-10-20,22:35:11,WashingtonDC7D,38.828,-76.997
4108,7D256101,Multiple_Gunshots,2017-10-20,22:53:28,WashingtonDC7D,38.865,-76.983
4109,7D256102,Multiple_Gunshots,2017-10-20,22:53:30,WashingtonDC7D,38.864,-76.984
4110,7D256113,Multiple_Gunshots,2017-10-21,01:28:30,WashingtonDC7D,38.845,-76.997
4111,7D256114,Multiple_Gunshots,2017-10-21,01:29:27,WashingtonDC7D,38.846,-76.997
4112,4D66051,Multiple_Gunshots,2017-10-21,01:54:50,WashingtonDC4D,38.943,-77.023
4113,6D199769,Gunshot_or_Firecracker,2017-10-21,02:27:55,WashingtonDC6D,38.89,-76.951
4114,5D82185,Multiple_Gunshots,2017-10-21,02:47:32,WashingtonDC5D,38.91,-76.988
4115,5D82186,Multiple_Gunshots,2017-10-21,02:47:38,WashingtonDC5D,38.91,-76.981
4116,6D199771,Multiple_Gunshots,2017-10-21,04:23:58,WashingtonDC6D,38.884,-76.929
4117,6D199772,Gunshot_or_Firecracker,2017-10-21,04:25:00,WashingtonDC6D,38.868,-76.944
4118,7D256117,Single_Gunshot,2017-10-21,04:34:57,WashingtonDC7D,38.838,-77.006
4119,5D82188,Single_Gunshot,2017-10-21,05:26:21,WashingtonDC5D,38.92,-76.99
4120,4D66052,Multiple_Gunshots,2017-10-21,07:16:07,WashingtonDC4D,38.952,-77.027
4121,6D199774,Gunshot_or_Firecracker,2017-10-21,07:55:51,WashingtonDC6D,38.891,-76.938
4122,5D82202,Multiple_Gunshots,2017-10-21,17:50:39,WashingtonDC5D,38.914,-77.008
4123,5D82203,Single_Gunshot,2017-10-21,17:50:44,WashingtonDC5D,38.914,-77.007
4124,7D256125,Gunshot_or_Firecracker,2017-10-21,20:06:56,WashingtonDC7D,38.827,-77.003
4125,6D199792,Multiple_Gunshots,2017-10-21,20:58:37,WashingtonDC6D,38.893,-76.95
4126,5D82208,Single_Gunshot,2017-10-21,21:58:44,WashingtonDC5D,38.912,-76.989
4127,1D92566,Single_Gunshot,2017-10-21,22:24:34,WashingtonDC1D,38.888,-76.98
4128,7D256139,Single_Gunshot,2017-10-22,02:05:22,WashingtonDC7D,38.846,-76.974
4129,6D199799,Multiple_Gunshots,2017-10-22,02:12:09,WashingtonDC6D,38.882,-76.94
4130,5D82209,Gunshot_or_Firecracker,2017-10-22,03:23:59,WashingtonDC5D,38.9,-76.983
4131,4D66072,Multiple_Gunshots,2017-10-22,03:33:03,WashingtonDC4D,38.957,-77.028
4132,5D82211,Single_Gunshot,2017-10-22,04:04:55,WashingtonDC5D,38.924,-76.968
4133,3D68182,Multiple_Gunshots,2017-10-22,12:15:44,WashingtonDC3D,38.931,-77.026
4134,7D256158,Multiple_Gunshots,2017-10-22,20:18:55,WashingtonDC7D,38.826,-77.0
4135,7D256159,Single_Gunshot,2017-10-22,20:19:19,WashingtonDC7D,38.826,-76.999
4136,7D256160,Multiple_Gunshots,2017-10-22,20:39:44,WashingtonDC7D,38.848,-76.976
4137,7D256162,Multiple_Gunshots,2017-10-22,20:39:51,WashingtonDC7D,38.848,-76.977
4138,6D199856,Single_Gunshot,2017-10-22,21:18:46,WashingtonDC6D,38.88,-76.929
4139,5D82230,Multiple_Gunshots,2017-10-23,11:25:34,WashingtonDC5D,38.906,-76.986
4140,7D256175,Multiple_Gunshots,2017-10-23,13:10:40,WashingtonDC7D,38.832,-76.993
4141,7D256176,Multiple_Gunshots,2017-10-23,13:19:18,WashingtonDC7D,38.859,-76.987
4142,5D82233,Gunshot_or_Firecracker,2017-10-23,16:35:14,WashingtonDC5D,38.925,-77.005
4143,7D256183,Multiple_Gunshots,2017-10-23,19:58:08,WashingtonDC7D,38.83,-76.993
4144,6D199870,Gunshot_or_Firecracker,2017-10-23,21:41:55,WashingtonDC6D,38.895,-76.93
4145,6D199871,Multiple_Gunshots,2017-10-23,22:00:51,WashingtonDC6D,38.877,-76.932
4146,7D256186,Single_Gunshot,2017-10-23,22:01:14,WashingtonDC7D,38.849,-76.972
4147,7D256187,Single_Gunshot,2017-10-23,22:01:31,WashingtonDC7D,38.849,-76.972
4148,5D82239,Multiple_Gunshots,2017-10-23,23:03:54,WashingtonDC5D,38.898,-76.976
4149,6D199873,Multiple_Gunshots,2017-10-23,23:09:06,WashingtonDC6D,38.885,-76.956
4150,7D256190,Single_Gunshot,2017-10-23,23:14:38,WashingtonDC7D,38.86,-76.992
4151,5D82241,Single_Gunshot,2017-10-24,00:57:07,WashingtonDC5D,38.911,-76.988
4152,5D82242,Multiple_Gunshots,2017-10-24,03:34:41,WashingtonDC5D,38.906,-76.985
4153,7D256200,Multiple_Gunshots,2017-10-24,13:49:00,WashingtonDC7D,38.855,-76.987
4154,5D82245,Single_Gunshot,2017-10-24,17:00:35,WashingtonDC5D,38.9,-76.975
4155,6D199883,Single_Gunshot,2017-10-24,19:59:41,WashingtonDC6D,38.87,-76.949
4156,7D256209,Multiple_Gunshots,2017-10-24,20:24:39,WashingtonDC7D,38.845,-76.972
4157,7D256211,Multiple_Gunshots,2017-10-24,21:17:22,WashingtonDC7D,38.857,-76.974
4158,7D256212,Multiple_Gunshots,2017-10-24,21:19:09,WashingtonDC7D,38.857,-76.973
4159,6D199885,Gunshot_or_Firecracker,2017-10-24,22:29:46,WashingtonDC6D,38.881,-76.939
4160,7D256214,Multiple_Gunshots,2017-10-24,22:48:05,WashingtonDC7D,38.856,-76.973
4161,7D256215,Multiple_Gunshots,2017-10-24,22:48:09,WashingtonDC7D,38.852,-76.972
4162,7D256216,Multiple_Gunshots,2017-10-24,22:48:10,WashingtonDC7D,38.855,-76.971
4163,6D199886,Gunshot_or_Firecracker,2017-10-24,23:31:24,WashingtonDC6D,38.888,-76.957
4164,6D199888,Multiple_Gunshots,2017-10-25,01:56:29,WashingtonDC6D,38.874,-76.967
4165,6D199898,Multiple_Gunshots,2017-10-25,16:22:08,WashingtonDC6D,38.909,-76.937
4166,3D68196,Single_Gunshot,2017-10-25,17:06:53,WashingtonDC3D,38.929,-77.024
4167,6D199899,Single_Gunshot,2017-10-25,19:02:59,WashingtonDC6D,38.888,-76.929
4168,5D82253,Single_Gunshot,2017-10-25,19:34:20,WashingtonDC5D,38.921,-77.0
4169,6D199900,Single_Gunshot,2017-10-25,19:35:54,WashingtonDC6D,38.88,-76.929
4170,7D256239,Multiple_Gunshots,2017-10-25,20:32:41,WashingtonDC7D,38.844,-76.979
4171,4D66101,Single_Gunshot,2017-10-25,20:52:33,WashingtonDC4D,38.954,-77.027
4172,3D68199,Multiple_Gunshots,2017-10-25,20:56:31,WashingtonDC3D,38.918,-77.016
4173,7D256242,Single_Gunshot,2017-10-25,21:17:11,WashingtonDC7D,38.853,-76.972
4174,6D199901,Single_Gunshot,2017-10-25,21:56:04,WashingtonDC6D,38.897,-76.948
4175,7D256243,Multiple_Gunshots,2017-10-25,22:29:36,WashingtonDC7D,38.829,-76.999
4176,7D256244,Multiple_Gunshots,2017-10-25,22:29:45,WashingtonDC7D,38.829,-76.999
4177,6D199902,Multiple_Gunshots,2017-10-25,22:50:17,WashingtonDC6D,38.887,-76.953
4178,5D82258,Multiple_Gunshots,2017-10-25,23:23:52,WashingtonDC5D,38.9,-76.976
4179,7D256250,Multiple_Gunshots,2017-10-25,23:33:57,WashingtonDC7D,38.846,-76.971
4180,6D199903,Multiple_Gunshots,2017-10-26,01:02:13,WashingtonDC6D,38.894,-76.924
4181,7D256251,Multiple_Gunshots,2017-10-26,03:06:33,WashingtonDC7D,38.827,-77.004
4182,7D256254,Gunshot_or_Firecracker,2017-10-26,05:54:44,WashingtonDC7D,38.829,-77.006
4183,4D66104,Gunshot_or_Firecracker,2017-10-26,07:43:49,WashingtonDC4D,38.952,-77.028
4184,7D256258,Single_Gunshot,2017-10-26,09:43:39,WashingtonDC7D,38.851,-76.974
4185,7D256260,Single_Gunshot,2017-10-26,11:57:49,WashingtonDC7D,38.83,-77.002
4186,7D256266,Multiple_Gunshots,2017-10-26,20:15:16,WashingtonDC7D,38.855,-76.971
4187,6D199912,Single_Gunshot,2017-10-26,21:48:08,WashingtonDC6D,38.866,-76.986
4188,7D256271,Single_Gunshot,2017-10-26,21:48:09,WashingtonDC7D,38.866,-76.986
4189,6D199913,Gunshot_or_Firecracker,2017-10-26,21:48:23,WashingtonDC6D,38.872,-76.949
4190,4D66112,Single_Gunshot,2017-10-26,21:55:57,WashingtonDC4D,38.947,-77.022
4191,6D199914,Gunshot_or_Firecracker,2017-10-26,22:47:57,WashingtonDC6D,38.868,-76.969
4192,6D199915,Single_Gunshot,2017-10-26,22:48:20,WashingtonDC6D,38.868,-76.969
4193,6D199916,Multiple_Gunshots,2017-10-26,23:09:57,WashingtonDC6D,38.871,-76.965
4194,7D256274,Multiple_Gunshots,2017-10-26,23:37:02,WashingtonDC7D,38.856,-76.969
4195,6D199917,Multiple_Gunshots,2017-10-26,23:37:22,WashingtonDC6D,38.885,-76.93
4196,6D199918,Single_Gunshot,2017-10-26,23:37:34,WashingtonDC6D,38.885,-76.93
4197,1D92621,Multiple_Gunshots,2017-10-26,23:57:35,WashingtonDC1D,38.878,-77.014
4198,6D199919,Single_Gunshot,2017-10-27,00:55:53,WashingtonDC6D,38.877,-76.964
4199,6D199923,Multiple_Gunshots,2017-10-27,04:41:45,WashingtonDC6D,38.889,-76.935
4200,6D199924,Single_Gunshot,2017-10-27,09:02:22,WashingtonDC6D,38.884,-76.922
4201,7D256287,Gunshot_or_Firecracker,2017-10-27,12:01:31,WashingtonDC7D,38.867,-76.984
4202,7D256288,Multiple_Gunshots,2017-10-27,12:03:13,WashingtonDC7D,38.859,-76.984
4203,7D256291,Multiple_Gunshots,2017-10-27,14:18:43,WashingtonDC7D,38.832,-76.997
4204,6D199926,Multiple_Gunshots,2017-10-27,17:36:48,WashingtonDC6D,38.897,-76.939
4205,4D66125,Multiple_Gunshots,2017-10-27,20:53:46,WashingtonDC4D,38.948,-77.025
4206,4D66126,Multiple_Gunshots,2017-10-27,20:53:59,WashingtonDC4D,38.949,-77.025
4207,5D82284,Multiple_Gunshots,2017-10-27,22:28:35,WashingtonDC5D,38.896,-76.982
4208,5D82285,Multiple_Gunshots,2017-10-27,22:28:49,WashingtonDC5D,38.896,-76.982
4209,5D82286,Multiple_Gunshots,2017-10-27,23:43:43,WashingtonDC5D,38.9,-76.976
4210,5D82287,Single_Gunshot,2017-10-28,00:11:12,WashingtonDC5D,38.906,-76.978
4211,5D82288,Multiple_Gunshots,2017-10-28,00:13:09,WashingtonDC5D,38.917,-77.003
4212,7D256301,Multiple_Gunshots,2017-10-28,00:23:15,WashingtonDC7D,38.834,-76.995
4213,6D199931,Multiple_Gunshots,2017-10-28,01:17:26,WashingtonDC6D,38.893,-76.941
4214,6D199932,Single_Gunshot,2017-10-28,01:18:02,WashingtonDC6D,38.893,-76.941
4215,4D66128,Multiple_Gunshots,2017-10-28,01:20:13,WashingtonDC4D,38.94,-77.017
4216,6D199934,Multiple_Gunshots,2017-10-28,01:54:24,WashingtonDC6D,38.9,-76.925
4217,5D82289,Multiple_Gunshots,2017-10-28,02:24:29,WashingtonDC5D,38.904,-76.982
4218,5D82290,Multiple_Gunshots,2017-10-28,02:24:36,WashingtonDC5D,38.91,-76.987
4219,5D82291,Multiple_Gunshots,2017-10-28,02:24:37,WashingtonDC5D,38.903,-76.982
4220,4D66129,Single_Gunshot,2017-10-28,05:20:08,WashingtonDC4D,38.955,-77.027
4221,4D66130,Multiple_Gunshots,2017-10-28,05:20:17,WashingtonDC4D,38.955,-77.027
4222,7D256325,Multiple_Gunshots,2017-10-28,15:56:06,WashingtonDC7D,38.832,-77.003
4223,7D256329,Multiple_Gunshots,2017-10-28,17:52:37,WashingtonDC7D,38.827,-76.999
4224,7D256350,Multiple_Gunshots,2017-10-28,22:51:33,WashingtonDC7D,38.827,-76.998
4225,7D256352,Gunshot_or_Firecracker,2017-10-28,23:43:57,WashingtonDC7D,38.835,-77.004
4226,7D256353,Multiple_Gunshots,2017-10-29,00:01:00,WashingtonDC7D,38.845,-76.998
4227,7D256355,Single_Gunshot,2017-10-29,00:39:40,WashingtonDC7D,38.844,-76.992
4228,6D199946,Single_Gunshot,2017-10-29,01:26:00,WashingtonDC6D,38.868,-76.981
4229,6D199954,Single_Gunshot,2017-10-29,03:01:05,WashingtonDC6D,38.894,-76.913
4230,1D92645,Gunshot_or_Firecracker,2017-10-29,03:22:33,WashingtonDC1D,38.901,-76.987
4231,6D199955,Multiple_Gunshots,2017-10-29,05:02:51,WashingtonDC6D,38.898,-76.935
4232,6D199956,Single_Gunshot,2017-10-29,07:15:42,WashingtonDC6D,38.898,-76.92
4233,7D256363,Gunshot_or_Firecracker,2017-10-29,13:18:45,WashingtonDC7D,38.861,-76.986
4234,7D256364,Single_Gunshot,2017-10-29,14:50:30,WashingtonDC7D,38.83,-77.002
4235,7D256365,Multiple_Gunshots,2017-10-29,18:12:47,WashingtonDC7D,38.858,-76.994
4236,7D256368,Multiple_Gunshots,2017-10-29,23:08:23,WashingtonDC7D,38.856,-76.972
4237,6D199963,Multiple_Gunshots,2017-10-30,02:46:10,WashingtonDC6D,38.875,-76.967
4238,7D256372,Single_Gunshot,2017-10-30,04:33:54,WashingtonDC7D,38.827,-77.006
4239,7D256377,Multiple_Gunshots,2017-10-30,10:56:34,WashingtonDC7D,38.863,-76.993
4240,7D256379,Multiple_Gunshots,2017-10-30,12:49:59,WashingtonDC7D,38.843,-76.985
4241,7D256380,Multiple_Gunshots,2017-10-30,13:09:24,WashingtonDC7D,38.826,-76.999
4242,7D256383,Multiple_Gunshots,2017-10-30,18:19:37,WashingtonDC7D,38.827,-76.999
4243,7D256384,Single_Gunshot,2017-10-30,18:19:49,WashingtonDC7D,38.826,-76.999
4244,7D256389,Multiple_Gunshots,2017-10-30,20:49:05,WashingtonDC7D,38.856,-76.972
4245,5D82338,Multiple_Gunshots,2017-10-30,21:05:37,WashingtonDC5D,38.928,-76.963
4246,5D82339,Single_Gunshot,2017-10-30,21:29:07,WashingtonDC5D,38.899,-76.979
4247,7D256393,Multiple_Gunshots,2017-10-30,22:26:38,WashingtonDC7D,38.867,-76.979
4248,6D199971,Gunshot_or_Firecracker,2017-10-31,00:29:45,WashingtonDC6D,38.9,-76.945
4249,7D256396,Gunshot_or_Firecracker,2017-10-31,01:01:14,WashingtonDC7D,38.865,-76.979
4250,6D199972,Single_Gunshot,2017-10-31,01:01:15,WashingtonDC6D,38.865,-76.979
4251,6D199973,Multiple_Gunshots,2017-10-31,01:29:10,WashingtonDC6D,38.892,-76.92
4252,6D199975,Multiple_Gunshots,2017-10-31,11:46:57,WashingtonDC6D,38.911,-76.936
4253,6D199976,Multiple_Gunshots,2017-10-31,11:47:06,WashingtonDC6D,38.91,-76.936
4254,7D256406,Gunshot_or_Firecracker,2017-10-31,18:33:31,WashingtonDC7D,38.843,-76.984
4255,4D66170,Multiple_Gunshots,2017-10-31,19:34:18,WashingtonDC4D,38.937,-77.027
4256,7D256410,Gunshot_or_Firecracker,2017-10-31,20:28:50,WashingtonDC7D,38.83,-77.004
4257,6D199990,Single_Gunshot,2017-10-31,21:16:31,WashingtonDC6D,38.889,-76.918
4258,5D82346,Multiple_Gunshots,2017-10-31,21:26:34,WashingtonDC5D,38.929,-76.991
4259,5D82347,Multiple_Gunshots,2017-10-31,21:56:18,WashingtonDC5D,38.897,-76.975
4260,6D199993,Single_Gunshot,2017-10-31,22:17:32,WashingtonDC6D,38.884,-76.929
4261,7D256427,Multiple_Gunshots,2017-10-31,22:22:11,WashingtonDC7D,38.857,-76.97
4262,6D199996,Single_Gunshot,2017-10-31,22:51:47,WashingtonDC6D,38.892,-76.914
4263,6D199997,Single_Gunshot,2017-10-31,22:52:54,WashingtonDC6D,38.892,-76.913
4264,7D256429,Multiple_Gunshots,2017-10-31,23:23:12,WashingtonDC7D,38.856,-76.972
4265,7D256430,Multiple_Gunshots,2017-10-31,23:23:18,WashingtonDC7D,38.856,-76.972
4266,7D256431,Multiple_Gunshots,2017-10-31,23:23:19,WashingtonDC7D,38.855,-76.972
4267,7D256432,Multiple_Gunshots,2017-10-31,23:23:24,WashingtonDC7D,38.863,-76.991
4268,7D256433,Multiple_Gunshots,2017-10-31,23:23:26,WashingtonDC7D,38.856,-76.972
4269,7D256435,Multiple_Gunshots,2017-11-01,00:03:05,WashingtonDC7D,38.863,-76.983
4270,6D199998,Gunshot_or_Firecracker,2017-11-01,00:42:19,WashingtonDC6D,38.893,-76.925
4271,6D199999,Multiple_Gunshots,2017-11-01,00:42:44,WashingtonDC6D,38.893,-76.925
4272,1D92665,Multiple_Gunshots,2017-11-01,02:12:07,WashingtonDC1D,38.9,-76.99
4273,7D256439,Single_Gunshot,2017-11-01,02:20:45,WashingtonDC7D,38.862,-76.984
4274,6D200004,Gunshot_or_Firecracker,2017-11-01,12:34:55,WashingtonDC6D,38.894,-76.917
4275,7D256450,Single_Gunshot,2017-11-01,21:24:08,WashingtonDC7D,38.833,-76.992
4276,5D82357,Single_Gunshot,2017-11-01,23:03:21,WashingtonDC5D,38.897,-76.982
4277,7D256454,Multiple_Gunshots,2017-11-02,02:17:43,WashingtonDC7D,38.828,-76.996
4278,4D66184,Single_Gunshot,2017-11-02,03:44:11,WashingtonDC4D,38.934,-77.023
4279,4D66185,Multiple_Gunshots,2017-11-02,03:54:41,WashingtonDC4D,38.953,-77.026
4280,6D200019,Multiple_Gunshots,2017-11-02,07:09:23,WashingtonDC6D,38.865,-76.987
4281,6D200031,Single_Gunshot,2017-11-02,23:43:34,WashingtonDC6D,38.89,-76.914
4282,6D200032,Single_Gunshot,2017-11-02,23:43:51,WashingtonDC6D,38.89,-76.914
4283,4D66197,Gunshot_or_Firecracker,2017-11-03,00:16:58,WashingtonDC4D,38.937,-77.036
4284,6D200035,Single_Gunshot,2017-11-03,01:16:22,WashingtonDC6D,38.875,-76.961
4285,6D200041,Multiple_Gunshots,2017-11-03,18:46:09,WashingtonDC6D,38.881,-76.931
4286,6D200042,Multiple_Gunshots,2017-11-03,18:49:40,WashingtonDC6D,38.894,-76.923
4287,6D200043,Multiple_Gunshots,2017-11-03,18:49:55,WashingtonDC6D,38.894,-76.923
4288,5D82377,Gunshot_or_Firecracker,2017-11-03,19:39:23,WashingtonDC5D,38.909,-76.987
4289,7D256497,Multiple_Gunshots,2017-11-03,23:19:11,WashingtonDC7D,38.857,-76.972
4290,7D256502,Multiple_Gunshots,2017-11-04,00:15:25,WashingtonDC7D,38.838,-76.99
4291,7D256503,Multiple_Gunshots,2017-11-04,00:15:30,WashingtonDC7D,38.838,-76.991
4292,7D256504,Multiple_Gunshots,2017-11-04,00:17:29,WashingtonDC7D,38.838,-76.991
4293,7D256505,Multiple_Gunshots,2017-11-04,00:17:39,WashingtonDC7D,38.839,-76.993
4294,7D256506,Multiple_Gunshots,2017-11-04,00:17:40,WashingtonDC7D,38.834,-76.995
4295,7D256507,Multiple_Gunshots,2017-11-04,00:17:41,WashingtonDC7D,38.834,-76.998
4296,7D256508,Multiple_Gunshots,2017-11-04,00:17:45,WashingtonDC7D,38.828,-77.001
4297,7D256509,Multiple_Gunshots,2017-11-04,00:19:21,WashingtonDC7D,38.831,-77.005
4298,5D82383,Gunshot_or_Firecracker,2017-11-04,00:43:40,WashingtonDC5D,38.907,-76.988
4299,5D82384,Single_Gunshot,2017-11-04,01:48:42,WashingtonDC5D,38.927,-76.965
4300,7D256513,Single_Gunshot,2017-11-04,02:55:30,WashingtonDC7D,38.832,-76.992
4301,6D200052,Gunshot_or_Firecracker,2017-11-04,10:13:06,WashingtonDC6D,38.91,-76.939
4302,7D256517,Multiple_Gunshots,2017-11-04,12:00:20,WashingtonDC7D,38.827,-76.999
4303,6D200057,Multiple_Gunshots,2017-11-04,19:14:46,WashingtonDC6D,38.899,-76.939
4304,7D256535,Multiple_Gunshots,2017-11-04,20:29:55,WashingtonDC7D,38.845,-76.978
4305,7D256538,Multiple_Gunshots,2017-11-04,23:37:07,WashingtonDC7D,38.827,-76.998
4306,7D256539,Multiple_Gunshots,2017-11-04,23:52:43,WashingtonDC7D,38.848,-76.981
4307,7D256541,Multiple_Gunshots,2017-11-05,00:12:55,WashingtonDC7D,38.84,-77.004
4308,6D200061,Multiple_Gunshots,2017-11-05,03:25:26,WashingtonDC6D,38.885,-76.959
4309,6D200062,Multiple_Gunshots,2017-11-05,03:59:27,WashingtonDC6D,38.895,-76.92
4310,6D200064,Multiple_Gunshots,2017-11-05,05:10:26,WashingtonDC6D,38.876,-76.969
4311,7D256548,Single_Gunshot,2017-11-05,12:30:46,WashingtonDC7D,38.842,-76.987
4312,4D66220,Multiple_Gunshots,2017-11-05,18:10:11,WashingtonDC4D,38.94,-77.025
4313,7D256553,Single_Gunshot,2017-11-05,19:24:47,WashingtonDC7D,38.854,-76.971
4314,6D200069,Single_Gunshot,2017-11-05,22:20:53,WashingtonDC6D,38.892,-76.918
4315,4D66247,Single_Gunshot,2017-11-05,22:27:47,WashingtonDC4D,38.945,-77.03
4316,7D256561,Multiple_Gunshots,2017-11-06,09:39:44,WashingtonDC7D,38.828,-76.998
4317,7D256562,Multiple_Gunshots,2017-11-06,09:39:54,WashingtonDC7D,38.825,-77.002
4318,5D82413,Gunshot_or_Firecracker,2017-11-06,17:42:38,WashingtonDC5D,38.911,-76.988
4319,6D200075,Multiple_Gunshots,2017-11-06,18:32:08,WashingtonDC6D,38.883,-76.94
4320,7D256568,Multiple_Gunshots,2017-11-06,19:03:38,WashingtonDC7D,38.849,-76.979
4321,7D256575,Multiple_Gunshots,2017-11-06,19:48:51,WashingtonDC7D,38.832,-77.0
4322,7D256577,Multiple_Gunshots,2017-11-06,19:48:57,WashingtonDC7D,38.832,-77.0
4323,4D66262,Multiple_Gunshots,2017-11-06,20:17:55,WashingtonDC4D,38.956,-77.028
4324,4D66263,Multiple_Gunshots,2017-11-06,20:18:04,WashingtonDC4D,38.956,-77.028
4325,6D200076,Multiple_Gunshots,2017-11-06,21:13:16,WashingtonDC6D,38.881,-76.926
4326,7D256581,Multiple_Gunshots,2017-11-06,23:45:59,WashingtonDC7D,38.835,-76.997
4327,7D256583,Multiple_Gunshots,2017-11-06,23:55:57,WashingtonDC7D,38.833,-77.0
4328,7D256584,Multiple_Gunshots,2017-11-06,23:56:39,WashingtonDC7D,38.833,-77.004
4329,6D200082,Multiple_Gunshots,2017-11-07,03:20:51,WashingtonDC6D,38.892,-76.948
4330,7D256596,Multiple_Gunshots,2017-11-07,19:55:35,WashingtonDC7D,38.86,-76.998
4331,6D200088,Multiple_Gunshots,2017-11-07,19:57:04,WashingtonDC6D,38.891,-76.952
4332,5D82421,Single_Gunshot,2017-11-07,20:20:01,WashingtonDC5D,38.907,-76.978
4333,6D200090,Multiple_Gunshots,2017-11-07,22:59:47,WashingtonDC6D,38.9,-76.928
4334,6D200091,Multiple_Gunshots,2017-11-08,04:03:18,WashingtonDC6D,38.911,-76.934
4335,5D82424,Single_Gunshot,2017-11-08,08:59:14,WashingtonDC5D,38.92,-76.98
4336,6D200094,Multiple_Gunshots,2017-11-08,12:24:59,WashingtonDC6D,38.888,-76.93
4337,7D256606,Single_Gunshot,2017-11-08,17:29:18,WashingtonDC7D,38.842,-76.988
4338,7D256607,Gunshot_or_Firecracker,2017-11-08,18:28:53,WashingtonDC7D,38.858,-76.969
4339,6D200101,Multiple_Gunshots,2017-11-08,19:58:33,WashingtonDC6D,38.894,-76.952
4340,7D256608,Multiple_Gunshots,2017-11-08,20:12:41,WashingtonDC7D,38.838,-76.999
4341,6D200103,Multiple_Gunshots,2017-11-08,21:16:58,WashingtonDC6D,38.885,-76.96
4342,6D200104,Multiple_Gunshots,2017-11-08,22:50:41,WashingtonDC6D,38.884,-76.948
4343,4D66291,Multiple_Gunshots,2017-11-08,23:52:23,WashingtonDC4D,38.956,-77.028
4344,7D256612,Single_Gunshot,2017-11-09,02:22:48,WashingtonDC7D,38.834,-76.993
4345,3D68300,Multiple_Gunshots,2017-11-09,03:45:26,WashingtonDC3D,38.922,-77.03
4346,3D68301,Multiple_Gunshots,2017-11-09,03:46:14,WashingtonDC3D,38.923,-77.03
4347,6D200111,Single_Gunshot,2017-11-09,15:55:13,WashingtonDC6D,38.89,-76.947
4348,3D68306,Single_Gunshot,2017-11-09,18:08:17,WashingtonDC3D,38.912,-77.027
4349,7D256622,Gunshot_or_Firecracker,2017-11-09,18:54:01,WashingtonDC7D,38.855,-76.971
4350,7D256627,Single_Gunshot,2017-11-09,21:24:56,WashingtonDC7D,38.864,-76.984
4351,7D256630,Multiple_Gunshots,2017-11-09,23:02:13,WashingtonDC7D,38.842,-76.992
4352,6D200115,Multiple_Gunshots,2017-11-09,23:27:56,WashingtonDC6D,38.891,-76.913
4353,7D256631,Gunshot_or_Firecracker,2017-11-09,23:36:12,WashingtonDC7D,38.845,-76.999
4354,5D82437,Multiple_Gunshots,2017-11-10,01:07:42,WashingtonDC5D,38.923,-76.989
4355,6D200116,Multiple_Gunshots,2017-11-10,03:17:48,WashingtonDC6D,38.893,-76.918
4356,5D82448,Gunshot_or_Firecracker,2017-11-11,00:46:45,WashingtonDC5D,38.897,-76.983
4357,1D92725,Single_Gunshot,2017-11-11,00:46:45,WashingtonDC1D,38.898,-76.984
4358,7D256643,Multiple_Gunshots,2017-11-11,00:50:52,WashingtonDC7D,38.864,-76.978
4359,3D68307,Gunshot_or_Firecracker,2017-11-11,00:57:34,WashingtonDC3D,38.915,-77.022
4360,7D256644,Multiple_Gunshots,2017-11-11,01:11:54,WashingtonDC7D,38.839,-76.988
4361,6D200119,Single_Gunshot,2017-11-11,02:11:17,WashingtonDC6D,38.886,-76.948
4362,7D256646,Multiple_Gunshots,2017-11-11,02:15:07,WashingtonDC7D,38.847,-76.97
4363,5D82450,Multiple_Gunshots,2017-11-11,03:03:52,WashingtonDC5D,38.909,-76.986
4364,5D82452,Multiple_Gunshots,2017-11-11,03:04:29,WashingtonDC5D,38.909,-76.987
4365,7D256648,Single_Gunshot,2017-11-11,03:09:25,WashingtonDC7D,38.829,-76.995
4366,7D256649,Single_Gunshot,2017-11-11,03:11:56,WashingtonDC7D,38.829,-76.995
4367,7D256650,Multiple_Gunshots,2017-11-11,03:19:44,WashingtonDC7D,38.827,-77.003
4368,7D256659,Multiple_Gunshots,2017-11-11,13:59:57,WashingtonDC7D,38.827,-76.998
4369,4D66314,Multiple_Gunshots,2017-11-11,18:02:08,WashingtonDC4D,38.957,-77.023
4370,7D256667,Multiple_Gunshots,2017-11-11,19:48:25,WashingtonDC7D,38.846,-76.975
4371,6D200137,Single_Gunshot,2017-11-11,20:28:18,WashingtonDC6D,38.888,-76.934
4372,7D256670,Single_Gunshot,2017-11-11,22:28:48,WashingtonDC7D,38.843,-76.988
4373,7D256672,Single_Gunshot,2017-11-11,23:13:52,WashingtonDC7D,38.842,-76.988
4374,5D82464,Multiple_Gunshots,2017-11-12,00:07:40,WashingtonDC5D,38.899,-76.972
4375,6D200143,Single_Gunshot,2017-11-12,01:43:11,WashingtonDC6D,38.885,-76.927
4376,4D66319,Single_Gunshot,2017-11-12,01:46:15,WashingtonDC4D,38.933,-77.03
4377,7D256674,Multiple_Gunshots,2017-11-12,02:05:48,WashingtonDC7D,38.833,-76.999
4378,6D200144,Single_Gunshot,2017-11-12,02:22:52,WashingtonDC6D,38.882,-76.936
4379,6D200145,Multiple_Gunshots,2017-11-12,04:30:34,WashingtonDC6D,38.881,-76.935
4380,6D200146,Multiple_Gunshots,2017-11-12,04:30:40,WashingtonDC6D,38.886,-76.935
4381,6D200147,Single_Gunshot,2017-11-12,04:48:54,WashingtonDC6D,38.895,-76.929
4382,7D256675,Gunshot_or_Firecracker,2017-11-12,04:56:07,WashingtonDC7D,38.834,-77.006
4383,7D256688,Single_Gunshot,2017-11-12,15:23:49,WashingtonDC7D,38.856,-76.974
4384,7D256691,Single_Gunshot,2017-11-12,16:41:42,WashingtonDC7D,38.868,-76.973
4385,6D200152,Multiple_Gunshots,2017-11-12,19:51:37,WashingtonDC6D,38.911,-76.936
4386,6D200153,Single_Gunshot,2017-11-12,20:10:30,WashingtonDC6D,38.911,-76.938
4387,5D82484,Multiple_Gunshots,2017-11-12,20:59:07,WashingtonDC5D,38.925,-77.008
4388,6D200157,Single_Gunshot,2017-11-12,23:26:31,WashingtonDC6D,38.902,-76.931
4389,6D200158,Single_Gunshot,2017-11-12,23:32:55,WashingtonDC6D,38.895,-76.929
4390,4D66333,Single_Gunshot,2017-11-13,04:18:53,WashingtonDC4D,38.958,-77.028
4391,4D66343,Multiple_Gunshots,2017-11-13,19:47:02,WashingtonDC4D,38.935,-77.026
4392,6D200165,Single_Gunshot,2017-11-13,20:41:55,WashingtonDC6D,38.887,-76.951
4393,6D200166,Gunshot_or_Firecracker,2017-11-13,20:46:33,WashingtonDC6D,38.894,-76.922
4394,6D200167,Gunshot_or_Firecracker,2017-11-13,22:15:11,WashingtonDC6D,38.88,-76.932
4395,6D200175,Single_Gunshot,2017-11-13,22:41:28,WashingtonDC6D,38.91,-76.939
4396,4D66349,Multiple_Gunshots,2017-11-13,23:12:12,WashingtonDC4D,38.957,-77.023
4397,7D256721,Gunshot_or_Firecracker,2017-11-14,01:09:28,WashingtonDC7D,38.866,-76.983
4398,6D200177,Multiple_Gunshots,2017-11-14,01:20:27,WashingtonDC6D,38.898,-76.939
4399,6D200178,Single_Gunshot,2017-11-14,03:50:50,WashingtonDC6D,38.894,-76.926
4400,6D200189,Multiple_Gunshots,2017-11-14,19:04:12,WashingtonDC6D,38.894,-76.921
4401,7D256748,Multiple_Gunshots,2017-11-14,19:39:58,WashingtonDC7D,38.844,-76.989
4402,7D256749,Single_Gunshot,2017-11-14,19:40:13,WashingtonDC7D,38.844,-76.99
4403,7D256755,Gunshot_or_Firecracker,2017-11-14,20:33:41,WashingtonDC7D,38.863,-76.989
4404,7D256756,Gunshot_or_Firecracker,2017-11-14,20:45:42,WashingtonDC7D,38.828,-77.001
4405,6D200198,Multiple_Gunshots,2017-11-15,06:43:47,WashingtonDC6D,38.89,-76.928
4406,6D200199,Multiple_Gunshots,2017-11-15,06:43:56,WashingtonDC6D,38.889,-76.955
4407,6D200200,Multiple_Gunshots,2017-11-15,06:43:58,WashingtonDC6D,38.891,-76.956
4408,6D200205,Multiple_Gunshots,2017-11-15,17:04:32,WashingtonDC6D,38.903,-76.924
4409,7D256770,Multiple_Gunshots,2017-11-15,18:35:41,WashingtonDC7D,38.842,-76.987
4410,6D200206,Multiple_Gunshots,2017-11-15,18:44:47,WashingtonDC6D,38.903,-76.925
4411,6D200207,Multiple_Gunshots,2017-11-15,18:44:57,WashingtonDC6D,38.903,-76.925
4412,6D200208,Multiple_Gunshots,2017-11-15,18:50:34,WashingtonDC6D,38.905,-76.927
4413,6D200212,Single_Gunshot,2017-11-15,21:29:11,WashingtonDC6D,38.888,-76.924
4414,6D200213,Gunshot_or_Firecracker,2017-11-15,21:29:23,WashingtonDC6D,38.888,-76.924
4415,7D256778,Single_Gunshot,2017-11-15,22:30:10,WashingtonDC7D,38.834,-76.995
4416,7D256781,Single_Gunshot,2017-11-16,03:20:56,WashingtonDC7D,38.869,-76.979
4417,6D200217,Single_Gunshot,2017-11-16,03:20:56,WashingtonDC6D,38.869,-76.979
4418,6D200218,Gunshot_or_Firecracker,2017-11-16,07:33:58,WashingtonDC6D,38.9,-76.926
4419,6D200221,Multiple_Gunshots,2017-11-16,10:03:26,WashingtonDC6D,38.884,-76.957
4420,5D82518,Gunshot_or_Firecracker,2017-11-16,17:43:38,WashingtonDC5D,38.923,-77.01
4421,6D200226,Multiple_Gunshots,2017-11-16,23:05:03,WashingtonDC6D,38.886,-76.946
4422,5D82520,Multiple_Gunshots,2017-11-17,01:44:06,WashingtonDC5D,38.904,-76.976
4423,7D256798,Multiple_Gunshots,2017-11-17,18:23:44,WashingtonDC7D,38.842,-76.987
4424,5D82523,Multiple_Gunshots,2017-11-17,19:58:04,WashingtonDC5D,38.905,-76.983
4425,7D256800,Single_Gunshot,2017-11-17,20:02:06,WashingtonDC7D,38.831,-77.007
4426,6D200235,Multiple_Gunshots,2017-11-17,20:11:02,WashingtonDC6D,38.878,-76.93
4427,6D200236,Multiple_Gunshots,2017-11-17,20:11:14,WashingtonDC6D,38.877,-76.93
4428,6D200237,Single_Gunshot,2017-11-17,20:11:35,WashingtonDC6D,38.878,-76.93
4429,6D200240,Multiple_Gunshots,2017-11-17,20:34:15,WashingtonDC6D,38.877,-76.932
4430,6D200242,Multiple_Gunshots,2017-11-17,23:33:40,WashingtonDC6D,38.868,-76.969
4431,7D256805,Multiple_Gunshots,2017-11-18,00:10:45,WashingtonDC7D,38.833,-77.006
4432,7D256809,Gunshot_or_Firecracker,2017-11-18,01:47:58,WashingtonDC7D,38.856,-76.973
4433,7D256810,Single_Gunshot,2017-11-18,03:06:12,WashingtonDC7D,38.828,-76.997
4434,7D256812,Single_Gunshot,2017-11-18,05:57:46,WashingtonDC7D,38.827,-76.998
4435,6D200247,Single_Gunshot,2017-11-18,07:16:50,WashingtonDC6D,38.884,-76.932
4436,6D200255,Multiple_Gunshots,2017-11-18,15:26:06,WashingtonDC6D,38.881,-76.935
4437,6D200256,Multiple_Gunshots,2017-11-18,15:26:10,WashingtonDC6D,38.889,-76.934
4438,1D92794,Multiple_Gunshots,2017-11-18,17:44:42,WashingtonDC1D,38.873,-77.011
4439,6D200259,Single_Gunshot,2017-11-18,20:43:29,WashingtonDC6D,38.891,-76.95
4440,7D256821,Multiple_Gunshots,2017-11-18,20:54:13,WashingtonDC7D,38.826,-76.999
4441,7D256822,Multiple_Gunshots,2017-11-18,21:20:31,WashingtonDC7D,38.826,-76.998
4442,7D256827,Multiple_Gunshots,2017-11-18,22:27:29,WashingtonDC7D,38.861,-76.997
4443,5D82531,Multiple_Gunshots,2017-11-18,22:50:39,WashingtonDC5D,38.904,-77.014
4444,1D92796,Single_Gunshot,2017-11-18,22:50:43,WashingtonDC1D,38.891,-76.977
4445,7D256830,Multiple_Gunshots,2017-11-19,00:35:07,WashingtonDC7D,38.847,-76.973
4446,6D200263,Multiple_Gunshots,2017-11-19,01:36:25,WashingtonDC6D,38.876,-76.932
4447,4D66463,Multiple_Gunshots,2017-11-19,01:52:53,WashingtonDC4D,38.935,-77.024
4448,7D256839,Single_Gunshot,2017-11-19,11:26:37,WashingtonDC7D,38.833,-76.997
4449,7D256844,Multiple_Gunshots,2017-11-19,18:22:49,WashingtonDC7D,38.826,-76.998
4450,7D256845,Single_Gunshot,2017-11-19,19:10:48,WashingtonDC7D,38.846,-76.971
4451,6D200271,Multiple_Gunshots,2017-11-19,19:11:24,WashingtonDC6D,38.893,-76.949
4452,7D256846,Single_Gunshot,2017-11-19,19:13:15,WashingtonDC7D,38.846,-76.971
4453,6D200273,Single_Gunshot,2017-11-19,21:19:30,WashingtonDC6D,38.872,-76.978
4454,6D200274,Single_Gunshot,2017-11-19,21:46:29,WashingtonDC6D,38.893,-76.925
4455,7D256852,Multiple_Gunshots,2017-11-19,23:45:42,WashingtonDC7D,38.83,-77.002
4456,7D256853,Multiple_Gunshots,2017-11-19,23:45:53,WashingtonDC7D,38.83,-77.002
4457,6D200275,Multiple_Gunshots,2017-11-19,23:52:51,WashingtonDC6D,38.896,-76.927
4458,7D256855,Single_Gunshot,2017-11-20,01:46:01,WashingtonDC7D,38.841,-76.984
4459,6D200276,Single_Gunshot,2017-11-20,02:04:56,WashingtonDC6D,38.89,-76.951
4460,6D200277,Single_Gunshot,2017-11-20,02:05:06,WashingtonDC6D,38.89,-76.953
4461,5D82532,Single_Gunshot,2017-11-20,04:26:40,WashingtonDC5D,38.896,-76.984
4462,1D92798,Gunshot_or_Firecracker,2017-11-20,06:12:15,WashingtonDC1D,38.891,-76.987
4463,7D256863,Multiple_Gunshots,2017-11-20,21:21:16,WashingtonDC7D,38.826,-76.999
4464,6D200284,Multiple_Gunshots,2017-11-20,21:40:32,WashingtonDC6D,38.893,-76.928
4465,6D200285,Multiple_Gunshots,2017-11-20,21:40:36,WashingtonDC6D,38.893,-76.931
4466,7D256865,Multiple_Gunshots,2017-11-21,03:07:21,WashingtonDC7D,38.84,-76.989
4467,5D82550,Multiple_Gunshots,2017-11-21,15:25:07,WashingtonDC5D,38.915,-77.015
4468,6D200291,Gunshot_or_Firecracker,2017-11-21,18:59:41,WashingtonDC6D,38.887,-76.937
4469,5D82551,Multiple_Gunshots,2017-11-21,20:35:12,WashingtonDC5D,38.901,-76.984
4470,6D200293,Gunshot_or_Firecracker,2017-11-21,22:31:21,WashingtonDC6D,38.885,-76.959
4471,3D68332,Gunshot_or_Firecracker,2017-11-21,23:05:05,WashingtonDC3D,38.909,-77.019
4472,3D68333,Single_Gunshot,2017-11-21,23:06:12,WashingtonDC3D,38.909,-77.019
4473,6D200297,Single_Gunshot,2017-11-21,23:33:33,WashingtonDC6D,38.908,-76.931
4474,7D256873,Multiple_Gunshots,2017-11-21,23:43:22,WashingtonDC7D,38.834,-76.988
4475,6D200298,Multiple_Gunshots,2017-11-22,00:01:30,WashingtonDC6D,38.899,-76.945
4476,7D256874,Single_Gunshot,2017-11-22,01:33:19,WashingtonDC7D,38.836,-76.996
4477,6D200305,Multiple_Gunshots,2017-11-22,22:45:02,WashingtonDC6D,38.886,-76.926
4478,6D200306,Multiple_Gunshots,2017-11-22,22:48:45,WashingtonDC6D,38.896,-76.927
4479,7D256883,Single_Gunshot,2017-11-23,01:09:58,WashingtonDC7D,38.862,-76.986
4480,7D256884,Single_Gunshot,2017-11-23,02:09:40,WashingtonDC7D,38.846,-76.971
4481,6D200311,Gunshot_or_Firecracker,2017-11-23,03:52:04,WashingtonDC6D,38.889,-76.938
4482,5D82556,Single_Gunshot,2017-11-23,05:27:32,WashingtonDC5D,38.912,-76.986
4483,7D256887,Gunshot_or_Firecracker,2017-11-23,12:27:35,WashingtonDC7D,38.864,-76.981
4484,3D68336,Multiple_Gunshots,2017-11-23,13:26:57,WashingtonDC3D,38.919,-77.017
4485,6D200317,Multiple_Gunshots,2017-11-23,17:30:43,WashingtonDC6D,38.895,-76.935
4486,7D256889,Multiple_Gunshots,2017-11-23,19:07:58,WashingtonDC7D,38.853,-76.986
4487,7D256894,Gunshot_or_Firecracker,2017-11-23,21:25:33,WashingtonDC7D,38.831,-76.996
4488,6D200344,Multiple_Gunshots,2017-11-23,22:21:47,WashingtonDC6D,38.889,-76.925
4489,5D82566,Multiple_Gunshots,2017-11-23,23:16:06,WashingtonDC5D,38.908,-76.982
4490,5D82567,Multiple_Gunshots,2017-11-23,23:16:12,WashingtonDC5D,38.905,-76.984
4491,7D256899,Gunshot_or_Firecracker,2017-11-23,23:23:02,WashingtonDC7D,38.845,-76.999
4492,7D256901,Single_Gunshot,2017-11-24,00:29:02,WashingtonDC7D,38.847,-76.97
4493,6D200347,Multiple_Gunshots,2017-11-24,01:47:23,WashingtonDC6D,38.893,-76.914
4494,6D200348,Multiple_Gunshots,2017-11-24,01:47:26,WashingtonDC6D,38.893,-76.915
4495,6D200349,Multiple_Gunshots,2017-11-24,03:32:19,WashingtonDC6D,38.896,-76.932
4496,6D200350,Multiple_Gunshots,2017-11-24,03:48:09,WashingtonDC6D,38.894,-76.923
4497,7D256906,Multiple_Gunshots,2017-11-24,04:44:36,WashingtonDC7D,38.852,-76.974
4498,4D66492,Single_Gunshot,2017-11-24,15:47:53,WashingtonDC4D,38.929,-77.036
4499,3D68342,Single_Gunshot,2017-11-24,17:00:39,WashingtonDC3D,38.905,-77.024
4500,7D256911,Single_Gunshot,2017-11-24,17:44:58,WashingtonDC7D,38.86,-76.99
4501,7D256916,Multiple_Gunshots,2017-11-24,19:51:40,WashingtonDC7D,38.832,-76.989
4502,6D200360,Single_Gunshot,2017-11-24,20:47:56,WashingtonDC6D,38.896,-76.927
4503,5D82575,Multiple_Gunshots,2017-11-24,23:22:56,WashingtonDC5D,38.908,-76.987
4504,6D200361,Multiple_Gunshots,2017-11-25,00:40:59,WashingtonDC6D,38.893,-76.925
4505,6D200362,Gunshot_or_Firecracker,2017-11-25,00:42:19,WashingtonDC6D,38.89,-76.93
4506,6D200363,Single_Gunshot,2017-11-25,04:38:47,WashingtonDC6D,38.896,-76.915
4507,4D66493,Multiple_Gunshots,2017-11-25,13:35:23,WashingtonDC4D,38.948,-77.024
4508,6D200367,Multiple_Gunshots,2017-11-25,14:19:05,WashingtonDC6D,38.888,-76.917
4509,5D82576,Multiple_Gunshots,2017-11-25,17:28:47,WashingtonDC5D,38.917,-77.003
4510,7D256936,Multiple_Gunshots,2017-11-25,19:02:21,WashingtonDC7D,38.856,-76.973
4511,6D200369,Multiple_Gunshots,2017-11-25,19:17:39,WashingtonDC6D,38.894,-76.919
4512,1D92815,Multiple_Gunshots,2017-11-25,21:20:49,WashingtonDC1D,38.872,-77.015
4513,1D92816,Multiple_Gunshots,2017-11-25,21:21:43,WashingtonDC1D,38.872,-77.017
4514,7D256943,Multiple_Gunshots,2017-11-25,22:58:22,WashingtonDC7D,38.826,-76.996
4515,6D200371,Multiple_Gunshots,2017-11-25,23:05:57,WashingtonDC6D,38.883,-76.954
4516,6D200372,Single_Gunshot,2017-11-26,00:34:10,WashingtonDC6D,38.89,-76.947
4517,6D200373,Multiple_Gunshots,2017-11-26,00:34:22,WashingtonDC6D,38.891,-76.947
4518,7D256945,Multiple_Gunshots,2017-11-26,03:18:47,WashingtonDC7D,38.84,-77.005
4519,7D256946,Multiple_Gunshots,2017-11-26,03:55:07,WashingtonDC7D,38.841,-76.989
4520,5D82577,Gunshot_or_Firecracker,2017-11-26,11:20:10,WashingtonDC5D,38.913,-76.983
4521,5D82579,Multiple_Gunshots,2017-11-26,18:27:04,WashingtonDC5D,38.922,-76.999
4522,1D92818,Multiple_Gunshots,2017-11-26,19:42:44,WashingtonDC1D,38.873,-77.015
4523,4D66497,Multiple_Gunshots,2017-11-26,20:32:32,WashingtonDC4D,38.956,-77.018
4524,6D200380,Single_Gunshot,2017-11-26,20:49:44,WashingtonDC6D,38.887,-76.926
4525,7D256951,Single_Gunshot,2017-11-26,23:43:06,WashingtonDC7D,38.845,-76.979
4526,7D256953,Multiple_Gunshots,2017-11-27,02:22:34,WashingtonDC7D,38.858,-76.996
4527,7D256954,Multiple_Gunshots,2017-11-27,02:22:37,WashingtonDC7D,38.863,-76.987
4528,1D92819,Multiple_Gunshots,2017-11-27,02:22:37,WashingtonDC1D,38.866,-77.011
4529,6D200383,Multiple_Gunshots,2017-11-27,03:16:39,WashingtonDC6D,38.877,-76.932
4530,6D200384,Single_Gunshot,2017-11-27,05:30:02,WashingtonDC6D,38.882,-76.928
4531,3D68350,Single_Gunshot,2017-11-27,12:50:36,WashingtonDC3D,38.932,-77.023
4532,7D256977,Gunshot_or_Firecracker,2017-11-27,12:51:36,WashingtonDC7D,38.846,-76.99
4533,7D256981,Multiple_Gunshots,2017-11-27,17:19:58,WashingtonDC7D,38.853,-76.982
4534,6D200389,Gunshot_or_Firecracker,2017-11-27,20:17:34,WashingtonDC6D,38.877,-76.932
4535,6D200393,Single_Gunshot,2017-11-27,20:27:17,WashingtonDC6D,38.9,-76.92
4536,6D200394,Multiple_Gunshots,2017-11-27,20:35:50,WashingtonDC6D,38.895,-76.924
4537,6D200395,Multiple_Gunshots,2017-11-27,21:38:52,WashingtonDC6D,38.882,-76.961
4538,7D256993,Single_Gunshot,2017-11-27,22:36:27,WashingtonDC7D,38.851,-76.968
4539,6D200398,Multiple_Gunshots,2017-11-28,00:50:29,WashingtonDC6D,38.912,-76.935
4540,7D257000,Multiple_Gunshots,2017-11-28,02:51:31,WashingtonDC7D,38.833,-77.005
4541,7D257002,Single_Gunshot,2017-11-28,03:35:54,WashingtonDC7D,38.827,-77.006
4542,6D200401,Multiple_Gunshots,2017-11-28,04:45:14,WashingtonDC6D,38.893,-76.941
4543,6D200402,Multiple_Gunshots,2017-11-28,04:54:44,WashingtonDC6D,38.905,-76.926
4544,7D257010,Multiple_Gunshots,2017-11-28,14:52:42,WashingtonDC7D,38.853,-76.982
4545,7D257011,Multiple_Gunshots,2017-11-28,14:56:47,WashingtonDC7D,38.853,-76.982
4546,6D200410,Single_Gunshot,2017-11-28,16:36:30,WashingtonDC6D,38.897,-76.934
4547,6D200411,Multiple_Gunshots,2017-11-28,17:19:53,WashingtonDC6D,38.887,-76.926
4548,3D68361,Multiple_Gunshots,2017-11-28,21:06:22,WashingtonDC3D,38.932,-77.021
4549,6D200413,Multiple_Gunshots,2017-11-28,22:11:41,WashingtonDC6D,38.884,-76.956
4550,6D200414,Multiple_Gunshots,2017-11-28,22:28:46,WashingtonDC6D,38.893,-76.918
4551,6D200415,Multiple_Gunshots,2017-11-28,22:28:49,WashingtonDC6D,38.893,-76.918
4552,7D257022,Multiple_Gunshots,2017-11-28,23:44:31,WashingtonDC7D,38.867,-76.976
4553,7D257023,Gunshot_or_Firecracker,2017-11-28,23:49:07,WashingtonDC7D,38.832,-76.991
4554,5D82596,Multiple_Gunshots,2017-11-28,23:56:23,WashingtonDC5D,38.907,-76.988
4555,5D82597,Multiple_Gunshots,2017-11-28,23:56:29,WashingtonDC5D,38.91,-76.985
4556,7D257027,Single_Gunshot,2017-11-29,01:40:16,WashingtonDC7D,38.835,-77.007
4557,6D200425,Single_Gunshot,2017-11-29,18:45:24,WashingtonDC6D,38.893,-76.924
4558,5D82604,Single_Gunshot,2017-11-29,19:56:45,WashingtonDC5D,38.905,-76.981
4559,6D200427,Single_Gunshot,2017-11-29,20:37:51,WashingtonDC6D,38.898,-76.948
4560,6D200428,Single_Gunshot,2017-11-29,22:15:01,WashingtonDC6D,38.894,-76.914
4561,6D200429,Multiple_Gunshots,2017-11-30,00:07:38,WashingtonDC6D,38.882,-76.936
4562,7D257051,Multiple_Gunshots,2017-11-30,00:22:36,WashingtonDC7D,38.863,-76.981
4563,7D257052,Single_Gunshot,2017-11-30,00:35:28,WashingtonDC7D,38.841,-76.999
4564,5D82606,Single_Gunshot,2017-11-30,01:02:44,WashingtonDC5D,38.904,-76.976
4565,6D200430,Multiple_Gunshots,2017-11-30,02:01:51,WashingtonDC6D,38.911,-76.936
4566,5D82607,Single_Gunshot,2017-11-30,02:06:53,WashingtonDC5D,38.899,-76.979
4567,7D257053,Gunshot_or_Firecracker,2017-11-30,07:23:35,WashingtonDC7D,38.841,-76.987
4568,6D200438,Multiple_Gunshots,2017-11-30,11:36:42,WashingtonDC6D,38.881,-76.938
4569,7D257057,Multiple_Gunshots,2017-11-30,11:39:34,WashingtonDC7D,38.831,-76.988
4570,7D257064,Single_Gunshot,2017-11-30,15:59:42,WashingtonDC7D,38.827,-77.001
4571,5D82614,Multiple_Gunshots,2017-11-30,18:19:55,WashingtonDC5D,38.905,-76.981
4572,7D257067,Single_Gunshot,2017-11-30,18:50:21,WashingtonDC7D,38.861,-76.99
4573,1D92834,Single_Gunshot,2017-11-30,19:18:33,WashingtonDC1D,38.867,-77.011
4574,6D200443,Single_Gunshot,2017-11-30,19:20:40,WashingtonDC6D,38.886,-76.952
4575,7D257080,Multiple_Gunshots,2017-11-30,20:35:09,WashingtonDC7D,38.83,-76.997
4576,6D200444,Multiple_Gunshots,2017-11-30,22:00:57,WashingtonDC6D,38.887,-76.954
4577,6D200445,Single_Gunshot,2017-11-30,22:43:14,WashingtonDC6D,38.872,-76.976
4578,7D257083,Multiple_Gunshots,2017-12-01,00:03:59,WashingtonDC7D,38.847,-76.983
4579,1D92838,Multiple_Gunshots,2017-12-01,00:19:07,WashingtonDC1D,38.878,-77.015
4580,6D200447,Gunshot_or_Firecracker,2017-12-01,00:21:54,WashingtonDC6D,38.911,-76.935
4581,7D257085,Single_Gunshot,2017-12-01,02:28:27,WashingtonDC7D,38.832,-76.998
4582,7D257086,Single_Gunshot,2017-12-01,02:47:21,WashingtonDC7D,38.856,-76.97
4583,7D257087,Multiple_Gunshots,2017-12-01,04:10:54,WashingtonDC7D,38.827,-77.0
4584,7D257099,Single_Gunshot,2017-12-01,20:21:28,WashingtonDC7D,38.863,-76.983
4585,6D200454,Single_Gunshot,2017-12-01,21:53:07,WashingtonDC6D,38.893,-76.954
4586,6D200455,Multiple_Gunshots,2017-12-01,23:23:42,WashingtonDC6D,38.892,-76.945
4587,7D257103,Multiple_Gunshots,2017-12-02,00:17:20,WashingtonDC7D,38.839,-77.0
4588,7D257108,Single_Gunshot,2017-12-02,01:07:24,WashingtonDC7D,38.856,-76.973
4589,6D200457,Multiple_Gunshots,2017-12-02,01:53:51,WashingtonDC6D,38.888,-76.953
4590,3D68377,Gunshot_or_Firecracker,2017-12-02,05:38:16,WashingtonDC3D,38.931,-77.024
4591,6D200466,Single_Gunshot,2017-12-02,21:15:51,WashingtonDC6D,38.886,-76.936
4592,6D200467,Multiple_Gunshots,2017-12-02,21:39:10,WashingtonDC6D,38.896,-76.916
4593,7D257143,Multiple_Gunshots,2017-12-02,22:37:23,WashingtonDC7D,38.856,-76.972
4594,7D257145,Multiple_Gunshots,2017-12-02,22:37:36,WashingtonDC7D,38.856,-76.973
4595,7D257149,Multiple_Gunshots,2017-12-02,22:37:48,WashingtonDC7D,38.865,-76.979
4596,7D257150,Multiple_Gunshots,2017-12-02,22:37:54,WashingtonDC7D,38.856,-76.972
4597,5D82632,Multiple_Gunshots,2017-12-03,02:01:15,WashingtonDC5D,38.901,-76.978
4598,5D82633,Multiple_Gunshots,2017-12-03,02:05:20,WashingtonDC5D,38.902,-76.974
4599,7D257159,Single_Gunshot,2017-12-03,03:03:29,WashingtonDC7D,38.867,-76.982
4600,7D257160,Single_Gunshot,2017-12-03,04:03:47,WashingtonDC7D,38.844,-77.001
4601,1D92859,Single_Gunshot,2017-12-03,15:37:37,WashingtonDC1D,38.875,-77.012
4602,6D200471,Single_Gunshot,2017-12-03,16:14:07,WashingtonDC6D,38.891,-76.948
4603,6D200472,Multiple_Gunshots,2017-12-03,17:23:04,WashingtonDC6D,38.89,-76.941
4604,6D200473,Multiple_Gunshots,2017-12-03,18:12:20,WashingtonDC6D,38.905,-76.932
4605,6D200476,Multiple_Gunshots,2017-12-03,23:34:49,WashingtonDC6D,38.895,-76.942
4606,6D200477,Multiple_Gunshots,2017-12-04,01:05:10,WashingtonDC6D,38.893,-76.926
4607,7D257175,Multiple_Gunshots,2017-12-04,01:26:04,WashingtonDC7D,38.846,-77.002
4608,7D257184,Single_Gunshot,2017-12-04,11:55:53,WashingtonDC7D,38.837,-76.993
4609,5D82644,Single_Gunshot,2017-12-04,12:01:56,WashingtonDC5D,38.911,-76.982
4610,6D200480,Multiple_Gunshots,2017-12-04,12:23:04,WashingtonDC6D,38.889,-76.955
4611,5D82648,Single_Gunshot,2017-12-04,19:34:41,WashingtonDC5D,38.904,-76.976
4612,7D257192,Single_Gunshot,2017-12-04,21:00:08,WashingtonDC7D,38.846,-76.978
4613,6D200482,Gunshot_or_Firecracker,2017-12-04,21:32:42,WashingtonDC6D,38.887,-76.951
4614,6D200483,Multiple_Gunshots,2017-12-04,21:33:07,WashingtonDC6D,38.887,-76.951
4615,6D200484,Multiple_Gunshots,2017-12-04,21:33:14,WashingtonDC6D,38.887,-76.951
4616,6D200488,Single_Gunshot,2017-12-04,23:55:13,WashingtonDC6D,38.909,-76.935
4617,7D257199,Multiple_Gunshots,2017-12-05,02:06:56,WashingtonDC7D,38.83,-76.997
4618,7D257201,Multiple_Gunshots,2017-12-05,04:32:08,WashingtonDC7D,38.844,-76.977
4619,7D257202,Single_Gunshot,2017-12-05,04:32:12,WashingtonDC7D,38.844,-76.977
4620,6D200500,Multiple_Gunshots,2017-12-05,17:21:22,WashingtonDC6D,38.887,-76.953
4621,7D257204,Gunshot_or_Firecracker,2017-12-05,19:49:00,WashingtonDC7D,38.842,-76.998
4622,6D200501,Multiple_Gunshots,2017-12-05,21:06:48,WashingtonDC6D,38.893,-76.953
4623,7D257206,Single_Gunshot,2017-12-05,21:09:57,WashingtonDC7D,38.841,-76.998
4624,5D82660,Multiple_Gunshots,2017-12-06,00:16:24,WashingtonDC5D,38.921,-76.982
4625,5D82661,Multiple_Gunshots,2017-12-06,00:16:30,WashingtonDC5D,38.921,-76.983
4626,7D257210,Single_Gunshot,2017-12-06,00:20:30,WashingtonDC7D,38.829,-77.003
4627,6D200502,Gunshot_or_Firecracker,2017-12-06,01:37:35,WashingtonDC6D,38.887,-76.957
4628,6D200508,Single_Gunshot,2017-12-06,21:45:16,WashingtonDC6D,38.883,-76.947
4629,6D200509,Single_Gunshot,2017-12-06,22:53:54,WashingtonDC6D,38.876,-76.932
4630,4D66625,Multiple_Gunshots,2017-12-06,23:46:06,WashingtonDC4D,38.949,-77.017
4631,7D257224,Single_Gunshot,2017-12-07,01:01:24,WashingtonDC7D,38.849,-76.976
4632,7D257225,Multiple_Gunshots,2017-12-07,02:52:54,WashingtonDC7D,38.845,-76.989
4633,4D66626,Single_Gunshot,2017-12-07,06:45:42,WashingtonDC4D,38.953,-77.025
4634,7D257229,Multiple_Gunshots,2017-12-07,10:53:43,WashingtonDC7D,38.864,-76.981
4635,7D257230,Multiple_Gunshots,2017-12-07,10:53:45,WashingtonDC7D,38.866,-76.98
4636,4D66635,Single_Gunshot,2017-12-07,18:12:21,WashingtonDC4D,38.956,-77.024
4637,7D257246,Single_Gunshot,2017-12-07,20:05:14,WashingtonDC7D,38.842,-76.994
4638,7D257250,Gunshot_or_Firecracker,2017-12-07,21:01:29,WashingtonDC7D,38.859,-76.993
4639,7D257251,Single_Gunshot,2017-12-07,21:05:14,WashingtonDC7D,38.85,-76.972
4640,6D200515,Multiple_Gunshots,2017-12-07,23:35:11,WashingtonDC6D,38.888,-76.934
4641,6D200516,Multiple_Gunshots,2017-12-07,23:52:18,WashingtonDC6D,38.896,-76.955
4642,6D200518,Single_Gunshot,2017-12-08,04:12:57,WashingtonDC6D,38.884,-76.946
4643,5D82678,Multiple_Gunshots,2017-12-08,05:05:42,WashingtonDC5D,38.899,-76.974
4644,6D200519,Gunshot_or_Firecracker,2017-12-08,06:07:33,WashingtonDC6D,38.887,-76.929
4645,6D200520,Multiple_Gunshots,2017-12-08,06:07:40,WashingtonDC6D,38.887,-76.929
4646,6D200521,Multiple_Gunshots,2017-12-08,09:06:13,WashingtonDC6D,38.881,-76.935
4647,6D200531,Single_Gunshot,2017-12-08,12:56:50,WashingtonDC6D,38.898,-76.944
4648,6D200533,Multiple_Gunshots,2017-12-08,18:05:10,WashingtonDC6D,38.869,-76.949
4649,7D257271,Multiple_Gunshots,2017-12-08,18:53:34,WashingtonDC7D,38.856,-76.973
4650,7D257272,Multiple_Gunshots,2017-12-08,18:53:46,WashingtonDC7D,38.856,-76.973
4651,7D257273,Multiple_Gunshots,2017-12-08,18:53:47,WashingtonDC7D,38.856,-76.973
4652,7D257275,Multiple_Gunshots,2017-12-08,18:58:46,WashingtonDC7D,38.863,-76.983
4653,7D257279,Multiple_Gunshots,2017-12-08,21:08:45,WashingtonDC7D,38.856,-76.974
4654,7D257280,Multiple_Gunshots,2017-12-08,21:51:42,WashingtonDC7D,38.856,-76.973
4655,7D257281,Multiple_Gunshots,2017-12-08,21:51:47,WashingtonDC7D,38.854,-76.974
4656,7D257282,Multiple_Gunshots,2017-12-08,21:51:49,WashingtonDC7D,38.854,-76.974
4657,6D200536,Multiple_Gunshots,2017-12-08,22:30:15,WashingtonDC6D,38.893,-76.911
4658,6D200542,Multiple_Gunshots,2017-12-09,18:47:43,WashingtonDC6D,38.884,-76.93
4659,6D200543,Multiple_Gunshots,2017-12-09,22:13:30,WashingtonDC6D,38.895,-76.93
4660,6D200544,Single_Gunshot,2017-12-09,22:56:28,WashingtonDC6D,38.895,-76.914
4661,6D200548,Multiple_Gunshots,2017-12-10,00:47:39,WashingtonDC6D,38.908,-76.938
4662,7D257296,Gunshot_or_Firecracker,2017-12-10,01:34:01,WashingtonDC7D,38.834,-77.005
4663,6D200550,Single_Gunshot,2017-12-10,02:11:29,WashingtonDC6D,38.877,-76.94
4664,6D200551,Multiple_Gunshots,2017-12-10,02:19:59,WashingtonDC6D,38.89,-76.934
4665,6D200557,Multiple_Gunshots,2017-12-10,15:22:32,WashingtonDC6D,38.899,-76.95
4666,6D200559,Multiple_Gunshots,2017-12-10,19:52:30,WashingtonDC6D,38.906,-76.929
4667,1D92898,Multiple_Gunshots,2017-12-10,22:39:18,WashingtonDC1D,38.875,-77.011
4668,6D200562,Multiple_Gunshots,2017-12-11,01:32:13,WashingtonDC6D,38.881,-76.962
4669,6D200563,Multiple_Gunshots,2017-12-11,02:00:42,WashingtonDC6D,38.898,-76.949
4670,6D200564,Gunshot_or_Firecracker,2017-12-11,02:00:45,WashingtonDC6D,38.898,-76.949
4671,6D200565,Single_Gunshot,2017-12-11,02:37:44,WashingtonDC6D,38.911,-76.936
4672,4D66650,Gunshot_or_Firecracker,2017-12-11,15:41:11,WashingtonDC4D,38.954,-77.022
4673,4D66654,Multiple_Gunshots,2017-12-11,18:52:48,WashingtonDC4D,38.94,-77.024
4674,6D200573,Multiple_Gunshots,2017-12-11,18:53:09,WashingtonDC6D,38.883,-76.929
4675,7D257316,Multiple_Gunshots,2017-12-11,18:57:36,WashingtonDC7D,38.858,-76.969
4676,6D200574,Multiple_Gunshots,2017-12-11,20:18:02,WashingtonDC6D,38.899,-76.947
4677,3D68403,Multiple_Gunshots,2017-12-11,21:00:45,WashingtonDC3D,38.928,-77.031
4678,6D200576,Multiple_Gunshots,2017-12-11,22:04:48,WashingtonDC6D,38.88,-76.962
4679,5D82706,Multiple_Gunshots,2017-12-11,22:04:54,WashingtonDC5D,38.895,-76.977
4680,6D200577,Multiple_Gunshots,2017-12-11,22:04:59,WashingtonDC6D,38.881,-76.962
4681,6D200578,Multiple_Gunshots,2017-12-11,23:23:11,WashingtonDC6D,38.896,-76.931
4682,7D257321,Multiple_Gunshots,2017-12-11,23:33:03,WashingtonDC7D,38.836,-77.001
4683,7D257322,Single_Gunshot,2017-12-12,00:19:07,WashingtonDC7D,38.837,-77.003
4684,6D200579,Single_Gunshot,2017-12-12,00:50:46,WashingtonDC6D,38.89,-76.936
4685,5D82707,Multiple_Gunshots,2017-12-12,01:46:31,WashingtonDC5D,38.896,-76.981
4686,6D200585,Multiple_Gunshots,2017-12-12,14:48:01,WashingtonDC6D,38.892,-76.924
4687,5D82714,Single_Gunshot,2017-12-12,20:51:20,WashingtonDC5D,38.9,-76.976
4688,7D257346,Multiple_Gunshots,2017-12-12,22:21:01,WashingtonDC7D,38.856,-76.972
4689,6D200587,Single_Gunshot,2017-12-13,00:39:33,WashingtonDC6D,38.887,-76.921
4690,7D257349,Gunshot_or_Firecracker,2017-12-13,11:23:31,WashingtonDC7D,38.841,-76.999
4691,7D257352,Single_Gunshot,2017-12-13,17:29:15,WashingtonDC7D,38.829,-77.002
4692,6D200589,Multiple_Gunshots,2017-12-13,19:41:15,WashingtonDC6D,38.893,-76.929
4693,5D82720,Single_Gunshot,2017-12-13,19:55:04,WashingtonDC5D,38.907,-76.986
4694,7D257359,Multiple_Gunshots,2017-12-13,20:56:39,WashingtonDC7D,38.856,-76.974
4695,7D257362,Multiple_Gunshots,2017-12-13,22:20:02,WashingtonDC7D,38.855,-76.972
4696,5D82721,Multiple_Gunshots,2017-12-14,10:44:05,WashingtonDC5D,38.915,-76.988
4697,6D200593,Multiple_Gunshots,2017-12-14,10:45:46,WashingtonDC6D,38.894,-76.926
4698,6D200595,Multiple_Gunshots,2017-12-14,11:35:25,WashingtonDC6D,38.865,-76.983
4699,6D200596,Multiple_Gunshots,2017-12-14,11:35:35,WashingtonDC6D,38.864,-76.983
4700,7D257371,Multiple_Gunshots,2017-12-14,15:54:13,WashingtonDC7D,38.857,-76.973
4701,5D82724,Multiple_Gunshots,2017-12-14,17:42:59,WashingtonDC5D,38.918,-77.016
4702,7D257372,Multiple_Gunshots,2017-12-14,17:56:29,WashingtonDC7D,38.855,-76.972
4703,7D257373,Multiple_Gunshots,2017-12-14,17:56:32,WashingtonDC7D,38.855,-76.972
4704,7D257375,Multiple_Gunshots,2017-12-14,17:56:44,WashingtonDC7D,38.855,-76.972
4705,7D257378,Multiple_Gunshots,2017-12-14,19:16:30,WashingtonDC7D,38.849,-76.972
4706,6D200604,Multiple_Gunshots,2017-12-14,23:10:55,WashingtonDC6D,38.899,-76.939
4707,6D200605,Single_Gunshot,2017-12-14,23:10:59,WashingtonDC6D,38.899,-76.939
4708,6D200606,Multiple_Gunshots,2017-12-14,23:11:00,WashingtonDC6D,38.899,-76.939
4709,6D200607,Multiple_Gunshots,2017-12-14,23:11:45,WashingtonDC6D,38.899,-76.939
4710,6D200608,Single_Gunshot,2017-12-15,00:22:38,WashingtonDC6D,38.894,-76.923
4711,6D200609,Multiple_Gunshots,2017-12-15,00:22:45,WashingtonDC6D,38.894,-76.923
4712,5D82730,Multiple_Gunshots,2017-12-15,00:47:48,WashingtonDC5D,38.899,-76.983
4713,7D257386,Multiple_Gunshots,2017-12-15,12:04:30,WashingtonDC7D,38.862,-76.982
4714,5D82732,Single_Gunshot,2017-12-15,19:15:22,WashingtonDC5D,38.907,-76.985
4715,5D82733,Single_Gunshot,2017-12-15,19:20:01,WashingtonDC5D,38.9,-76.984
4716,6D200614,Multiple_Gunshots,2017-12-15,21:37:39,WashingtonDC6D,38.877,-76.932
4717,6D200615,Single_Gunshot,2017-12-15,21:52:37,WashingtonDC6D,38.894,-76.924
4718,6D200617,Multiple_Gunshots,2017-12-15,23:59:40,WashingtonDC6D,38.894,-76.929
4719,6D200618,Multiple_Gunshots,2017-12-16,00:03:30,WashingtonDC6D,38.867,-76.985
4720,7D257399,Multiple_Gunshots,2017-12-16,00:26:07,WashingtonDC7D,38.841,-76.999
4721,6D200620,Multiple_Gunshots,2017-12-16,01:19:00,WashingtonDC6D,38.893,-76.947
4722,6D200621,Multiple_Gunshots,2017-12-16,01:19:07,WashingtonDC6D,38.893,-76.944
4723,6D200622,Multiple_Gunshots,2017-12-16,01:19:09,WashingtonDC6D,38.894,-76.947
4724,7D257401,Multiple_Gunshots,2017-12-16,04:22:54,WashingtonDC7D,38.846,-76.972
4725,7D257425,Single_Gunshot,2017-12-16,13:11:28,WashingtonDC7D,38.847,-76.972
4726,6D200628,Single_Gunshot,2017-12-16,16:48:18,WashingtonDC6D,38.889,-76.936
4727,5D82740,Gunshot_or_Firecracker,2017-12-17,00:30:54,WashingtonDC5D,38.906,-76.985
4728,6D200632,Multiple_Gunshots,2017-12-17,01:22:00,WashingtonDC6D,38.894,-76.93
4729,6D200633,Multiple_Gunshots,2017-12-17,01:54:54,WashingtonDC6D,38.898,-76.933
4730,7D257434,Multiple_Gunshots,2017-12-17,02:08:38,WashingtonDC7D,38.852,-76.971
4731,6D200639,Multiple_Gunshots,2017-12-17,03:44:27,WashingtonDC6D,38.881,-76.938
4732,7D257440,Single_Gunshot,2017-12-17,16:37:25,WashingtonDC7D,38.846,-76.977
4733,7D257444,Multiple_Gunshots,2017-12-17,17:53:30,WashingtonDC7D,38.833,-76.998
4734,6D200644,Multiple_Gunshots,2017-12-17,18:21:50,WashingtonDC6D,38.895,-76.928
4735,7D257445,Multiple_Gunshots,2017-12-17,19:05:32,WashingtonDC7D,38.836,-77.003
4736,5D82746,Multiple_Gunshots,2017-12-17,21:07:30,WashingtonDC5D,38.899,-76.979
4737,7D257446,Single_Gunshot,2017-12-17,21:37:34,WashingtonDC7D,38.842,-76.997
4738,6D200650,Single_Gunshot,2017-12-17,23:44:25,WashingtonDC6D,38.896,-76.935
4739,6D200652,Single_Gunshot,2017-12-18,00:57:51,WashingtonDC6D,38.891,-76.922
4740,5D82763,Multiple_Gunshots,2017-12-18,17:18:58,WashingtonDC5D,38.9,-76.974
4741,7D257470,Multiple_Gunshots,2017-12-18,20:04:22,WashingtonDC7D,38.872,-76.974
4742,5D82765,Multiple_Gunshots,2017-12-18,21:22:22,WashingtonDC5D,38.906,-77.013
4743,5D82767,Multiple_Gunshots,2017-12-18,21:55:24,WashingtonDC5D,38.901,-76.974
4744,7D257476,Multiple_Gunshots,2017-12-18,23:09:16,WashingtonDC7D,38.826,-76.998
4745,7D257477,Multiple_Gunshots,2017-12-18,23:10:22,WashingtonDC7D,38.859,-76.991
4746,7D257479,Multiple_Gunshots,2017-12-19,00:21:05,WashingtonDC7D,38.869,-76.975
4747,6D200666,Multiple_Gunshots,2017-12-19,00:21:07,WashingtonDC6D,38.868,-76.973
4748,7D257480,Multiple_Gunshots,2017-12-19,00:21:10,WashingtonDC7D,38.853,-76.968
4749,6D200669,Multiple_Gunshots,2017-12-19,01:18:51,WashingtonDC6D,38.884,-76.929
4750,7D257482,Single_Gunshot,2017-12-19,02:41:07,WashingtonDC7D,38.842,-76.982
4751,7D257483,Multiple_Gunshots,2017-12-19,02:43:40,WashingtonDC7D,38.864,-76.984
4752,7D257484,Single_Gunshot,2017-12-19,03:37:07,WashingtonDC7D,38.853,-76.972
4753,5D82768,Multiple_Gunshots,2017-12-19,04:45:06,WashingtonDC5D,38.896,-76.977
4754,6D200673,Multiple_Gunshots,2017-12-19,12:33:29,WashingtonDC6D,38.887,-76.952
4755,6D200674,Gunshot_or_Firecracker,2017-12-19,12:33:58,WashingtonDC6D,38.887,-76.95
4756,6D200683,Multiple_Gunshots,2017-12-19,19:33:59,WashingtonDC6D,38.91,-76.937
4757,7D257504,Single_Gunshot,2017-12-19,20:12:54,WashingtonDC7D,38.829,-76.996
4758,6D200684,Single_Gunshot,2017-12-19,20:52:44,WashingtonDC6D,38.893,-76.928
4759,6D200685,Single_Gunshot,2017-12-19,20:52:57,WashingtonDC6D,38.893,-76.928
4760,7D257513,Multiple_Gunshots,2017-12-20,00:04:12,WashingtonDC7D,38.85,-76.971
4761,7D257514,Single_Gunshot,2017-12-20,00:07:51,WashingtonDC7D,38.855,-76.991
4762,6D200689,Multiple_Gunshots,2017-12-20,02:20:20,WashingtonDC6D,38.895,-76.927
4763,7D257520,Multiple_Gunshots,2017-12-20,14:10:54,WashingtonDC7D,38.827,-76.999
4764,3D68456,Multiple_Gunshots,2017-12-20,19:21:34,WashingtonDC3D,38.921,-77.025
4765,6D200696,Multiple_Gunshots,2017-12-20,19:28:00,WashingtonDC6D,38.911,-76.937
4766,6D200697,Multiple_Gunshots,2017-12-20,19:29:12,WashingtonDC6D,38.91,-76.936
4767,6D200699,Single_Gunshot,2017-12-20,21:51:41,WashingtonDC6D,38.896,-76.925
4768,6D200700,Multiple_Gunshots,2017-12-20,22:03:56,WashingtonDC6D,38.893,-76.924
4769,6D200701,Single_Gunshot,2017-12-20,22:57:13,WashingtonDC6D,38.893,-76.955
4770,7D257531,Multiple_Gunshots,2017-12-20,23:38:13,WashingtonDC7D,38.847,-76.997
4771,7D257532,Multiple_Gunshots,2017-12-20,23:38:20,WashingtonDC7D,38.84,-77.0
4772,7D257535,Single_Gunshot,2017-12-21,00:36:18,WashingtonDC7D,38.829,-77.0
4773,6D200703,Gunshot_or_Firecracker,2017-12-21,01:56:31,WashingtonDC6D,38.882,-76.935
4774,7D257540,Gunshot_or_Firecracker,2017-12-21,02:38:10,WashingtonDC7D,38.828,-77.001
4775,6D200707,Multiple_Gunshots,2017-12-21,03:05:51,WashingtonDC6D,38.892,-76.913
4776,3D68458,Single_Gunshot,2017-12-21,05:51:49,WashingtonDC3D,38.931,-77.023
4777,6D200713,Single_Gunshot,2017-12-21,19:35:24,WashingtonDC6D,38.899,-76.918
4778,6D200714,Single_Gunshot,2017-12-21,20:02:51,WashingtonDC6D,38.884,-76.927
4779,7D257558,Multiple_Gunshots,2017-12-21,22:16:31,WashingtonDC7D,38.853,-76.973
4780,6D200719,Multiple_Gunshots,2017-12-21,23:12:53,WashingtonDC6D,38.911,-76.937
4781,6D200720,Multiple_Gunshots,2017-12-21,23:34:52,WashingtonDC6D,38.894,-76.922
4782,7D257560,Multiple_Gunshots,2017-12-22,03:35:40,WashingtonDC7D,38.849,-76.968
4783,6D200728,Gunshot_or_Firecracker,2017-12-22,12:41:37,WashingtonDC6D,38.868,-76.97
4784,6D200730,Gunshot_or_Firecracker,2017-12-22,13:46:24,WashingtonDC6D,38.883,-76.94
4785,6D200731,Multiple_Gunshots,2017-12-22,14:01:10,WashingtonDC6D,38.888,-76.949
4786,6D200733,Multiple_Gunshots,2017-12-22,17:56:05,WashingtonDC6D,38.894,-76.919
4787,6D200734,Multiple_Gunshots,2017-12-22,19:02:18,WashingtonDC6D,38.882,-76.927
4788,6D200742,Single_Gunshot,2017-12-22,20:51:51,WashingtonDC6D,38.889,-76.917
4789,7D257580,Multiple_Gunshots,2017-12-22,22:00:40,WashingtonDC7D,38.831,-77.007
4790,6D200753,Single_Gunshot,2017-12-22,23:04:07,WashingtonDC6D,38.893,-76.91
4791,6D200754,Single_Gunshot,2017-12-23,00:18:12,WashingtonDC6D,38.888,-76.925
4792,4D66728,Multiple_Gunshots,2017-12-23,02:50:01,WashingtonDC4D,38.955,-77.027
4793,4D66729,Multiple_Gunshots,2017-12-23,02:50:05,WashingtonDC4D,38.955,-77.027
4794,4D66730,Multiple_Gunshots,2017-12-23,02:50:06,WashingtonDC4D,38.955,-77.027
4795,5D82812,Multiple_Gunshots,2017-12-23,04:06:16,WashingtonDC5D,38.904,-76.983
4796,7D257597,Multiple_Gunshots,2017-12-23,11:48:44,WashingtonDC7D,38.846,-76.997
4797,3D68471,Gunshot_or_Firecracker,2017-12-23,15:10:54,WashingtonDC3D,38.917,-77.016
4798,5D82829,Multiple_Gunshots,2017-12-23,20:45:34,WashingtonDC5D,38.907,-76.984
4799,7D257600,Gunshot_or_Firecracker,2017-12-23,22:01:07,WashingtonDC7D,38.843,-76.978
4800,6D200762,Multiple_Gunshots,2017-12-23,22:24:05,WashingtonDC6D,38.894,-76.93
4801,7D257601,Multiple_Gunshots,2017-12-23,22:55:06,WashingtonDC7D,38.845,-76.977
4802,6D200763,Single_Gunshot,2017-12-23,23:19:17,WashingtonDC6D,38.889,-76.925
4803,6D200764,Single_Gunshot,2017-12-23,23:56:56,WashingtonDC6D,38.889,-76.92
4804,7D257609,Multiple_Gunshots,2017-12-24,12:29:03,WashingtonDC7D,38.828,-76.991
4805,7D257610,Single_Gunshot,2017-12-24,12:29:20,WashingtonDC7D,38.828,-76.992
4806,7D257614,Multiple_Gunshots,2017-12-24,14:24:37,WashingtonDC7D,38.844,-76.978
4807,7D257615,Single_Gunshot,2017-12-24,14:24:50,WashingtonDC7D,38.845,-76.978
4808,7D257623,Multiple_Gunshots,2017-12-24,22:39:04,WashingtonDC7D,38.833,-77.007
4809,6D200777,Multiple_Gunshots,2017-12-25,00:22:50,WashingtonDC6D,38.887,-76.95
4810,7D257627,Single_Gunshot,2017-12-25,01:43:28,WashingtonDC7D,38.847,-77.0
4811,7D257629,Multiple_Gunshots,2017-12-25,01:43:53,WashingtonDC7D,38.862,-76.994
4812,7D257631,Multiple_Gunshots,2017-12-25,01:43:56,WashingtonDC7D,38.846,-77.002
4813,7D257635,Single_Gunshot,2017-12-25,02:59:13,WashingtonDC7D,38.828,-76.997
4814,7D257636,Gunshot_or_Firecracker,2017-12-25,03:55:52,WashingtonDC7D,38.844,-76.977
4815,6D200784,Multiple_Gunshots,2017-12-25,03:57:28,WashingtonDC6D,38.868,-76.966
4816,7D257645,Multiple_Gunshots,2017-12-25,19:43:39,WashingtonDC7D,38.843,-76.986
4817,7D257651,Single_Gunshot,2017-12-25,23:56:37,WashingtonDC7D,38.858,-76.997
4818,4D66748,Multiple_Gunshots,2017-12-26,00:12:46,WashingtonDC4D,38.934,-77.03
4819,4D66749,Multiple_Gunshots,2017-12-26,00:12:53,WashingtonDC4D,38.938,-77.028
4820,6D200813,Multiple_Gunshots,2017-12-26,08:31:24,WashingtonDC6D,38.896,-76.927
4821,6D200815,Multiple_Gunshots,2017-12-26,12:05:25,WashingtonDC6D,38.89,-76.955
4822,5D82865,Multiple_Gunshots,2017-12-26,17:14:00,WashingtonDC5D,38.923,-76.974
4823,6D200820,Multiple_Gunshots,2017-12-26,21:49:16,WashingtonDC6D,38.894,-76.923
4824,6D200821,Gunshot_or_Firecracker,2017-12-26,22:12:47,WashingtonDC6D,38.881,-76.939
4825,6D200822,Multiple_Gunshots,2017-12-26,22:13:44,WashingtonDC6D,38.881,-76.939
4826,6D200823,Gunshot_or_Firecracker,2017-12-26,22:34:02,WashingtonDC6D,38.9,-76.945
4827,6D200824,Multiple_Gunshots,2017-12-27,00:03:51,WashingtonDC6D,38.883,-76.96
4828,7D257667,Single_Gunshot,2017-12-27,18:30:33,WashingtonDC7D,38.846,-76.983
4829,7D257668,Single_Gunshot,2017-12-27,19:17:57,WashingtonDC7D,38.831,-77.006
4830,4D66753,Gunshot_or_Firecracker,2017-12-27,19:45:39,WashingtonDC4D,38.957,-77.028
4831,6D200828,Multiple_Gunshots,2017-12-27,23:23:48,WashingtonDC6D,38.907,-76.93
4832,7D257671,Single_Gunshot,2017-12-28,00:02:39,WashingtonDC7D,38.833,-77.004
4833,5D82881,Multiple_Gunshots,2017-12-28,00:51:11,WashingtonDC5D,38.899,-76.974
4834,7D257674,Multiple_Gunshots,2017-12-28,08:47:11,WashingtonDC7D,38.867,-76.979
4835,6D200829,Multiple_Gunshots,2017-12-28,11:20:50,WashingtonDC6D,38.905,-76.923
4836,7D257678,Multiple_Gunshots,2017-12-28,17:07:19,WashingtonDC7D,38.842,-76.987
4837,6D200831,Multiple_Gunshots,2017-12-28,21:30:22,WashingtonDC6D,38.887,-76.935
4838,6D200832,Multiple_Gunshots,2017-12-28,21:36:48,WashingtonDC6D,38.889,-76.919
4839,6D200834,Multiple_Gunshots,2017-12-29,02:38:22,WashingtonDC6D,38.904,-76.933
4840,5D82890,Multiple_Gunshots,2017-12-29,17:25:10,WashingtonDC5D,38.898,-76.982
4841,6D200843,Single_Gunshot,2017-12-29,18:18:04,WashingtonDC6D,38.898,-76.935
4842,7D257703,Multiple_Gunshots,2017-12-29,18:36:22,WashingtonDC7D,38.845,-76.998
4843,3D68499,Multiple_Gunshots,2017-12-29,19:44:53,WashingtonDC3D,38.923,-77.021
4844,6D200844,Multiple_Gunshots,2017-12-29,20:01:19,WashingtonDC6D,38.886,-76.952
4845,7D257704,Gunshot_or_Firecracker,2017-12-29,20:43:48,WashingtonDC7D,38.845,-76.987
4846,7D257706,Single_Gunshot,2017-12-29,20:44:16,WashingtonDC7D,38.845,-76.987
4847,7D257710,Single_Gunshot,2017-12-29,21:10:05,WashingtonDC7D,38.842,-76.986
4848,7D257712,Multiple_Gunshots,2017-12-30,00:13:53,WashingtonDC7D,38.833,-77.006
4849,7D257715,Multiple_Gunshots,2017-12-30,02:20:05,WashingtonDC7D,38.836,-77.002
4850,6D200846,Multiple_Gunshots,2017-12-30,02:21:15,WashingtonDC6D,38.882,-76.935
4851,7D257716,Multiple_Gunshots,2017-12-30,02:51:49,WashingtonDC7D,38.851,-76.972
4852,6D200847,Multiple_Gunshots,2017-12-30,03:13:19,WashingtonDC6D,38.882,-76.935
4853,6D200848,Single_Gunshot,2017-12-30,04:49:09,WashingtonDC6D,38.894,-76.923
4854,6D200849,Gunshot_or_Firecracker,2017-12-30,04:49:44,WashingtonDC6D,38.894,-76.924
4855,6D200850,Multiple_Gunshots,2017-12-30,05:03:14,WashingtonDC6D,38.882,-76.935
4856,6D200851,Multiple_Gunshots,2017-12-30,05:03:18,WashingtonDC6D,38.882,-76.935
4857,6D200857,Single_Gunshot,2017-12-30,17:37:51,WashingtonDC6D,38.894,-76.933
4858,1D93052,Multiple_Gunshots,2017-12-30,21:29:36,WashingtonDC1D,38.902,-76.994
4859,6D200859,Single_Gunshot,2017-12-30,21:29:46,WashingtonDC6D,38.876,-76.957
4860,6D200860,Multiple_Gunshots,2017-12-30,21:47:56,WashingtonDC6D,38.884,-76.948
4861,7D257726,Single_Gunshot,2017-12-30,23:05:00,WashingtonDC7D,38.844,-76.988
4862,6D200862,Single_Gunshot,2017-12-31,00:24:15,WashingtonDC6D,38.889,-76.926
4863,7D257729,Multiple_Gunshots,2017-12-31,01:19:42,WashingtonDC7D,38.857,-76.993
4864,7D257731,Single_Gunshot,2017-12-31,02:07:19,WashingtonDC7D,38.829,-77.006
4865,7D257733,Multiple_Gunshots,2017-12-31,05:16:44,WashingtonDC7D,38.857,-76.994
4866,7D257734,Multiple_Gunshots,2017-12-31,05:16:52,WashingtonDC7D,38.857,-76.993
4867,7D257737,Multiple_Gunshots,2017-12-31,13:45:23,WashingtonDC7D,38.856,-76.973
4868,7D257738,Multiple_Gunshots,2017-12-31,13:45:30,WashingtonDC7D,38.856,-76.973
4869,7D257740,Multiple_Gunshots,2017-12-31,14:29:36,WashingtonDC7D,38.863,-76.992
4870,5D82904,Gunshot_or_Firecracker,2017-12-31,16:53:11,WashingtonDC5D,38.915,-76.988
4871,7D257755,Multiple_Gunshots,2017-12-31,21:00:25,WashingtonDC7D,38.845,-76.973
4872,6D200878,Multiple_Gunshots,2017-12-31,21:54:09,WashingtonDC6D,38.895,-76.956
4873,5D82935,Multiple_Gunshots,2017-12-31,23:49:18,WashingtonDC5D,38.896,-76.981
4874,6D200894,Multiple_Gunshots,2017-12-31,23:58:48,WashingtonDC6D,38.887,-76.952
4875,7D257807,Multiple_Gunshots,2017-12-31,23:58:58,WashingtonDC7D,38.848,-76.976
4876,7D257810,Multiple_Gunshots,2017-12-31,23:59:22,WashingtonDC7D,38.83,-76.997
4877,7D257811,Multiple_Gunshots,2017-12-31,23:59:27,WashingtonDC7D,38.849,-76.978
4878,5D82952,Multiple_Gunshots,2017-12-31,23:59:40,WashingtonDC5D,38.912,-76.988
4879,7D257814,Multiple_Gunshots,2017-12-31,23:59:46,WashingtonDC7D,38.849,-76.978
4880,7D257815,Multiple_Gunshots,2017-12-31,23:59:58,WashingtonDC7D,38.85,-76.978
4881,6D200900,Multiple_Gunshots,2017-12-31,23:59:59,WashingtonDC6D,38.909,-76.938
